{"producer":{"name":"Blender","version":"2.78 (sub 0)","exporter_version":"5.3-beta","file":"worm.babylon"},
"autoClear":true,"clearColor":[0.0509,0.0509,0.0509],"ambientColor":[0,0,0],"gravity":[0,-9.81,0],
"materials":[{"name":"worm.torso","id":"worm.torso","ambient":[1,0.9062,0.6565],"diffuse":[1,0.9062,0.6565],"specular":[0,0,0],"emissive":[0,0,0],"specularPower":50,"alpha":1,"backFaceCulling":true,"checkReadyOnlyOnce":false,"maxSimultaneousLights":4},
{"name":"worm.head","id":"worm.head","ambient":[0.016,0.0092,0.0044],"diffuse":[0.016,0.0092,0.0044],"specular":[0.5,0.5,0.5],"emissive":[0,0,0],"specularPower":50,"alpha":1,"backFaceCulling":true,"checkReadyOnlyOnce":false,"maxSimultaneousLights":4, 
"diffuseTexture":{"name":"worm.png","level":1,"hasAlpha":1,"coordinatesMode":0,"uOffset":0,"vOffset":0,"uScale":1,"vScale":1,"uAng":0,"vAng":0,"wAng":0,"wrapU":1,"wrapV":1,"coordinatesIndex":0}}],
"multiMaterials":[{"name":"worm.Multimaterial#0","id":"worm.Multimaterial#0","materials":["worm.torso","worm.head"]}],
"skeletons":[{"name":"Armature","id":0,"dimensionsAtRest":[0,0,4.5054],"bones":[
{"name":"Bone","index":0,"matrix":[1,0,0,0,0,0,-1,0,0,-1,0,0,0,0,2.1029,1],"rest":[1,0,0,0,0,0,-1,0,0,-1,0,0,0,0,2.1029,1],"parentBoneIndex":-1,"length":1.0864
,"animation":{"dataType":3,"framePerSecond":24,"keys":[
{"frame":1,"values":[1,0,0,0,0,0,-1,0,0,-1,0,0,0,0,2.1029,1]},
{"frame":11,"values":[1,0,0,0,0,0,-1,0,0,-1,0,0,0,0,2.0319,1]},
{"frame":12,"values":[1,0,0,0,0,0,-1,0,0,-1,0,0,0,0,1.8252,1]},
{"frame":13,"values":[1,0,0,0,0,0,-1,0,0,-1,0,0,0,0,1.5282,1]},
{"frame":14,"values":[1,0,0,0,0,0,-1,0,0,-1,0,0,0,0,1.2312,1]},
{"frame":15,"values":[1,0,0,0,0,0,-1,0,0,-1,0,0,0,0,1.0245,1]},
{"frame":16,"values":[1,0,0,0,0,0,-1,0,0,-1,0,0,0,0,0.9535,1]},
{"frame":17,"values":[1,0,0,0,0,0,-1,0,0,-1,0,0,0,0,0.985,1]},
{"frame":18,"values":[1,0,0,0,0,0,-1,0,0,-1,0,0,0,0,1.0795,1]},
{"frame":19,"values":[1,0,0,0,0,0,-1,0,0,-1,0,0,0,0,1.2312,1]},
{"frame":20,"values":[1,0,0,0,0,0,-1,0,0,-1,0,0,0,0,1.4241,1]},
{"frame":21,"values":[1,0,0,0,0,0,-1,0,0,-1,0,0,0,0,1.6323,1]},
{"frame":22,"values":[1,0,0,0,0,0,-1,0,0,-1,0,0,0,0,1.8252,1]},
{"frame":23,"values":[1,0,0,0,0,0,-1,0,0,-1,0,0,0,0,1.9769,1]},
{"frame":24,"values":[1,0,0,0,0,0,-1,0,0,-1,0,0,0,0,2.0714,1]},
{"frame":25,"values":[1,0,0,0,0,0,-1,0,0,-1,0,0,0,0,2.1029,1]},
{"frame":31,"values":[1,0,0,0,0,0,-1,0,0,-1,0,0,0,0,2.1029,1]},
{"frame":32,"values":[1,0,0,0,0,0,-1,0,0,-1,0,0,0,0,2.1029,1]},
{"frame":41,"values":[1,0,0,0,0,0,-1,0,0,-1,0,0,0,0,2.1029,1]},
{"frame":42,"values":[1,0,0,0,0,0,-1,0,0,-1,0,0,0,0,2.1033,1]},
{"frame":43,"values":[1,0,0,0,0,0,-1,0,0,-1,0,0,0,0,2.1045,1]},
{"frame":44,"values":[1,0,0,0,0,0,-1,0,0,-1,0,0,0,0,2.1066,1]},
{"frame":45,"values":[1,0,0,0,0,0,-1,0,0,-1,0,0,0,0,2.1095,1]},
{"frame":46,"values":[1,0,0,0,0,0,-1,0,0,-1,0,0,0,0,2.1132,1]},
{"frame":47,"values":[1,0,0,0,0,0,-1,0,0,-1,0,0,0,0,2.1177,1]},
{"frame":48,"values":[1,0,0,0,0,0,-1,0,0,-1,0,0,0,0,2.1229,1]},
{"frame":49,"values":[1,0,0,0,0,0,-1,0,0,-1,0,0,0,0,2.129,1]},
{"frame":50,"values":[1,0,0,0,0,0,-1,0,0,-1,0,0,0,0,2.1357,1]},
{"frame":51,"values":[1,0,0,0,0,0,-1,0,0,-1,0,0,0,0,2.1429,1]},
{"frame":52,"values":[1,0,0,0,0,0,-1,0,0,-1,0,0,0,0,2.1508,1]},
{"frame":53,"values":[1,0,0,0,0,0,-1,0,0,-1,0,0,0,0,2.159,1]},
{"frame":54,"values":[1,0,0,0,0,0,-1,0,0,-1,0,0,0,0,2.1675,1]},
{"frame":55,"values":[1,0,0,0,0,0,-1,0,0,-1,0,0,0,0,2.1763,1]},
{"frame":56,"values":[1,0,0,0,0,0,-1,0,0,-1,0,0,0,0,2.1851,1]},
{"frame":57,"values":[1,0,0,0,0,0,-1,0,0,-1,0,0,0,0,2.1938,1]},
{"frame":58,"values":[1,0,0,0,0,0,-1,0,0,-1,0,0,0,0,2.2023,1]},
{"frame":59,"values":[1,0,0,0,0,0,-1,0,0,-1,0,0,0,0,2.2106,1]},
{"frame":60,"values":[1,0,0,0,0,0,-1,0,0,-1,0,0,0,0,2.2184,1]},
{"frame":61,"values":[1,0,0,0,0,0,-1,0,0,-1,0,0,0,0,2.2257,1]},
{"frame":62,"values":[1,0,0,0,0,0,-1,0,0,-1,0,0,0,0,2.2324,1]},
{"frame":63,"values":[1,0,0,0,0,0,-1,0,0,-1,0,0,0,0,2.2384,1]},
{"frame":64,"values":[1,0,0,0,0,0,-1,0,0,-1,0,0,0,0,2.2436,1]},
{"frame":65,"values":[1,0,0,0,0,0,-1,0,0,-1,0,0,0,0,2.2482,1]},
{"frame":66,"values":[1,0,0,0,0,0,-1,0,0,-1,0,0,0,0,2.2519,1]},
{"frame":67,"values":[1,0,0,0,0,0,-1,0,0,-1,0,0,0,0,2.2547,1]},
{"frame":68,"values":[1,0,0,0,0,0,-1,0,0,-1,0,0,0,0,2.2568,1]},
{"frame":69,"values":[1,0,0,0,0,0,-1,0,0,-1,0,0,0,0,2.258,1]},
{"frame":70,"values":[1,0,0,0,0,0,-1,0,0,-1,0,0,0,0,2.2584,1]},
{"frame":71,"values":[1,0,0,0,0,0,-1,0,0,-1,0,0,0,0,2.2581,1]},
{"frame":72,"values":[1,0,0,0,0,0,-1,0,0,-1,0,0,0,0,2.2569,1]},
{"frame":73,"values":[1,0,0,0,0,0,-1,0,0,-1,0,0,0,0,2.255,1]},
{"frame":74,"values":[1,0,0,0,0,0,-1,0,0,-1,0,0,0,0,2.2523,1]},
{"frame":75,"values":[1,0,0,0,0,0,-1,0,0,-1,0,0,0,0,2.2488,1]},
{"frame":76,"values":[1,0,0,0,0,0,-1,0,0,-1,0,0,0,0,2.2446,1]},
{"frame":77,"values":[1,0,0,0,0,0,-1,0,0,-1,0,0,0,0,2.2397,1]},
{"frame":78,"values":[1,0,0,0,0,0,-1,0,0,-1,0,0,0,0,2.234,1]},
{"frame":79,"values":[1,0,0,0,0,0,-1,0,0,-1,0,0,0,0,2.2277,1]},
{"frame":80,"values":[1,0,0,0,0,0,-1,0,0,-1,0,0,0,0,2.2209,1]},
{"frame":81,"values":[1,0,0,0,0,0,-1,0,0,-1,0,0,0,0,2.2135,1]},
{"frame":82,"values":[1,0,0,0,0,0,-1,0,0,-1,0,0,0,0,2.2057,1]},
{"frame":83,"values":[1,0,0,0,0,0,-1,0,0,-1,0,0,0,0,2.1975,1]},
{"frame":84,"values":[1,0,0,0,0,0,-1,0,0,-1,0,0,0,0,2.1891,1]},
{"frame":85,"values":[1,0,0,0,0,0,-1,0,0,-1,0,0,0,0,2.1807,1]},
{"frame":86,"values":[1,0,0,0,0,0,-1,0,0,-1,0,0,0,0,2.1722,1]},
{"frame":87,"values":[1,0,0,0,0,0,-1,0,0,-1,0,0,0,0,2.1638,1]},
{"frame":88,"values":[1,0,0,0,0,0,-1,0,0,-1,0,0,0,0,2.1557,1]},
{"frame":89,"values":[1,0,0,0,0,0,-1,0,0,-1,0,0,0,0,2.1478,1]},
{"frame":90,"values":[1,0,0,0,0,0,-1,0,0,-1,0,0,0,0,2.1405,1]},
{"frame":91,"values":[1,0,0,0,0,0,-1,0,0,-1,0,0,0,0,2.1336,1]},
{"frame":92,"values":[1,0,0,0,0,0,-1,0,0,-1,0,0,0,0,2.1273,1]},
{"frame":93,"values":[1,0,0,0,0,0,-1,0,0,-1,0,0,0,0,2.1216,1]},
{"frame":94,"values":[1,0,0,0,0,0,-1,0,0,-1,0,0,0,0,2.1167,1]},
{"frame":95,"values":[1,0,0,0,0,0,-1,0,0,-1,0,0,0,0,2.1125,1]},
{"frame":96,"values":[1,0,0,0,0,0,-1,0,0,-1,0,0,0,0,2.109,1]},
{"frame":97,"values":[1,0,0,0,0,0,-1,0,0,-1,0,0,0,0,2.1063,1]},
{"frame":98,"values":[1,0,0,0,0,0,-1,0,0,-1,0,0,0,0,2.1044,1]},
{"frame":99,"values":[1,0,0,0,0,0,-1,0,0,-1,0,0,0,0,2.1033,1]},
{"frame":100,"values":[1,0,0,0,0,0,-1,0,0,-1,0,0,0,0,2.1029,1]},
{"frame":111,"values":[1,0,0,0,0,0,-1,0,0,-1,0,0,0,0,2.1029,1]},
{"frame":112,"values":[1,0,0,0,0,0,-1,0,0,-1,0,0,0,0,2.0992,1]},
{"frame":113,"values":[1,0,0,0,0,0,-1,0,0,-1,0,0,0,0,2.0881,1]},
{"frame":114,"values":[1,0,0,0,0,0,-1,0,0,-1,0,0,0,0,2.0702,1]},
{"frame":115,"values":[1,0,0,0,0,0,-1,0,0,-1,0,0,0,0,2.0476,1]},
{"frame":116,"values":[1,0,0,0,0,0,-1,0,0,-1,0,0,0,0,2.0231,1]},
{"frame":117,"values":[1,0,0,0,0,0,-1,0,0,-1,0,0,0,0,2.0004,1]},
{"frame":118,"values":[1,0,0,0,0,0,-1,0,0,-1,0,0,0,0,1.9826,1]},
{"frame":119,"values":[1,0,0,0,0,0,-1,0,0,-1,0,0,0,0,1.9715,1]},
{"frame":120,"values":[1,0,0,0,0,0,-1,0,0,-1,0,0,0,0,1.9678,1]},
{"frame":121,"values":[1,0,0,0,0,0,-1,0,0,-1,0,0,0,0,1.9685,1]},
{"frame":122,"values":[1,0,0,0,0,0,-1,0,0,-1,0,0,0,0,1.9708,1]},
{"frame":123,"values":[1,0,0,0,0,0,-1,0,0,-1,0,0,0,0,1.9746,1]},
{"frame":124,"values":[1,0,0,0,0,0,-1,0,0,-1,0,0,0,0,1.9798,1]},
{"frame":125,"values":[1,0,0,0,0,0,-1,0,0,-1,0,0,0,0,1.9865,1]},
{"frame":126,"values":[1,0,0,0,0,0,-1,0,0,-1,0,0,0,0,1.9945,1]},
{"frame":127,"values":[1,0,0,0,0,0,-1,0,0,-1,0,0,0,0,2.0036,1]},
{"frame":128,"values":[1,0,0,0,0,0,-1,0,0,-1,0,0,0,0,2.0136,1]},
{"frame":129,"values":[1,0,0,0,0,0,-1,0,0,-1,0,0,0,0,2.0243,1]},
{"frame":130,"values":[1,0,0,0,0,0,-1,0,0,-1,0,0,0,0,2.0353,1]},
{"frame":131,"values":[1,0,0,0,0,0,-1,0,0,-1,0,0,0,0,2.0464,1]},
{"frame":132,"values":[1,0,0,0,0,0,-1,0,0,-1,0,0,0,0,2.057,1]},
{"frame":133,"values":[1,0,0,0,0,0,-1,0,0,-1,0,0,0,0,2.0671,1]},
{"frame":134,"values":[1,0,0,0,0,0,-1,0,0,-1,0,0,0,0,2.0762,1]},
{"frame":135,"values":[1,0,0,0,0,0,-1,0,0,-1,0,0,0,0,2.0842,1]},
{"frame":136,"values":[1,0,0,0,0,0,-1,0,0,-1,0,0,0,0,2.0909,1]},
{"frame":137,"values":[1,0,0,0,0,0,-1,0,0,-1,0,0,0,0,2.0961,1]},
{"frame":138,"values":[1,0,0,0,0,0,-1,0,0,-1,0,0,0,0,2.0999,1]},
{"frame":139,"values":[1,0,0,0,0,0,-1,0,0,-1,0,0,0,0,2.1021,1]},
{"frame":140,"values":[1,0,0,0,0,0,-1,0,0,-1,0,0,0,0,2.1029,1]}],"loopBehavior":1,"name":"anim","property":"_matrix"}},
{"name":"Bone.001","index":1,"matrix":[1,0,0,0,0,1,0,0,0,0,1,0,0,1.0864,0,1],"rest":[1,0,0,0,0,1,0,0,0,0,1,0,0,1.0864,0,1],"parentBoneIndex":0,"length":1.01
,"animation":{"dataType":3,"framePerSecond":24,"keys":[
{"frame":1,"values":[1,0,0,0,0,1,0,0,0,0,1,0,0,1.0864,0,1]},
{"frame":2,"values":[1,0,0,0,0,0.9999,-0.0166,0,0,0.0166,0.9999,0,0,1.0864,0,1]},
{"frame":3,"values":[1,0,0,0,0,0.9978,-0.0665,0,0,0.0665,0.9978,0,0,1.0864,0,1]},
{"frame":4,"values":[1,0,0,0,0,0.9892,-0.1468,0,0,0.1468,0.9892,0,0,1.0864,0,1]},
{"frame":5,"values":[1,0,0,0,0,0.9687,-0.2482,0,0,0.2482,0.9687,0,0,1.0864,0,1]},
{"frame":6,"values":[1,0,0,0,0,0.9349,-0.355,0,0,0.355,0.9349,0,0,1.0864,0,1]},
{"frame":7,"values":[1,0,0,0,0,0.8932,-0.4497,0,0,0.4497,0.8932,0,0,1.0864,0,1]},
{"frame":8,"values":[1,0,0,0,0,0.854,-0.5203,0,0,0.5203,0.854,0,0,1.0864,0,1]},
{"frame":9,"values":[1,0,0,0,0,0.8269,-0.5623,0,0,0.5623,0.8269,0,0,1.0864,0,1]},
{"frame":10,"values":[1,0,0,0,0,0.8175,-0.5759,0,0,0.5759,0.8175,0,0,1.0864,0,1]},
{"frame":11,"values":[1,0,0,0,0,0.8249,-0.5653,0,0,0.5653,0.8249,0,0,1.0864,0,1]},
{"frame":12,"values":[1,0,0,0,0,0.8467,-0.5321,0,0,0.5321,0.8467,0,0,1.0864,0,1]},
{"frame":13,"values":[1,0,0,0,0,0.8782,-0.4783,0,0,0.4783,0.8782,0,0,1.0864,0,1]},
{"frame":14,"values":[1,0,0,0,0,0.9106,-0.4133,0,0,0.4133,0.9106,0,0,1.0864,0,1]},
{"frame":15,"values":[1,0,0,0,0,0.9363,-0.3512,0,0,0.3512,0.9363,0,0,1.0864,0,1]},
{"frame":16,"values":[1,0,0,0,0,0.9533,-0.3021,0,0,0.3021,0.9533,0,0,1.0864,0,1]},
{"frame":17,"values":[1,0,0,0,0,0.9659,-0.2591,0,0,0.2591,0.9659,0,0,1.0864,0,1]},
{"frame":18,"values":[1,0,0,0,0,0.9771,-0.2126,0,0,0.2126,0.9771,0,0,1.0864,0,1]},
{"frame":19,"values":[1,0,0,0,0,0.9864,-0.1646,0,0,0.1646,0.9864,0,0,1.0864,0,1]},
{"frame":20,"values":[1,0,0,0,0,0.993,-0.118,0,0,0.118,0.993,0,0,1.0864,0,1]},
{"frame":21,"values":[1,0,0,0,0,0.9971,-0.0762,0,0,0.0762,0.9971,0,0,1.0864,0,1]},
{"frame":22,"values":[1,0,0,0,0,0.9991,-0.0423,0,0,0.0423,0.9991,0,0,1.0864,0,1]},
{"frame":23,"values":[1,0,0,0,0,0.9998,-0.0183,0,0,0.0183,0.9998,0,0,1.0864,0,1]},
{"frame":24,"values":[1,0,0,0,0,1,-0.0044,0,0,0.0044,1,0,0,1.0864,0,1]},
{"frame":25,"values":[1,0,0,0,0,1,0,0,0,0,1,0,0,1.0864,0,1]},
{"frame":31,"values":[1,0,0,0,0,1,0,0,0,0,1,0,0,1.0864,0,1]},
{"frame":32,"values":[1,0,0,0,0,1,0,0,0,0,1,0,0,1.0864,0,1]},
{"frame":41,"values":[1,0,0,0,0,1,0,0,0,0,1,0,0,1.0864,0,1]},
{"frame":42,"values":[1.0003,0,0,0,0,1.0003,0,0,0,0,1.0003,0,0,1.0864,0,1]},
{"frame":43,"values":[1.0011,0,0,0,0,1.0011,0,0,0,0,1.0011,0,0,1.0864,0,1]},
{"frame":44,"values":[1.0025,0,0,0,0,1.0025,0,0,0,0,1.0025,0,0,1.0864,0,1]},
{"frame":45,"values":[1.0044,0,0,0,0,1.0044,0,0,0,0,1.0044,0,0,1.0864,0,1]},
{"frame":46,"values":[1.0068,0,0,0,0,1.0068,0,0,0,0,1.0068,0,0,1.0864,0,1]},
{"frame":47,"values":[1.0098,0,0,0,0,1.0098,0,0,0,0,1.0098,0,0,1.0864,0,1]},
{"frame":48,"values":[1.0133,0,0,0,0,1.0133,0,0,0,0,1.0133,0,0,1.0864,0,1]},
{"frame":49,"values":[1.0173,0,0,0,0,1.0173,0,0,0,0,1.0173,0,0,1.0864,0,1]},
{"frame":50,"values":[1.0218,0,0,0,0,1.0218,0,0,0,0,1.0218,0,0,1.0864,0,1]},
{"frame":51,"values":[1.0266,0,0,0,0,1.0266,0,0,0,0,1.0266,0,0,1.0864,0,1]},
{"frame":52,"values":[1.0318,0,0,0,0,1.0318,0,0,0,0,1.0318,0,0,1.0864,0,1]},
{"frame":53,"values":[1.0373,0,0,0,0,1.0373,0,0,0,0,1.0373,0,0,1.0864,0,1]},
{"frame":54,"values":[1.043,0,0,0,0,1.043,0,0,0,0,1.043,0,0,1.0864,0,1]},
{"frame":55,"values":[1.0488,0,0,0,0,1.0488,0,0,0,0,1.0488,0,0,1.0864,0,1]},
{"frame":56,"values":[1.0546,0,0,0,0,1.0546,0,0,0,0,1.0546,0,0,1.0864,0,1]},
{"frame":57,"values":[1.0604,0,0,0,0,1.0604,0,0,0,0,1.0604,0,0,1.0864,0,1]},
{"frame":58,"values":[1.0661,0,0,0,0,1.0661,0,0,0,0,1.0661,0,0,1.0864,0,1]},
{"frame":59,"values":[1.0716,0,0,0,0,1.0716,0,0,0,0,1.0716,0,0,1.0864,0,1]},
{"frame":60,"values":[1.0767,0,0,0,0,1.0767,0,0,0,0,1.0767,0,0,1.0864,0,1]},
{"frame":61,"values":[1.0816,0,0,0,0,1.0816,0,0,0,0,1.0816,0,0,1.0864,0,1]},
{"frame":62,"values":[1.086,0,0,0,0,1.086,0,0,0,0,1.086,0,0,1.0864,0,1]},
{"frame":63,"values":[1.09,0,0,0,0,1.09,0,0,0,0,1.09,0,0,1.0864,0,1]},
{"frame":64,"values":[1.0935,0,0,0,0,1.0935,0,0,0,0,1.0935,0,0,1.0864,0,1]},
{"frame":65,"values":[1.0965,0,0,0,0,1.0965,0,0,0,0,1.0965,0,0,1.0864,0,1]},
{"frame":66,"values":[1.099,0,0,0,0,1.099,0,0,0,0,1.099,0,0,1.0864,0,1]},
{"frame":67,"values":[1.1009,0,0,0,0,1.1009,0,0,0,0,1.1009,0,0,1.0864,0,1]},
{"frame":68,"values":[1.1023,0,0,0,0,1.1023,0,0,0,0,1.1023,0,0,1.0864,0,1]},
{"frame":69,"values":[1.1031,0,0,0,0,1.1031,0,0,0,0,1.1031,0,0,1.0864,0,1]},
{"frame":70,"values":[1.1034,0,0,0,0,1.1034,0,0,0,0,1.1034,0,0,1.0864,0,1]},
{"frame":71,"values":[1.1031,0,0,0,0,1.1031,0,0,0,0,1.1031,0,0,1.0864,0,1]},
{"frame":72,"values":[1.1024,0,0,0,0,1.1024,0,0,0,0,1.1024,0,0,1.0864,0,1]},
{"frame":73,"values":[1.1011,0,0,0,0,1.1011,0,0,0,0,1.1011,0,0,1.0864,0,1]},
{"frame":74,"values":[1.0993,0,0,0,0,1.0993,0,0,0,0,1.0993,0,0,1.0864,0,1]},
{"frame":75,"values":[1.097,0,0,0,0,1.097,0,0,0,0,1.097,0,0,1.0864,0,1]},
{"frame":76,"values":[1.0942,0,0,0,0,1.0942,0,0,0,0,1.0942,0,0,1.0864,0,1]},
{"frame":77,"values":[1.0909,0,0,0,0,1.0909,0,0,0,0,1.0909,0,0,1.0864,0,1]},
{"frame":78,"values":[1.0872,0,0,0,0,1.0872,0,0,0,0,1.0872,0,0,1.0864,0,1]},
{"frame":79,"values":[1.083,0,0,0,0,1.083,0,0,0,0,1.083,0,0,1.0864,0,1]},
{"frame":80,"values":[1.0784,0,0,0,0,1.0784,0,0,0,0,1.0784,0,0,1.0864,0,1]},
{"frame":81,"values":[1.0735,0,0,0,0,1.0735,0,0,0,0,1.0735,0,0,1.0864,0,1]},
{"frame":82,"values":[1.0683,0,0,0,0,1.0683,0,0,0,0,1.0683,0,0,1.0864,0,1]},
{"frame":83,"values":[1.0629,0,0,0,0,1.0629,0,0,0,0,1.0629,0,0,1.0864,0,1]},
{"frame":84,"values":[1.0573,0,0,0,0,1.0573,0,0,0,0,1.0573,0,0,1.0864,0,1]},
{"frame":85,"values":[1.0517,0,0,0,0,1.0517,0,0,0,0,1.0517,0,0,1.0864,0,1]},
{"frame":86,"values":[1.046,0,0,0,0,1.046,0,0,0,0,1.046,0,0,1.0864,0,1]},
{"frame":87,"values":[1.0405,0,0,0,0,1.0405,0,0,0,0,1.0405,0,0,1.0864,0,1]},
{"frame":88,"values":[1.0351,0,0,0,0,1.0351,0,0,0,0,1.0351,0,0,1.0864,0,1]},
{"frame":89,"values":[1.0299,0,0,0,0,1.0299,0,0,0,0,1.0299,0,0,1.0864,0,1]},
{"frame":90,"values":[1.025,0,0,0,0,1.025,0,0,0,0,1.025,0,0,1.0864,0,1]},
{"frame":91,"values":[1.0204,0,0,0,0,1.0204,0,0,0,0,1.0204,0,0,1.0864,0,1]},
{"frame":92,"values":[1.0162,0,0,0,0,1.0162,0,0,0,0,1.0162,0,0,1.0864,0,1]},
{"frame":93,"values":[1.0125,0,0,0,0,1.0125,0,0,0,0,1.0125,0,0,1.0864,0,1]},
{"frame":94,"values":[1.0092,0,0,0,0,1.0092,0,0,0,0,1.0092,0,0,1.0864,0,1]},
{"frame":95,"values":[1.0064,0,0,0,0,1.0064,0,0,0,0,1.0064,0,0,1.0864,0,1]},
{"frame":96,"values":[1.0041,0,0,0,0,1.0041,0,0,0,0,1.0041,0,0,1.0864,0,1]},
{"frame":97,"values":[1.0023,0,0,0,0,1.0023,0,0,0,0,1.0023,0,0,1.0864,0,1]},
{"frame":98,"values":[1.001,0,0,0,0,1.001,0,0,0,0,1.001,0,0,1.0864,0,1]},
{"frame":99,"values":[1.0003,0,0,0,0,1.0003,0,0,0,0,1.0003,0,0,1.0864,0,1]},
{"frame":100,"values":[1,0,0,0,0,1,0,0,0,0,1,0,0,1.0864,0,1]},
{"frame":111,"values":[1,0,0,0,0,1,0,0,0,0,1,0,0,1.0864,0,1]},
{"frame":112,"values":[1,0,0,0,0,0.9999,-0.0166,0,0,0.0166,0.9999,0,0,1.0864,0,1]},
{"frame":113,"values":[1,0,0,0,0,0.9978,-0.0665,0,0,0.0665,0.9978,0,0,1.0864,0,1]},
{"frame":114,"values":[1,0,0,0,0,0.9892,-0.1468,0,0,0.1468,0.9892,0,0,1.0864,0,1]},
{"frame":115,"values":[1,0,0,0,0,0.9687,-0.2482,0,0,0.2482,0.9687,0,0,1.0864,0,1]},
{"frame":116,"values":[1,0,0,0,0,0.9349,-0.355,0,0,0.355,0.9349,0,0,1.0864,0,1]},
{"frame":117,"values":[1,0,0,0,0,0.8932,-0.4497,0,0,0.4497,0.8932,0,0,1.0864,0,1]},
{"frame":118,"values":[1,0,0,0,0,0.854,-0.5203,0,0,0.5203,0.854,0,0,1.0864,0,1]},
{"frame":119,"values":[1,0,0,0,0,0.8269,-0.5623,0,0,0.5623,0.8269,0,0,1.0864,0,1]},
{"frame":120,"values":[1,0,0,0,0,0.8175,-0.5759,0,0,0.5759,0.8175,0,0,1.0864,0,1]},
{"frame":121,"values":[1,0,0,0,0,0.8194,-0.5732,0,0,0.5732,0.8194,0,0,1.0864,0,1]},
{"frame":122,"values":[1,0,0,0,0,0.8252,-0.5649,0,0,0.5649,0.8252,0,0,1.0864,0,1]},
{"frame":123,"values":[1,0,0,0,0,0.8346,-0.5509,0,0,0.5509,0.8346,0,0,1.0864,0,1]},
{"frame":124,"values":[1,0,0,0,0,0.8473,-0.531,0,0,0.531,0.8473,0,0,1.0864,0,1]},
{"frame":125,"values":[1,0,0,0,0,0.863,-0.5053,0,0,0.5053,0.863,0,0,1.0864,0,1]},
{"frame":126,"values":[1,0,0,0,0,0.8807,-0.4737,0,0,0.4737,0.8807,0,0,1.0864,0,1]},
{"frame":127,"values":[1,0,0,0,0,0.8996,-0.4368,0,0,0.4368,0.8996,0,0,1.0864,0,1]},
{"frame":128,"values":[1,0,0,0,0,0.9186,-0.3951,0,0,0.3951,0.9186,0,0,1.0864,0,1]},
{"frame":129,"values":[1,0,0,0,0,0.9368,-0.3498,0,0,0.3498,0.9368,0,0,1.0864,0,1]},
{"frame":130,"values":[1,0,0,0,0,0.9533,-0.3021,0,0,0.3021,0.9533,0,0,1.0864,0,1]},
{"frame":131,"values":[1,0,0,0,0,0.9673,-0.2536,0,0,0.2536,0.9673,0,0,1.0864,0,1]},
{"frame":132,"values":[1,0,0,0,0,0.9785,-0.206,0,0,0.206,0.9785,0,0,1.0864,0,1]},
{"frame":133,"values":[1,0,0,0,0,0.987,-0.161,0,0,0.161,0.987,0,0,1.0864,0,1]},
{"frame":134,"values":[1,0,0,0,0,0.9928,-0.1199,0,0,0.1199,0.9928,0,0,1.0864,0,1]},
{"frame":135,"values":[1,0,0,0,0,0.9965,-0.0839,0,0,0.0839,0.9965,0,0,1.0864,0,1]},
{"frame":136,"values":[1,0,0,0,0,0.9985,-0.0539,0,0,0.0539,0.9985,0,0,1.0864,0,1]},
{"frame":137,"values":[1,0,0,0,0,0.9995,-0.0303,0,0,0.0303,0.9995,0,0,1.0864,0,1]},
{"frame":138,"values":[1,0,0,0,0,0.9999,-0.0134,0,0,0.0134,0.9999,0,0,1.0864,0,1]},
{"frame":139,"values":[1,0,0,0,0,1,-0.0033,0,0,0.0033,1,0,0,1.0864,0,1]},
{"frame":140,"values":[1,0,0,0,0,1,0,0,0,0,1,0,0,1.0864,0,1]}],"loopBehavior":1,"name":"anim","property":"_matrix"}},
{"name":"Bone.002","index":2,"matrix":[1,0,0,0,0,1,0,0,0,0,1,0,0,1.01,0,1],"rest":[1,0,0,0,0,1,0,0,0,0,1,0,0,1.01,0,1],"parentBoneIndex":1,"length":1.0046
,"animation":{"dataType":3,"framePerSecond":24,"keys":[
{"frame":1,"values":[1,0,0,0,0,1,0,0,0,0,1,0,0,1.01,0,1]},
{"frame":2,"values":[1,0,0,0,0,0.9996,0.0289,0,0,-0.0289,0.9996,0,0,1.01,0,1]},
{"frame":3,"values":[1,0,0,0,0,0.9932,0.1167,0,0,-0.1167,0.9932,0,0,1.01,0,1]},
{"frame":4,"values":[1,0,0,0,0,0.9659,0.2589,0,0,-0.2589,0.9659,0,0,1.01,0,1]},
{"frame":5,"values":[1,0,0,0,0,0.9002,0.4355,0,0,-0.4355,0.9002,0,0,1.01,0,1]},
{"frame":6,"values":[1,0,0,0,0,0.7923,0.6101,0,0,-0.6101,0.7923,0,0,1.01,0,1]},
{"frame":7,"values":[1,0,0,0,0,0.6638,0.7479,0,0,-0.7479,0.6638,0,0,1.01,0,1]},
{"frame":8,"values":[1,0,0,0,0,0.5488,0.836,0,0,-0.836,0.5488,0,0,1.01,0,1]},
{"frame":9,"values":[1,0,0,0,0,0.4731,0.881,0,0,-0.881,0.4731,0,0,1.01,0,1]},
{"frame":10,"values":[1,0,0,0,0,0.4475,0.8943,0,0,-0.8943,0.4475,0,0,1.01,0,1]},
{"frame":11,"values":[1,0,0,0,0,0.489,0.8723,0,0,-0.8723,0.489,0,0,1.01,0,1]},
{"frame":12,"values":[1,0,0,0,0,0.6085,0.7935,0,0,-0.7935,0.6085,0,0,1.01,0,1]},
{"frame":13,"values":[1,0,0,0,0,0.7679,0.6406,0,0,-0.6406,0.7679,0,0,1.01,0,1]},
{"frame":14,"values":[1,0,0,0,0,0.8982,0.4396,0,0,-0.4396,0.8982,0,0,1.01,0,1]},
{"frame":15,"values":[1,0,0,0,0,0.9643,0.2647,0,0,-0.2647,0.9643,0,0,1.01,0,1]},
{"frame":16,"values":[1,0,0,0,0,0.9855,0.1695,0,0,-0.1695,0.9855,0,0,1.01,0,1]},
{"frame":17,"values":[1,0,0,0,0,0.9924,0.1231,0,0,-0.1231,0.9924,0,0,1.01,0,1]},
{"frame":18,"values":[1,0,0,0,0,0.9965,0.0837,0,0,-0.0837,0.9965,0,0,1.01,0,1]},
{"frame":19,"values":[1,0,0,0,0,0.9986,0.0522,0,0,-0.0522,0.9986,0,0,1.01,0,1]},
{"frame":20,"values":[1,0,0,0,0,0.9996,0.0291,0,0,-0.0291,0.9996,0,0,1.01,0,1]},
{"frame":21,"values":[1,0,0,0,0,0.9999,0.0139,0,0,-0.0139,0.9999,0,0,1.01,0,1]},
{"frame":22,"values":[1,0,0,0,0,1,0.0054,0,0,-0.0054,1,0,0,1.01,0,1]},
{"frame":23,"values":[1,0,0,0,0,1,0.0014,0,0,-0.0014,1,0,0,1.01,0,1]},
{"frame":24,"values":[1,0,0,0,0,1,0.0002,0,0,-0.0002,1,0,0,1.01,0,1]},
{"frame":25,"values":[1,0,0,0,0,1,0,0,0,0,1,0,0,1.01,0,1]},
{"frame":31,"values":[1,0,0,0,0,1,0,0,0,0,1,0,0,1.01,0,1]},
{"frame":32,"values":[1,0,0,0,0,1,0,0,0,0,1,0,0,1.01,0,1]},
{"frame":41,"values":[1,0,0,0,0,1,0,0,0,0,1,0,0,1.01,0,1]},
{"frame":100,"values":[1,0,0,0,0,1,0,0,0,0,1,0,0,1.01,0,1]},
{"frame":111,"values":[1,0,0,0,0,1,0,0,0,0,1,0,0,1.01,0,1]},
{"frame":112,"values":[1,0,0,0,0,0.9996,0.0289,0,0,-0.0289,0.9996,0,0,1.01,0,1]},
{"frame":113,"values":[1,0,0,0,0,0.9932,0.1167,0,0,-0.1167,0.9932,0,0,1.01,0,1]},
{"frame":114,"values":[1,0,0,0,0,0.9659,0.2589,0,0,-0.2589,0.9659,0,0,1.01,0,1]},
{"frame":115,"values":[1,0,0,0,0,0.9002,0.4355,0,0,-0.4355,0.9002,0,0,1.01,0,1]},
{"frame":116,"values":[1,0,0,0,0,0.7923,0.6101,0,0,-0.6101,0.7923,0,0,1.01,0,1]},
{"frame":117,"values":[1,0,0,0,0,0.6638,0.7479,0,0,-0.7479,0.6638,0,0,1.01,0,1]},
{"frame":118,"values":[1,0,0,0,0,0.5488,0.836,0,0,-0.836,0.5488,0,0,1.01,0,1]},
{"frame":119,"values":[1,0,0,0,0,0.4731,0.881,0,0,-0.881,0.4731,0,0,1.01,0,1]},
{"frame":120,"values":[1,0,0,0,0,0.4475,0.8943,0,0,-0.8943,0.4475,0,0,1.01,0,1]},
{"frame":121,"values":[1,0,0,0,0,0.4526,0.8917,0,0,-0.8917,0.4526,0,0,1.01,0,1]},
{"frame":122,"values":[1,0,0,0,0,0.4683,0.8836,0,0,-0.8836,0.4683,0,0,1.01,0,1]},
{"frame":123,"values":[1,0,0,0,0,0.4942,0.8694,0,0,-0.8694,0.4942,0,0,1.01,0,1]},
{"frame":124,"values":[1,0,0,0,0,0.53,0.848,0,0,-0.848,0.53,0,0,1.01,0,1]},
{"frame":125,"values":[1,0,0,0,0,0.5746,0.8184,0,0,-0.8184,0.5746,0,0,1.01,0,1]},
{"frame":126,"values":[1,0,0,0,0,0.6264,0.7795,0,0,-0.7795,0.6264,0,0,1.01,0,1]},
{"frame":127,"values":[1,0,0,0,0,0.683,0.7304,0,0,-0.7304,0.683,0,0,1.01,0,1]},
{"frame":128,"values":[1,0,0,0,0,0.7415,0.671,0,0,-0.671,0.7415,0,0,1.01,0,1]},
{"frame":129,"values":[1,0,0,0,0,0.7985,0.6021,0,0,-0.6021,0.7985,0,0,1.01,0,1]},
{"frame":130,"values":[1,0,0,0,0,0.8507,0.5256,0,0,-0.5256,0.8507,0,0,1.01,0,1]},
{"frame":131,"values":[1,0,0,0,0,0.8957,0.4447,0,0,-0.4447,0.8957,0,0,1.01,0,1]},
{"frame":132,"values":[1,0,0,0,0,0.9318,0.3629,0,0,-0.3629,0.9318,0,0,1.01,0,1]},
{"frame":133,"values":[1,0,0,0,0,0.9588,0.284,0,0,-0.284,0.9588,0,0,1.01,0,1]},
{"frame":134,"values":[1,0,0,0,0,0.9774,0.2114,0,0,-0.2114,0.9774,0,0,1.01,0,1]},
{"frame":135,"values":[1,0,0,0,0,0.989,0.1476,0,0,-0.1476,0.989,0,0,1.01,0,1]},
{"frame":136,"values":[1,0,0,0,0,0.9955,0.0945,0,0,-0.0945,0.9955,0,0,1.01,0,1]},
{"frame":137,"values":[1,0,0,0,0,0.9986,0.0529,0,0,-0.0529,0.9986,0,0,1.01,0,1]},
{"frame":138,"values":[1,0,0,0,0,0.9997,0.0234,0,0,-0.0234,0.9997,0,0,1.01,0,1]},
{"frame":139,"values":[1,0,0,0,0,1,0.0058,0,0,-0.0058,1,0,0,1.01,0,1]},
{"frame":140,"values":[1,0,0,0,0,1,0,0,0,0,1,0,0,1.01,0,1]}],"loopBehavior":1,"name":"anim","property":"_matrix"}},
{"name":"Bone.003","index":3,"matrix":[1,0,0,0,0,1,0,0,0,0,1,0,0,1.0046,0,1],"rest":[1,0,0,0,0,1,0,0,0,0,1,0,0,1.0046,0,1],"parentBoneIndex":2,"length":0.9776
,"animation":{"dataType":3,"framePerSecond":24,"keys":[
{"frame":1,"values":[1,0,0,0,0,1,0,0,0,0,1,0,0,1.0046,0,1]},
{"frame":2,"values":[1,0,0,0,0,1,-0.0089,0,0,0.0089,1,0,0,1.0046,0,1]},
{"frame":3,"values":[1,0,0,0,0,0.9994,-0.0356,0,0,0.0356,0.9994,0,0,1.0046,0,1]},
{"frame":4,"values":[1,0,0,0,0,0.9969,-0.0784,0,0,0.0784,0.9969,0,0,1.0046,0,1]},
{"frame":5,"values":[1,0,0,0,0,0.9911,-0.1329,0,0,0.1329,0.9911,0,0,1.0046,0,1]},
{"frame":6,"values":[1,0,0,0,0,0.9816,-0.1912,0,0,0.1912,0.9816,0,0,1.0046,0,1]},
{"frame":7,"values":[1,0,0,0,0,0.9696,-0.2446,0,0,0.2446,0.9696,0,0,1.0046,0,1]},
{"frame":8,"values":[1,0,0,0,0,0.9582,-0.286,0,0,0.286,0.9582,0,0,1.0046,0,1]},
{"frame":9,"values":[1,0,0,0,0,0.9503,-0.3115,0,0,0.3115,0.9503,0,0,1.0046,0,1]},
{"frame":10,"values":[1,0,0,0,0,0.9474,-0.3199,0,0,0.3199,0.9474,0,0,1.0046,0,1]},
{"frame":11,"values":[1,0,0,0,0,0.9496,-0.3133,0,0,0.3133,0.9496,0,0,1.0046,0,1]},
{"frame":12,"values":[1,0,0,0,0,0.9561,-0.2931,0,0,0.2931,0.9561,0,0,1.0046,0,1]},
{"frame":13,"values":[1,0,0,0,0,0.9653,-0.2612,0,0,0.2612,0.9653,0,0,1.0046,0,1]},
{"frame":14,"values":[1,0,0,0,0,0.9746,-0.2239,0,0,0.2239,0.9746,0,0,1.0046,0,1]},
{"frame":15,"values":[1,0,0,0,0,0.982,-0.1891,0,0,0.1891,0.982,0,0,1.0046,0,1]},
{"frame":16,"values":[1,0,0,0,0,0.9868,-0.1621,0,0,0.1621,0.9868,0,0,1.0046,0,1]},
{"frame":17,"values":[1,0,0,0,0,0.9903,-0.1387,0,0,0.1387,0.9903,0,0,1.0046,0,1]},
{"frame":18,"values":[1,0,0,0,0,0.9935,-0.1137,0,0,0.1137,0.9935,0,0,1.0046,0,1]},
{"frame":19,"values":[1,0,0,0,0,0.9961,-0.088,0,0,0.088,0.9961,0,0,1.0046,0,1]},
{"frame":20,"values":[1,0,0,0,0,0.998,-0.0631,0,0,0.0631,0.998,0,0,1.0046,0,1]},
{"frame":21,"values":[1,0,0,0,0,0.9992,-0.0407,0,0,0.0407,0.9992,0,0,1.0046,0,1]},
{"frame":22,"values":[1,0,0,0,0,0.9997,-0.0227,0,0,0.0227,0.9997,0,0,1.0046,0,1]},
{"frame":23,"values":[1,0,0,0,0,1,-0.0098,0,0,0.0098,1,0,0,1.0046,0,1]},
{"frame":24,"values":[1,0,0,0,0,1,-0.0024,0,0,0.0024,1,0,0,1.0046,0,1]},
{"frame":25,"values":[1,0,0,0,0,1,0,0,0,0,1,0,0,1.0046,0,1]},
{"frame":31,"values":[1,0,0,0,0,1,0,0,0,0,1,0,0,1.0046,0,1]},
{"frame":32,"values":[1,0,0,0,0,1,0,0,0,0,1,0,0,1.0046,0,1]},
{"frame":41,"values":[1,0,0,0,0,1,0,0,0,0,1,0,0,1.0046,0,1]},
{"frame":100,"values":[1,0,0,0,0,1,0,0,0,0,1,0,0,1.0046,0,1]},
{"frame":111,"values":[1,0,0,0,0,1,0,0,0,0,1,0,0,1.0046,0,1]},
{"frame":112,"values":[1,0,0,0,0,1,-0.0089,0,0,0.0089,1,0,0,1.0046,0,1]},
{"frame":113,"values":[1,0,0,0,0,0.9994,-0.0356,0,0,0.0356,0.9994,0,0,1.0046,0,1]},
{"frame":114,"values":[1,0,0,0,0,0.9969,-0.0784,0,0,0.0784,0.9969,0,0,1.0046,0,1]},
{"frame":115,"values":[1,0,0,0,0,0.9911,-0.1329,0,0,0.1329,0.9911,0,0,1.0046,0,1]},
{"frame":116,"values":[1,0,0,0,0,0.9816,-0.1912,0,0,0.1912,0.9816,0,0,1.0046,0,1]},
{"frame":117,"values":[1,0,0,0,0,0.9696,-0.2446,0,0,0.2446,0.9696,0,0,1.0046,0,1]},
{"frame":118,"values":[1,0,0,0,0,0.9582,-0.286,0,0,0.286,0.9582,0,0,1.0046,0,1]},
{"frame":119,"values":[1,0,0,0,0,0.9503,-0.3115,0,0,0.3115,0.9503,0,0,1.0046,0,1]},
{"frame":120,"values":[1,0,0,0,0,0.9474,-0.3199,0,0,0.3199,0.9474,0,0,1.0046,0,1]},
{"frame":121,"values":[1,0,0,0,0,0.948,-0.3182,0,0,0.3182,0.948,0,0,1.0046,0,1]},
{"frame":122,"values":[1,0,0,0,0,0.9497,-0.3131,0,0,0.3131,0.9497,0,0,1.0046,0,1]},
{"frame":123,"values":[1,0,0,0,0,0.9525,-0.3045,0,0,0.3045,0.9525,0,0,1.0046,0,1]},
{"frame":124,"values":[1,0,0,0,0,0.9563,-0.2925,0,0,0.2925,0.9563,0,0,1.0046,0,1]},
{"frame":125,"values":[1,0,0,0,0,0.9609,-0.2771,0,0,0.2771,0.9609,0,0,1.0046,0,1]},
{"frame":126,"values":[1,0,0,0,0,0.966,-0.2585,0,0,0.2585,0.966,0,0,1.0046,0,1]},
{"frame":127,"values":[1,0,0,0,0,0.9715,-0.2372,0,0,0.2372,0.9715,0,0,1.0046,0,1]},
{"frame":128,"values":[1,0,0,0,0,0.9769,-0.2136,0,0,0.2136,0.9769,0,0,1.0046,0,1]},
{"frame":129,"values":[1,0,0,0,0,0.9821,-0.1883,0,0,0.1883,0.9821,0,0,1.0046,0,1]},
{"frame":130,"values":[1,0,0,0,0,0.9868,-0.1621,0,0,0.1621,0.9868,0,0,1.0046,0,1]},
{"frame":131,"values":[1,0,0,0,0,0.9907,-0.1358,0,0,0.1358,0.9907,0,0,1.0046,0,1]},
{"frame":132,"values":[1,0,0,0,0,0.9939,-0.1101,0,0,0.1101,0.9939,0,0,1.0046,0,1]},
{"frame":133,"values":[1,0,0,0,0,0.9963,-0.086,0,0,0.086,0.9963,0,0,1.0046,0,1]},
{"frame":134,"values":[1,0,0,0,0,0.9979,-0.0641,0,0,0.0641,0.9979,0,0,1.0046,0,1]},
{"frame":135,"values":[1,0,0,0,0,0.999,-0.0449,0,0,0.0449,0.999,0,0,1.0046,0,1]},
{"frame":136,"values":[1,0,0,0,0,0.9996,-0.0288,0,0,0.0288,0.9996,0,0,1.0046,0,1]},
{"frame":137,"values":[1,0,0,0,0,0.9999,-0.0162,0,0,0.0162,0.9999,0,0,1.0046,0,1]},
{"frame":138,"values":[1,0,0,0,0,1,-0.0072,0,0,0.0072,1,0,0,1.0046,0,1]},
{"frame":139,"values":[1,0,0,0,0,1,-0.0018,0,0,0.0018,1,0,0,1.0046,0,1]},
{"frame":140,"values":[1,0,0,0,0,1,0,0,0,0,1,0,0,1.0046,0,1]}],"loopBehavior":1,"name":"anim","property":"_matrix"}},
{"name":"Bone.004","index":4,"matrix":[1,0,0,0,0,1,0,0,0,0,1,0,0,0.9776,0,1],"rest":[1,0,0,0,0,1,0,0,0,0,1,0,0,0.9776,0,1],"parentBoneIndex":3,"length":0.4267
,"animation":{"dataType":3,"framePerSecond":24,"keys":[
{"frame":1,"values":[1,0,0,0,0,1,0,0,0,0,1,0,0,0.9776,0,1]},
{"frame":2,"values":[1,0,0,0,0,1,-0.0045,0,0,0.0045,1,0,0,0.9776,0,1]},
{"frame":3,"values":[1,0,0,0,0,0.9998,-0.0178,0,0,0.0178,0.9998,0,0,0.9776,0,1]},
{"frame":4,"values":[1,0,0,0,0,0.9992,-0.0393,0,0,0.0393,0.9992,0,0,0.9776,0,1]},
{"frame":5,"values":[1,0,0,0,0,0.9978,-0.0665,0,0,0.0665,0.9978,0,0,0.9776,0,1]},
{"frame":6,"values":[1,0,0,0,0,0.9954,-0.0959,0,0,0.0959,0.9954,0,0,0.9776,0,1]},
{"frame":7,"values":[1,0,0,0,0,0.9924,-0.123,0,0,0.123,0.9924,0,0,0.9776,0,1]},
{"frame":8,"values":[1,0,0,0,0,0.9895,-0.1443,0,0,0.1443,0.9895,0,0,0.9776,0,1]},
{"frame":9,"values":[1,0,0,0,0,0.9875,-0.1575,0,0,0.1575,0.9875,0,0,0.9776,0,1]},
{"frame":10,"values":[1,0,0,0,0,0.9868,-0.1621,0,0,0.1621,0.9868,0,0,0.9776,0,1]},
{"frame":11,"values":[1,0,0,0,0,0.9935,-0.1136,0,0,0.1136,0.9935,0,0,0.9776,0,1]},
{"frame":12,"values":[1,0,0,0,0,0.9995,0.0314,0,0,-0.0314,0.9995,0,0,0.9776,0,1]},
{"frame":13,"values":[1,0,0,0,0,0.9704,0.2415,0,0,-0.2415,0.9704,0,0,0.9776,0,1]},
{"frame":14,"values":[1,0,0,0,0,0.8977,0.4406,0,0,-0.4406,0.8977,0,0,0.9776,0,1]},
{"frame":15,"values":[1,0,0,0,0,0.8245,0.5658,0,0,-0.5658,0.8245,0,0,0.9776,0,1]},
{"frame":16,"values":[1,0,0,0,0,0.7958,0.6055,0,0,-0.6055,0.7958,0,0,0.9776,0,1]},
{"frame":17,"values":[1,0,0,0,0,0.8063,0.5915,0,0,-0.5915,0.8063,0,0,0.9776,0,1]},
{"frame":18,"values":[1,0,0,0,0,0.8365,0.548,0,0,-0.548,0.8365,0,0,0.9776,0,1]},
{"frame":19,"values":[1,0,0,0,0,0.8803,0.4744,0,0,-0.4744,0.8803,0,0,0.9776,0,1]},
{"frame":20,"values":[1,0,0,0,0,0.927,0.3751,0,0,-0.3751,0.927,0,0,0.9776,0,1]},
{"frame":21,"values":[1,0,0,0,0,0.9649,0.2626,0,0,-0.2626,0.9649,0,0,0.9776,0,1]},
{"frame":22,"values":[1,0,0,0,0,0.9879,0.1553,0,0,-0.1553,0.9879,0,0,0.9776,0,1]},
{"frame":23,"values":[1,0,0,0,0,0.9975,0.0703,0,0,-0.0703,0.9975,0,0,0.9776,0,1]},
{"frame":24,"values":[1,0,0,0,0,0.9998,0.0175,0,0,-0.0175,0.9998,0,0,0.9776,0,1]},
{"frame":25,"values":[1,0,0,0,0,1,0,0,0,0,1,0,0,0.9776,0,1]},
{"frame":31,"values":[1,0,0,0,0,1,0,0,0,0,1,0,0,0.9776,0,1]},
{"frame":32,"values":[1,0,0,0,0,1,0,0,0,0,1,0,0,0.9776,0,1]},
{"frame":41,"values":[1,0,0,0,0,1,0,0,0,0,1,0,0,0.9776,0,1]},
{"frame":100,"values":[1,0,0,0,0,1,0,0,0,0,1,0,0,0.9776,0,1]},
{"frame":111,"values":[1,0,0,0,0,1,0,0,0,0,1,0,0,0.9776,0,1]},
{"frame":112,"values":[1,0,0,0,0,1,-0.0045,0,0,0.0045,1,0,0,0.9776,0,1]},
{"frame":113,"values":[1,0,0,0,0,0.9998,-0.0178,0,0,0.0178,0.9998,0,0,0.9776,0,1]},
{"frame":114,"values":[1,0,0,0,0,0.9992,-0.0393,0,0,0.0393,0.9992,0,0,0.9776,0,1]},
{"frame":115,"values":[1,0,0,0,0,0.9978,-0.0666,0,0,0.0666,0.9978,0,0,0.9776,0,1]},
{"frame":116,"values":[1,0,0,0,0,0.9954,-0.096,0,0,0.096,0.9954,0,0,0.9776,0,1]},
{"frame":117,"values":[1,0,0,0,0,0.9924,-0.1232,0,0,0.1232,0.9924,0,0,0.9776,0,1]},
{"frame":118,"values":[1,0,0,0,0,0.9895,-0.1444,0,0,0.1444,0.9895,0,0,0.9776,0,1]},
{"frame":119,"values":[1,0,0,0,0,0.9875,-0.1577,0,0,0.1577,0.9875,0,0,0.9776,0,1]},
{"frame":120,"values":[1,0,0,0,0,0.9868,-0.1621,0,0,0.1621,0.9868,0,0,0.9776,0,1]},
{"frame":121,"values":[1,0,0,0,0,0.9869,-0.1612,0,0,0.1612,0.9869,0,0,0.9776,0,1]},
{"frame":122,"values":[1,0,0,0,0,0.9874,-0.1585,0,0,0.1585,0.9874,0,0,0.9776,0,1]},
{"frame":123,"values":[1,0,0,0,0,0.9881,-0.154,0,0,0.154,0.9881,0,0,0.9776,0,1]},
{"frame":124,"values":[1,0,0,0,0,0.989,-0.1478,0,0,0.1478,0.989,0,0,0.9776,0,1]},
{"frame":125,"values":[1,0,0,0,0,0.9902,-0.1398,0,0,0.1398,0.9902,0,0,0.9776,0,1]},
{"frame":126,"values":[1,0,0,0,0,0.9915,-0.1303,0,0,0.1303,0.9915,0,0,0.9776,0,1]},
{"frame":127,"values":[1,0,0,0,0,0.9928,-0.1194,0,0,0.1194,0.9928,0,0,0.9776,0,1]},
{"frame":128,"values":[1,0,0,0,0,0.9942,-0.1074,0,0,0.1074,0.9942,0,0,0.9776,0,1]},
{"frame":129,"values":[1,0,0,0,0,0.9955,-0.0945,0,0,0.0945,0.9955,0,0,0.9776,0,1]},
{"frame":130,"values":[1,0,0,0,0,0.9967,-0.0813,0,0,0.0813,0.9967,0,0,0.9776,0,1]},
{"frame":131,"values":[1,0,0,0,0,0.9977,-0.068,0,0,0.068,0.9977,0,0,0.9776,0,1]},
{"frame":132,"values":[1,0,0,0,0,0.9985,-0.0552,0,0,0.0552,0.9985,0,0,0.9776,0,1]},
{"frame":133,"values":[1,0,0,0,0,0.9991,-0.0431,0,0,0.0431,0.9991,0,0,0.9776,0,1]},
{"frame":134,"values":[1,0,0,0,0,0.9995,-0.0321,0,0,0.0321,0.9995,0,0,0.9776,0,1]},
{"frame":135,"values":[1,0,0,0,0,0.9997,-0.0225,0,0,0.0225,0.9997,0,0,0.9776,0,1]},
{"frame":136,"values":[1,0,0,0,0,0.9999,-0.0145,0,0,0.0145,0.9999,0,0,0.9776,0,1]},
{"frame":137,"values":[1,0,0,0,0,1,-0.0081,0,0,0.0081,1,0,0,0.9776,0,1]},
{"frame":138,"values":[1,0,0,0,0,1,-0.0036,0,0,0.0036,1,0,0,0.9776,0,1]},
{"frame":139,"values":[1,0,0,0,0,1,-0.0009,0,0,0.0009,1,0,0,0.9776,0,1]},
{"frame":140,"values":[1,0,0,0,0,1,0,0,0,0,1,0,0,0.9776,0,1]}],"loopBehavior":1,"name":"anim","property":"_matrix"}}]
,"ranges":[{"name":"atack","from":0,"to":25},{"name":"relax","from":30,"to":32},{"name":"stand","from":40,"to":100},{"name":"walk","from":110,"to":140}]}],
"meshes":[{"name":"Cylinder","id":"Cylinder","materialId":"worm.Multimaterial#0","billboardMode":0,"position":[0,0,0],"rotation":[0,0,0],"scaling":[1,1,1],"isVisible":true,"freezeWorldMatrix":false,"isEnabled":true,"checkCollisions":false,"receiveShadows":false,"tags":"","skeletonId":0,"numBoneInfluencers":3
,"positions":[0,0.4905,-2.0019,0.471,0.471,-1.4839,0,0.6661,-1.4839,0.471,0.471,-1.4839,0.4905,0,-2.0019,0.9212,0,-1.4839,0.4905,0,-2.0019,0.471,-0.2245,-1.4839,0.9212,0,-1.4839,0.3468,-0.165,-2.0019,0,-0.3178,-1.4839,0.471,-0.2245,-1.4839,0,-0.3178,-1.4839,-0.3468,-0.165,-2.0019,-0.471,-0.2245,-1.4839,-0.471,-0.2245,-1.4839,-0.4905,0,-2.0019
,-0.9212,0,-1.4839,0.4905,0,-2.0019,0.3468,-0.165,-2.2193,0.3468,-0.165,-2.0019,-0.4905,0,-2.0019,-0.471,0.471,-1.4839,-0.9212,0,-1.4839,-0.3468,0.3468,-2.0019,0,0.6661,-1.4839,-0.471,0.471,-1.4839,0,-0.1356,2.224,-0.2017,-0.0956,2.224,-0.2017,0.2017,2.224,-0.4214,0.4214,0,0,0.7497,0.4946,-0.5301,0.5301,0.4946,-0.5959,0,0
,-0.5301,0.5301,0.4946,-0.7497,0,0.4946,-0.5301,-0.2527,0.4946,-0.5959,0,0,-0.7497,0,0.4946,0,-0.3578,0.4946,-0.4214,-0.2007,0,-0.5301,-0.2527,0.4946,0.4214,-0.2007,0,0,-0.3578,0.4946,0.5301,-0.2527,0.4946,0.5959,0,0,0.5301,-0.2527,0.4946,0.7497,0,0.4946,0.4214,0.4214,0,0.7497,0,0.4946,0.5301,0.5301,0.4946
,0,0.5959,0,0.5301,0.5301,0.4946,0,0.7497,0.4946,-0.5301,0.5301,-0.4946,0,0.5959,-0.9893,0,0.7497,-0.4946,-0.5959,0,-0.9893,-0.5301,0.5301,-0.4946,-1.0368,0,-0.4946,-0.5301,-0.2527,-0.4946,-0.5959,0,-0.9893,-1.0368,0,-0.4946,0,-0.3578,-0.4946,-0.4214,-0.2007,-0.9893,-0.5301,-0.2527,-0.4946,0.4214,-0.2007,-0.9893,0,-0.3578,-0.4946
,0.5301,-0.2527,-0.4946,0.5959,0,-0.9893,0.5301,-0.2527,-0.4946,1.0368,0,-0.4946,0.5301,0.5301,-0.4946,0.5959,0,-0.9893,1.0368,0,-0.4946,0,0.5959,-0.9893,0.5301,0.5301,-0.4946,0,0.7497,-0.4946,0,0.5959,0.9893,0.4658,0.4658,1.4839,0,0.6588,1.4839,0.4658,0.4658,1.4839,0.5959,0,0.9893,0.6588,0,1.4839,0.5959,0,0.9893
,0.4658,-0.222,1.4839,0.6588,0,1.4839,0.4214,-0.2007,0.9893,0,-0.3143,1.4839,0.4658,-0.222,1.4839,0,-0.3143,1.4839,-0.4214,-0.2007,0.9893,-0.4658,-0.222,1.4839,-0.4658,-0.222,1.4839,-0.5959,0,0.9893,-0.6588,0,1.4839,-0.5959,0,0.9893,-0.4658,0.4658,1.4839,-0.6588,0,1.4839,-0.4214,0.4214,0.9893,0,0.6588,1.4839,-0.4658,0.4658,1.4839
,-0.4658,0.4658,1.4839,0,0.2853,2.224,-0.2017,0.2017,2.224,-0.6588,0,1.4839,-0.2017,0.2017,2.224,-0.2853,0,2.224,-0.4658,-0.222,1.4839,-0.2853,0,2.224,-0.2017,-0.0956,2.224,0,-0.3143,1.4839,-0.2017,-0.0956,2.224,0,-0.1356,2.224,0.2017,-0.0956,2.224,0,-0.3143,1.4839,0,-0.1356,2.224,0.2853,0,2.224,0.4658,-0.222,1.4839
,0.2017,-0.0956,2.224,0.4658,0.4658,1.4839,0.2853,0,2.224,0.2017,0.2017,2.224,0,0.2853,2.224,0.4658,0.4658,1.4839,0.2017,0.2017,2.224,0,0.7497,0.4946,0.4214,0.4214,0.9893,0,0.5959,0.9893,0.4214,0.4214,0.9893,0.7497,0,0.4946,0.5959,0,0.9893,0.5959,0,0.9893,0.5301,-0.2527,0.4946,0.4214,-0.2007,0.9893,0.4214,-0.2007,0.9893
,0,-0.3578,0.4946,0,-0.2842,0.9893,0,-0.3578,0.4946,-0.4214,-0.2007,0.9893,0,-0.2842,0.9893,-0.5301,-0.2527,0.4946,-0.5959,0,0.9893,-0.4214,-0.2007,0.9893,-0.7497,0,0.4946,-0.4214,0.4214,0.9893,-0.5959,0,0.9893,-0.5301,0.5301,0.4946,0,0.5959,0.9893,-0.4214,0.4214,0.9893,0,0.7497,-0.4946,0.4214,0.4214,0,0,0.5959,0
,0.5301,0.5301,-0.4946,0.5959,0,0,0.4214,0.4214,0,0.5959,0,0,0.5301,-0.2527,-0.4946,0.4214,-0.2007,0,0.4214,-0.2007,0,0,-0.3578,-0.4946,0,-0.2842,0,0,-0.3578,-0.4946,-0.4214,-0.2007,0,0,-0.2842,0,-0.5301,-0.2527,-0.4946,-0.5959,0,0,-0.4214,-0.2007,0,-0.5959,0,0,-0.5301,0.5301,-0.4946
,-0.4214,0.4214,0,-0.5301,0.5301,-0.4946,0,0.5959,0,-0.4214,0.4214,0,-0.471,0.471,-1.4839,0,0.5959,-0.9893,-0.4214,0.4214,-0.9893,-0.5959,0,-0.9893,-0.471,0.471,-1.4839,-0.4214,0.4214,-0.9893,-0.471,-0.2245,-1.4839,-0.5959,0,-0.9893,-0.4214,-0.2007,-0.9893,0,-0.3178,-1.4839,-0.4214,-0.2007,-0.9893,0,-0.2842,-0.9893,0.4214,-0.2007,-0.9893
,0,-0.3178,-1.4839,0,-0.2842,-0.9893,0.5959,0,-0.9893,0.471,-0.2245,-1.4839,0.4214,-0.2007,-0.9893,0.471,0.471,-1.4839,0.5959,0,-0.9893,0.4214,0.4214,-0.9893,0,0.6661,-1.4839,0.4214,0.4214,-0.9893,0,0.5959,-0.9893,-0.4905,0,-2.0019,-0.3468,-0.165,-2.2193,-0.4905,0,-2.2193,0,-0.2338,-2.0019,0.3468,-0.165,-2.2193,0,-0.2338,-2.2193
,-0.4905,0,-2.0019,-0.3468,0.3018,-2.2193,-0.3468,0.3468,-2.0019,0.4905,0,-2.0019,0.3468,0.3018,-2.2193,0.4905,0,-2.2193,0,-0.2338,-2.0019,-0.3468,-0.165,-2.2193,-0.3468,-0.165,-2.0019,-0.3468,0.3468,-2.0019,0,0.4455,-2.2193,0,0.4905,-2.0019,0.3468,0.3468,-2.0019,0,0.4455,-2.2193,0.3468,0.3018,-2.2193,0,0.4905,-2.0019,0.3468,0.3468,-2.0019
,0.471,0.471,-1.4839,0.471,0.471,-1.4839,0.3468,0.3468,-2.0019,0.4905,0,-2.0019,0.4905,0,-2.0019,0.3468,-0.165,-2.0019,0.471,-0.2245,-1.4839,0.3468,-0.165,-2.0019,0,-0.2338,-2.0019,0,-0.3178,-1.4839,0,-0.3178,-1.4839,0,-0.2338,-2.0019,-0.3468,-0.165,-2.0019,-0.471,-0.2245,-1.4839,-0.3468,-0.165,-2.0019,-0.4905,0,-2.0019,0.4905,0,-2.0019
,0.4905,0,-2.2193,0.3468,-0.165,-2.2193,-0.4905,0,-2.0019,-0.3468,0.3468,-2.0019,-0.471,0.471,-1.4839,-0.3468,0.3468,-2.0019,0,0.4905,-2.0019,0,0.6661,-1.4839,-0.2017,0.2017,2.224,0,0.2853,2.224,0,-0.1356,2.224,0.2017,0.2017,2.224,0.2853,0,2.224,0.2017,-0.0956,2.224,0.2017,-0.0956,2.224,0,-0.1356,2.224,0.2017,0.2017,2.224
,-0.2017,-0.0956,2.224,-0.2853,0,2.224,-0.2017,0.2017,2.224,0,0.2853,2.224,0.2017,0.2017,2.224,0,-0.1356,2.224,-0.4214,0.4214,0,0,0.5959,0,0,0.7497,0.4946,-0.5959,0,0,-0.4214,0.4214,0,-0.5301,0.5301,0.4946,-0.5301,-0.2527,0.4946,-0.4214,-0.2007,0,-0.5959,0,0,0,-0.3578,0.4946,0,-0.2842,0
,-0.4214,-0.2007,0,0.4214,-0.2007,0,0,-0.2842,0,0,-0.3578,0.4946,0.5959,0,0,0.4214,-0.2007,0,0.5301,-0.2527,0.4946,0.4214,0.4214,0,0.5959,0,0,0.7497,0,0.4946,0,0.5959,0,0.4214,0.4214,0,0.5301,0.5301,0.4946,-0.5301,0.5301,-0.4946,-0.4214,0.4214,-0.9893,0,0.5959,-0.9893,-0.5959,0,-0.9893
,-0.4214,0.4214,-0.9893,-0.5301,0.5301,-0.4946,-0.5301,-0.2527,-0.4946,-0.4214,-0.2007,-0.9893,-0.5959,0,-0.9893,0,-0.3578,-0.4946,0,-0.2842,-0.9893,-0.4214,-0.2007,-0.9893,0.4214,-0.2007,-0.9893,0,-0.2842,-0.9893,0,-0.3578,-0.4946,0.5959,0,-0.9893,0.4214,-0.2007,-0.9893,0.5301,-0.2527,-0.4946,0.5301,0.5301,-0.4946,0.4214,0.4214,-0.9893,0.5959,0,-0.9893
,0,0.5959,-0.9893,0.4214,0.4214,-0.9893,0.5301,0.5301,-0.4946,0,0.5959,0.9893,0.4214,0.4214,0.9893,0.4658,0.4658,1.4839,0.4658,0.4658,1.4839,0.4214,0.4214,0.9893,0.5959,0,0.9893,0.5959,0,0.9893,0.4214,-0.2007,0.9893,0.4658,-0.222,1.4839,0.4214,-0.2007,0.9893,0,-0.2842,0.9893,0,-0.3143,1.4839,0,-0.3143,1.4839,0,-0.2842,0.9893
,-0.4214,-0.2007,0.9893,-0.4658,-0.222,1.4839,-0.4214,-0.2007,0.9893,-0.5959,0,0.9893,-0.5959,0,0.9893,-0.4214,0.4214,0.9893,-0.4658,0.4658,1.4839,-0.4214,0.4214,0.9893,0,0.5959,0.9893,0,0.6588,1.4839,-0.4658,0.4658,1.4839,0,0.6588,1.4839,0,0.2853,2.224,-0.6588,0,1.4839,-0.4658,0.4658,1.4839,-0.2017,0.2017,2.224,-0.4658,-0.222,1.4839
,-0.6588,0,1.4839,-0.2853,0,2.224,0,-0.3143,1.4839,-0.4658,-0.222,1.4839,-0.2017,-0.0956,2.224,0.2017,-0.0956,2.224,0.4658,-0.222,1.4839,0,-0.3143,1.4839,0.2853,0,2.224,0.6588,0,1.4839,0.4658,-0.222,1.4839,0.4658,0.4658,1.4839,0.6588,0,1.4839,0.2853,0,2.224,0,0.2853,2.224,0,0.6588,1.4839,0.4658,0.4658,1.4839
