{"producer":{"name":"Blender","version":"2.79 (sub 0)","exporter_version":"5.6.3","file":"skeletonWarrior.babylon"},
"autoClear":true,"clearColor":[0,0,0],"ambientColor":[0,0,0],"gravity":[0,-9.81,0],
"materials":[{"name":"skeletonWarrior.skeletonWarrior","id":"skeletonWarrior.skeletonWarrior","ambient":[0.8,0.8,0.8],"diffuse":[0.64,0.64,0.64],"specular":[0,0,0],"emissive":[0,0,0],"specularPower":50,"alpha":1,"backFaceCulling":true,"checkReadyOnlyOnce":false,"maxSimultaneousLights":4, 
"diffuseTexture":{"name":"skeletonWarrior.png","level":1,"hasAlpha":1,"coordinatesMode":0,"uOffset":0,"vOffset":0,"uScale":1,"vScale":1,"uAng":0,"vAng":0,"wAng":0,"wrapU":1,"wrapV":1,"coordinatesIndex":0}}],
"multiMaterials":[],
"skeletons":[{"name":"metarig","id":0,"dimensionsAtRest":[2.6981,4.8573,1.658],"bones":[
{"name":"forearm.L.ik","index":0,"matrix":[1,0,0,0,0,0,1,0,0,1,0,0,0.5435,2.0287,-0.5206,1],"rest":[1,0,0,0,0,0,1,0,0,1,0,0,1.1895,2.6372,-0.0095,1],"parentBoneIndex":-1,"length":0.5914
,"animation":{"dataType":3,"framePerSecond":24,"keys":[
{"frame":0,"values":[1,0,0,0,0,0,1,0,0,1,0,0,0.5435,2.0287,-0.5206,1]},
{"frame":1,"values":[1,0,0,0,0,0,1,0,0,1,0,0,0.5435,2.0432,-0.5345,1]},
{"frame":2,"values":[1,0,0,0,0,0,1,0,0,1,0,0,0.5435,2.0878,-0.5763,1]},
{"frame":3,"values":[1,0,0,0,0,0,1,0,0,1,0,0,0.5435,2.1556,-0.6366,1]},
{"frame":4,"values":[1,0,0,0,0,0,1,0,0,1,0,0,0.5435,2.2289,-0.6968,1]},
{"frame":5,"values":[1,0,0,0,0,0,1,0,0,1,0,0,0.5435,2.2921,-0.742,1]},
{"frame":6,"values":[1,0,0,0,0,0,1,0,0,1,0,0,0.5255,2.3578,-0.7795,1]},
{"frame":7,"values":[1,0,0,0,0,0,1,0,0,1,0,0,0.4748,2.4381,-0.818,1]},
{"frame":8,"values":[1,0,0,0,0,0,1,0,0,1,0,0,0.4096,2.5149,-0.8505,1]},
{"frame":9,"values":[1,0,0,0,0,0,1,0,0,1,0,0,0.3588,2.5665,-0.8706,1]},
{"frame":10,"values":[1,0,0,0,0,0,1,0,0,1,0,0,0.3408,2.5834,-0.8768,1]},
{"frame":11,"values":[1,0,0,0,0,0,1,0,0,1,0,0,0.3898,2.4933,-0.7109,1]},
{"frame":12,"values":[1,0,0,0,0,0,1,0,0,1,0,0,0.4946,2.3004,-0.3002,1]},
{"frame":13,"values":[1,0,0,0,0,0,1,0,0,1,0,0,0.5435,2.2103,0.037,1]},
{"frame":14,"values":[1,0,0,0,0,0,1,0,0,1,0,0,0.5435,2.2128,0.2456,1]},
{"frame":15,"values":[1,0,0,0,0,0,1,0,0,1,0,0,0.5435,2.2153,0.3232,1]},
{"frame":16,"values":[1,0,0,0,0,0,1,0,0,1,0,0,0.5435,2.1987,0.2482,1]},
{"frame":17,"values":[1,0,0,0,0,0,1,0,0,1,0,0,0.5435,2.152,0.037,1]},
{"frame":18,"values":[1,0,0,0,0,0,1,0,0,1,0,0,0.5435,2.092,-0.2343,1]},
{"frame":19,"values":[1,0,0,0,0,0,1,0,0,1,0,0,0.5435,2.0453,-0.4456,1]},
{"frame":20,"values":[1,0,0,0,0,0,1,0,0,1,0,0,0.5435,2.0287,-0.5206,1]},
{"frame":30,"values":[1,0,0,0,0,0,1,0,0,1,0,0,0.5435,2.0287,-0.5206,1]},
{"frame":31,"values":[1,0,0,0,0,0,1,0,0,1,0,0,0.5435,1.982,-0.5206,1]},
{"frame":32,"values":[1,0,0,0,0,0,1,0,0,1,0,0,0.5435,1.8416,-0.5206,1]},
{"frame":33,"values":[1,0,0,0,0,0,1,0,0,1,0,0,0.5435,1.6132,-0.5206,1]},
{"frame":34,"values":[1,0,0,0,0,0,1,0,0,1,0,0,0.5435,1.3145,-0.5206,1]},
{"frame":35,"values":[1,0,0,0,0,0,1,0,0,1,0,0,0.5435,0.9762,-0.5206,1]},
{"frame":36,"values":[1,0,0,0,0,0,1,0,0,1,0,0,0.5435,0.6378,-0.5206,1]},
{"frame":37,"values":[1,0,0,0,0,0,1,0,0,1,0,0,0.5435,0.3391,-0.5206,1]},
{"frame":38,"values":[1,0,0,0,0,0,1,0,0,1,0,0,0.5435,0.1108,-0.5206,1]},
{"frame":39,"values":[1,0,0,0,0,0,1,0,0,1,0,0,0.5435,-0.0297,-0.5206,1]},
{"frame":40,"values":[1,0,0,0,0,0,1,0,0,1,0,0,0.5435,-0.0764,-0.5206,1]},
{"frame":46,"values":[1,0,0,0,0,0,1,0,0,1,0,0,0.5435,-0.0764,-0.5206,1]},
{"frame":60,"values":[1,0,0,0,0,0,1,0,0,1,0,0,0.5435,2.0287,-0.5206,1]},
{"frame":61,"values":[1,0,0,0,0,0,1,0,0,1,0,0,0.5435,2.0546,-0.5206,1]},
{"frame":62,"values":[1,0,0,0,0,0,1,0,0,1,0,0,0.5435,2.1313,-0.5206,1]},
{"frame":63,"values":[1,0,0,0,0,0,1,0,0,1,0,0,0.5435,2.2482,-0.5206,1]},
{"frame":64,"values":[1,0,0,0,0,0,1,0,0,1,0,0,0.5435,2.3808,-0.5206,1]},
{"frame":65,"values":[1,0,0,0,0,0,1,0,0,1,0,0,0.5435,2.4977,-0.5206,1]},
{"frame":66,"values":[1,0,0,0,0,0,1,0,0,1,0,0,0.5435,2.5744,-0.5206,1]},
{"frame":67,"values":[1,0,0,0,0,0,1,0,0,1,0,0,0.5435,2.6003,-0.5206,1]},
{"frame":68,"values":[1,0,0,0,0,0,1,0,0,1,0,0,0.5435,2.4622,-0.5206,1]},
{"frame":69,"values":[1,0,0,0,0,0,1,0,0,1,0,0,0.5435,2.1668,-0.5206,1]},
{"frame":70,"values":[1,0,0,0,0,0,1,0,0,1,0,0,0.5435,2.0287,-0.5206,1]},
{"frame":80,"values":[1,0,0,0,0,0,1,0,0,1,0,0,0.5435,2.5059,-0.5959,1]},
{"frame":81,"values":[1,0,0,0,0,0,1,0,0,1,0,0,0.5435,2.5317,-0.5959,1]},
{"frame":82,"values":[1,0,0,0,0,0,1,0,0,1,0,0,0.5435,2.6043,-0.5959,1]},
{"frame":83,"values":[1,0,0,0,0,0,1,0,0,1,0,0,0.5435,2.6975,-0.5959,1]},
{"frame":84,"values":[1,0,0,0,0,0,1,0,0,1,0,0,0.5435,2.7701,-0.5959,1]},
{"frame":85,"values":[1,0,0,0,0,0,1,0,0,1,0,0,0.5435,2.7959,-0.5959,1]},
{"frame":86,"values":[1,0,0,0,0,0,1,0,0,1,0,0,0.5435,2.7701,-0.5959,1]},
{"frame":87,"values":[1,0,0,0,0,0,1,0,0,1,0,0,0.5435,2.6975,-0.5959,1]},
{"frame":88,"values":[1,0,0,0,0,0,1,0,0,1,0,0,0.5435,2.6043,-0.5959,1]},
{"frame":89,"values":[1,0,0,0,0,0,1,0,0,1,0,0,0.5435,2.5317,-0.5959,1]},
{"frame":90,"values":[1,0,0,0,0,0,1,0,0,1,0,0,0.5435,2.5059,-0.5959,1]},
{"frame":91,"values":[1,0,0,0,0,0,1,0,0,1,0,0,0.5435,2.5317,-0.5959,1]},
{"frame":92,"values":[1,0,0,0,0,0,1,0,0,1,0,0,0.5435,2.6043,-0.5959,1]},
{"frame":93,"values":[1,0,0,0,0,0,1,0,0,1,0,0,0.5435,2.6975,-0.5959,1]},
{"frame":94,"values":[1,0,0,0,0,0,1,0,0,1,0,0,0.5435,2.7701,-0.5959,1]},
{"frame":95,"values":[1,0,0,0,0,0,1,0,0,1,0,0,0.5435,2.7959,-0.5959,1]},
{"frame":96,"values":[1,0,0,0,0,0,1,0,0,1,0,0,0.5435,2.7693,-0.5959,1]},
{"frame":97,"values":[1,0,0,0,0,0,1,0,0,1,0,0,0.5435,2.6808,-0.5959,1]},
{"frame":98,"values":[1,0,0,0,0,0,1,0,0,1,0,0,0.5435,2.5722,-0.5959,1]},
{"frame":99,"values":[1,0,0,0,0,0,1,0,0,1,0,0,0.5435,2.5317,-0.5959,1]},
{"frame":110,"values":[1,0,0,0,0,0,1,0,0,1,0,0,0.5435,2.0287,-0.5206,1]},
{"frame":111,"values":[1,0,0,0,0,0,1,0,0,1,0,0,0.5435,2.0291,-0.5197,1]},
{"frame":112,"values":[1,0,0,0,0,0,1,0,0,1,0,0,0.5435,2.0304,-0.517,1]},
{"frame":113,"values":[1,0,0,0,0,0,1,0,0,1,0,0,0.5435,2.0325,-0.5124,1]},
{"frame":114,"values":[1,0,0,0,0,0,1,0,0,1,0,0,0.5435,2.0355,-0.5061,1]},
{"frame":115,"values":[1,0,0,0,0,0,1,0,0,1,0,0,0.5435,2.0393,-0.498,1]},
{"frame":116,"values":[1,0,0,0,0,0,1,0,0,1,0,0,0.5435,2.0439,-0.4883,1]},
{"frame":117,"values":[1,0,0,0,0,0,1,0,0,1,0,0,0.5435,2.0491,-0.4773,1]},
{"frame":118,"values":[1,0,0,0,0,0,1,0,0,1,0,0,0.5435,2.0548,-0.4652,1]},
{"frame":119,"values":[1,0,0,0,0,0,1,0,0,1,0,0,0.5435,2.0609,-0.4522,1]},
{"frame":120,"values":[1,0,0,0,0,0,1,0,0,1,0,0,0.5435,2.0671,-0.4389,1]},
{"frame":121,"values":[1,0,0,0,0,0,1,0,0,1,0,0,0.5435,2.0734,-0.4256,1]},
{"frame":122,"values":[1,0,0,0,0,0,1,0,0,1,0,0,0.5435,2.0795,-0.4127,1]},
{"frame":123,"values":[1,0,0,0,0,0,1,0,0,1,0,0,0.5435,2.0852,-0.4005,1]},
{"frame":124,"values":[1,0,0,0,0,0,1,0,0,1,0,0,0.5435,2.0904,-0.3895,1]},
{"frame":125,"values":[1,0,0,0,0,0,1,0,0,1,0,0,0.5435,2.095,-0.3798,1]},
{"frame":126,"values":[1,0,0,0,0,0,1,0,0,1,0,0,0.5435,2.0988,-0.3718,1]},
{"frame":127,"values":[1,0,0,0,0,0,1,0,0,1,0,0,0.5435,2.1017,-0.3654,1]},
{"frame":128,"values":[1,0,0,0,0,0,1,0,0,1,0,0,0.5435,2.1039,-0.3609,1]},
{"frame":129,"values":[1,0,0,0,0,0,1,0,0,1,0,0,0.5435,2.1052,-0.3582,1]},
{"frame":130,"values":[1,0,0,0,0,0,1,0,0,1,0,0,0.5435,2.1056,-0.3573,1]},
{"frame":131,"values":[1,0,0,0,0,0,1,0,0,1,0,0,0.5435,2.1049,-0.3586,1]},
{"frame":132,"values":[1,0,0,0,0,0,1,0,0,1,0,0,0.5435,2.103,-0.3628,1]},
{"frame":133,"values":[1,0,0,0,0,0,1,0,0,1,0,0,0.5435,2.0997,-0.3698,1]},
{"frame":134,"values":[1,0,0,0,0,0,1,0,0,1,0,0,0.5435,2.0952,-0.3793,1]},
{"frame":135,"values":[1,0,0,0,0,0,1,0,0,1,0,0,0.5435,2.0896,-0.3912,1]},
{"frame":136,"values":[1,0,0,0,0,0,1,0,0,1,0,0,0.5435,2.0831,-0.405,1]},
{"frame":137,"values":[1,0,0,0,0,0,1,0,0,1,0,0,0.5435,2.0761,-0.4199,1]},
{"frame":138,"values":[1,0,0,0,0,0,1,0,0,1,0,0,0.5435,2.0688,-0.4353,1]},
{"frame":139,"values":[1,0,0,0,0,0,1,0,0,1,0,0,0.5435,2.0618,-0.4502,1]},
{"frame":140,"values":[1,0,0,0,0,0,1,0,0,1,0,0,0.5435,2.0553,-0.464,1]},
{"frame":141,"values":[1,0,0,0,0,0,1,0,0,1,0,0,0.5435,2.0497,-0.4759,1]},
{"frame":142,"values":[1,0,0,0,0,0,1,0,0,1,0,0,0.5435,2.0452,-0.4855,1]},
{"frame":143,"values":[1,0,0,0,0,0,1,0,0,1,0,0,0.5435,2.0419,-0.4924,1]},
{"frame":144,"values":[1,0,0,0,0,0,1,0,0,1,0,0,0.5435,2.04,-0.4966,1]},
{"frame":145,"values":[1,0,0,0,0,0,1,0,0,1,0,0,0.5435,2.0393,-0.498,1]}],"loopBehavior":1,"name":"anim","property":"_matrix"}},
{"name":"hand.L","index":1,"matrix":[-0.0526,0.9901,-0.1303,0,0.2548,-0.1129,-0.9604,0,-0.9656,-0.0837,-0.2464,0,0,0,0,1],"rest":[-0.0526,0.9901,-0.1303,0,0.2548,-0.1129,-0.9604,0,-0.9656,-0.0837,-0.2464,0,0,0,0,1],"parentBoneIndex":0,"length":0.2494
,"animation":{"dataType":3,"framePerSecond":24,"keys":[
{"frame":0,"values":[-0.0526,0.9901,-0.1303,0,0.2548,-0.1129,-0.9604,0,-0.9656,-0.0837,-0.2464,0,0,0,0,1]},
{"frame":20,"values":[-0.0526,0.9901,-0.1303,0,0.2548,-0.1129,-0.9604,0,-0.9656,-0.0837,-0.2464,0,0,0,0,1]},
{"frame":30,"values":[-0.0526,0.9901,-0.1303,0,0.2548,-0.1129,-0.9604,0,-0.9656,-0.0837,-0.2464,0,0,0,0,1]},
{"frame":46,"values":[-0.0526,0.9901,-0.1303,0,0.2548,-0.1129,-0.9604,0,-0.9656,-0.0837,-0.2464,0,0,0,0,1]},
{"frame":60,"values":[-0.0526,0.9901,-0.1303,0,0.2548,-0.1129,-0.9604,0,-0.9656,-0.0837,-0.2464,0,0,0,0,1]},
{"frame":70,"values":[-0.0526,0.9901,-0.1303,0,0.2548,-0.1129,-0.9604,0,-0.9656,-0.0837,-0.2464,0,0,0,0,1]},
{"frame":80,"values":[-0.0526,0.9901,-0.1303,0,0.2548,-0.1129,-0.9604,0,-0.9656,-0.0837,-0.2464,0,0,0,0,1]},
{"frame":99,"values":[-0.0526,0.9901,-0.1303,0,0.2548,-0.1129,-0.9604,0,-0.9656,-0.0837,-0.2464,0,0,0,0,1]},
{"frame":110,"values":[-0.0526,0.9901,-0.1303,0,0.2548,-0.1129,-0.9604,0,-0.9656,-0.0837,-0.2464,0,0,0,0,1]},
{"frame":145,"values":[-0.0526,0.9901,-0.1303,0,0.2548,-0.1129,-0.9604,0,-0.9656,-0.0837,-0.2464,0,0,0,0,1]}],"loopBehavior":1,"name":"anim","property":"_matrix"}},
{"name":"Finger_Bone1.L","index":2,"matrix":[0.0552,0.8734,-0.4839,0,0.0002,0.4846,0.8747,0,0.9985,-0.0484,0.0266,0,0,0.2494,0,1],"rest":[-0.0517,0.2862,-0.9568,0,0.0044,0.9581,0.2863,0,0.9987,0.0106,-0.0508,0,0,0.2494,0,1],"parentBoneIndex":1,"length":0.1634
,"animation":{"dataType":3,"framePerSecond":24,"keys":[
{"frame":0,"values":[0.0552,0.8734,-0.4839,0,0.0002,0.4846,0.8747,0,0.9985,-0.0484,0.0266,0,0,0.2494,0,1]},
{"frame":20,"values":[0.0552,0.8734,-0.4839,0,0.0002,0.4846,0.8747,0,0.9985,-0.0484,0.0266,0,0,0.2494,0,1]},
{"frame":30,"values":[0.0552,0.8734,-0.4839,0,0.0002,0.4846,0.8747,0,0.9985,-0.0484,0.0266,0,0,0.2494,0,1]},
{"frame":46,"values":[0.0552,0.8734,-0.4839,0,0.0002,0.4846,0.8747,0,0.9985,-0.0484,0.0266,0,0,0.2494,0,1]},
{"frame":60,"values":[0.0552,0.8734,-0.4839,0,0.0002,0.4846,0.8747,0,0.9985,-0.0484,0.0266,0,0,0.2494,0,1]},
{"frame":70,"values":[0.0552,0.8734,-0.4839,0,0.0002,0.4846,0.8747,0,0.9985,-0.0484,0.0266,0,0,0.2494,0,1]},
{"frame":80,"values":[0.0552,0.8734,-0.4839,0,0.0002,0.4846,0.8747,0,0.9985,-0.0484,0.0266,0,0,0.2494,0,1]},
{"frame":99,"values":[0.0552,0.8734,-0.4839,0,0.0002,0.4846,0.8747,0,0.9985,-0.0484,0.0266,0,0,0.2494,0,1]},
{"frame":110,"values":[0.0552,0.8734,-0.4839,0,0.0002,0.4846,0.8747,0,0.9985,-0.0484,0.0266,0,0,0.2494,0,1]},
{"frame":145,"values":[0.0552,0.8734,-0.4839,0,0.0002,0.4846,0.8747,0,0.9985,-0.0484,0.0266,0,0,0.2494,0,1]}],"loopBehavior":1,"name":"anim","property":"_matrix"}},
{"name":"Finger_Bone2.L","index":3,"matrix":[-0.2242,0.9677,0.1149,0,-0.9682,-0.2077,-0.1395,0,-0.1111,-0.1425,0.9835,0,0,0.1634,0,1],"rest":[0.9071,0.4182,0.048,0,-0.4189,0.908,0.0061,0,-0.041,-0.0256,0.9988,0,0,0.1634,0,1],"parentBoneIndex":2,"length":0.1464
,"animation":{"dataType":3,"framePerSecond":24,"keys":[
{"frame":0,"values":[-0.2242,0.9677,0.1149,0,-0.9682,-0.2077,-0.1395,0,-0.1111,-0.1425,0.9835,0,0,0.1634,0,1]},
{"frame":20,"values":[-0.2242,0.9677,0.1149,0,-0.9682,-0.2077,-0.1395,0,-0.1111,-0.1425,0.9835,0,0,0.1634,0,1]},
{"frame":30,"values":[-0.2242,0.9677,0.1149,0,-0.9682,-0.2077,-0.1395,0,-0.1111,-0.1425,0.9835,0,0,0.1634,0,1]},
{"frame":46,"values":[-0.2242,0.9677,0.1149,0,-0.9682,-0.2077,-0.1395,0,-0.1111,-0.1425,0.9835,0,0,0.1634,0,1]},
{"frame":60,"values":[-0.2242,0.9677,0.1149,0,-0.9682,-0.2077,-0.1395,0,-0.1111,-0.1425,0.9835,0,0,0.1634,0,1]},
{"frame":70,"values":[-0.2242,0.9677,0.1149,0,-0.9682,-0.2077,-0.1395,0,-0.1111,-0.1425,0.9835,0,0,0.1634,0,1]},
{"frame":80,"values":[-0.2242,0.9677,0.1149,0,-0.9682,-0.2077,-0.1395,0,-0.1111,-0.1425,0.9835,0,0,0.1634,0,1]},
{"frame":99,"values":[-0.2242,0.9677,0.1149,0,-0.9682,-0.2077,-0.1395,0,-0.1111,-0.1425,0.9835,0,0,0.1634,0,1]},
{"frame":110,"values":[-0.2242,0.9677,0.1149,0,-0.9682,-0.2077,-0.1395,0,-0.1111,-0.1425,0.9835,0,0,0.1634,0,1]},
{"frame":145,"values":[-0.2242,0.9677,0.1149,0,-0.9682,-0.2077,-0.1395,0,-0.1111,-0.1425,0.9835,0,0,0.1634,0,1]}],"loopBehavior":1,"name":"anim","property":"_matrix"}},
{"name":"knee_pole.L","index":4,"matrix":[1,0,0,0,0,1,0,0,0,0,-1,0,0.3328,1.3943,-1.0731,1],"rest":[1,0,0,0,0,1,0,0,0,0,-1,0,0.3328,1.3943,-1.0731,1],"parentBoneIndex":-1,"length":0.7
,"animation":{"dataType":3,"framePerSecond":24,"keys":[
{"frame":0,"values":[1,0,0,0,0,1,0,0,0,0,-1,0,0.3328,1.3943,-1.0731,1]},
{"frame":20,"values":[1,0,0,0,0,1,0,0,0,0,-1,0,0.3328,1.3943,-1.0731,1]},
{"frame":30,"values":[1,0,0,0,0,1,0,0,0,0,-1,0,0.3328,1.3943,-1.0731,1]},
{"frame":46,"values":[1,0,0,0,0,1,0,0,0,0,-1,0,0.3328,1.3943,-1.0731,1]},
{"frame":60,"values":[1,0,0,0,0,1,0,0,0,0,-1,0,0.3328,1.3943,-1.0731,1]},
{"frame":70,"values":[1,0,0,0,0,1,0,0,0,0,-1,0,0.3328,1.3943,-1.0731,1]},
{"frame":80,"values":[1,0,0,0,0,1,0,0,0,0,-1,0,0.3328,1.3943,-1.0731,1]},
{"frame":99,"values":[1,0,0,0,0,1,0,0,0,0,-1,0,0.3328,1.3943,-1.0731,1]},
{"frame":110,"values":[1,0,0,0,0,1,0,0,0,0,-1,0,0.3328,1.3943,-1.0731,1]},
{"frame":145,"values":[1,0,0,0,0,1,0,0,0,0,-1,0,0.3328,1.3943,-1.0731,1]}],"loopBehavior":1,"name":"anim","property":"_matrix"}},
{"name":"arm_pole.L","index":5,"matrix":[1,0,0,0,0,1,0,0,0,0,-1,0,0.9972,3.0135,-1.0426,1],"rest":[1,0,0,0,0,1,0,0,0,0,-1,0,0.9972,3.0135,-1.0426,1],"parentBoneIndex":-1,"length":0.6945
,"animation":{"dataType":3,"framePerSecond":24,"keys":[
{"frame":0,"values":[1,0,0,0,0,1,0,0,0,0,-1,0,0.9972,3.0135,-1.0426,1]},
{"frame":1,"values":[1,0,0,0,0,1,0,0,0,0,-1,0,0.9407,3.0135,-1.0426,1]},
{"frame":2,"values":[1,0,0,0,0,1,0,0,0,0,-1,0,0.7734,3.0135,-1.0426,1]},
{"frame":3,"values":[1,0,0,0,0,1,0,0,0,0,-1,0,0.5371,3.0135,-1.0426,1]},
{"frame":4,"values":[1,0,0,0,0,1,0,0,0,0,-1,0,0.3112,3.0135,-1.0426,1]},
{"frame":5,"values":[1,0,0,0,0,1,0,0,0,0,-1,0,0.155,3.0135,-1.0426,1]},
{"frame":6,"values":[1,0,0,0,0,1,0,0,0,0,-1,0,0.0476,3.0135,-1.0426,1]},
{"frame":7,"values":[1,0,0,0,0,1,0,0,0,0,-1,0,-0.0407,3.0135,-1.0426,1]},
{"frame":8,"values":[1,0,0,0,0,1,0,0,0,0,-1,0,-0.1004,3.0135,-1.0426,1]},
{"frame":9,"values":[1,0,0,0,0,1,0,0,0,0,-1,0,-0.1301,3.0135,-1.0426,1]},
{"frame":10,"values":[1,0,0,0,0,1,0,0,0,0,-1,0,-0.1378,3.0135,-1.0426,1]},
{"frame":11,"values":[1,0,0,0,0,1,0,0,0,0,-1,0,-0.0369,3.0135,-1.0426,1]},
{"frame":12,"values":[1,0,0,0,0,1,0,0,0,0,-1,0,0.2473,3.0135,-1.0426,1]},
{"frame":13,"values":[1,0,0,0,0,1,0,0,0,0,-1,0,0.6122,3.0135,-1.0426,1]},
{"frame":14,"values":[1,0,0,0,0,1,0,0,0,0,-1,0,0.8963,3.0135,-1.0426,1]},
{"frame":15,"values":[1,0,0,0,0,1,0,0,0,0,-1,0,0.9972,3.0135,-1.0426,1]},
{"frame":20,"values":[1,0,0,0,0,1,0,0,0,0,-1,0,0.9972,3.0135,-1.0426,1]},
{"frame":30,"values":[1,0,0,0,0,1,0,0,0,0,-1,0,0.9972,3.0135,-1.0426,1]},
{"frame":31,"values":[1,0,0,0,0,1,0,0,0,0,-1,0,0.8999,2.9629,-1.0426,1]},
{"frame":32,"values":[1,0,0,0,0,1,0,0,0,0,-1,0,0.607,2.8106,-1.0426,1]},
{"frame":33,"values":[1,0,0,0,0,1,0,0,0,0,-1,0,0.1308,2.563,-1.0426,1]},
{"frame":34,"values":[1,0,0,0,0,1,0,0,0,0,-1,0,-0.4921,2.2391,-1.0426,1]},
{"frame":35,"values":[1,0,0,0,0,1,0,0,0,0,-1,0,-1.1977,1.8722,-1.0426,1]},
{"frame":36,"values":[1,0,0,0,0,1,0,0,0,0,-1,0,-1.9034,1.5053,-1.0426,1]},
{"frame":37,"values":[1,0,0,0,0,1,0,0,0,0,-1,0,-2.5263,1.1815,-1.0426,1]},
{"frame":38,"values":[1,0,0,0,0,1,0,0,0,0,-1,0,-3.0025,0.9339,-1.0426,1]},
{"frame":39,"values":[1,0,0,0,0,1,0,0,0,0,-1,0,-3.2954,0.7816,-1.0426,1]},
{"frame":40,"values":[1,0,0,0,0,1,0,0,0,0,-1,0,-3.3927,0.731,-1.0426,1]},
{"frame":46,"values":[1,0,0,0,0,1,0,0,0,0,-1,0,-3.3927,0.731,-1.0426,1]},
{"frame":60,"values":[1,0,0,0,0,1,0,0,0,0,-1,0,0.9972,3.0135,-1.0426,1]},
{"frame":70,"values":[1,0,0,0,0,1,0,0,0,0,-1,0,0.9972,3.0135,-1.0426,1]},
{"frame":80,"values":[1,0,0,0,0,1,0,0,0,0,-1,0,0.0887,4.6893,-0.3693,1]},
{"frame":99,"values":[1,0,0,0,0,1,0,0,0,0,-1,0,0.0887,4.6893,-0.3693,1]},
{"frame":110,"values":[1,0,0,0,0,1,0,0,0,0,-1,0,0.9972,3.0135,-1.0426,1]},
{"frame":145,"values":[1,0,0,0,0,1,0,0,0,0,-1,0,0.9972,3.0135,-1.0426,1]}],"loopBehavior":1,"name":"anim","property":"_matrix"}},
{"name":"forearm.R.ik","index":6,"matrix":[1,0,0,0,0,0,1,0,0,1,0,0,-0.7705,2.3695,0.5267,1],"rest":[1,0,0,0,0,0,1,0,0,1,0,0,-1.1895,2.6372,-0.0095,1],"parentBoneIndex":-1,"length":0.5914
,"animation":{"dataType":3,"framePerSecond":24,"keys":[
{"frame":0,"values":[1,0,0,0,0,0,1,0,0,1,0,0,-0.7705,2.3695,0.5267,1]},
{"frame":1,"values":[1,0,0,0,0,0,1,0,0,1,0,0,-0.8024,2.386,0.565,1]},
{"frame":2,"values":[1,0,0,0,0,0,1,0,0,1,0,0,-0.8973,2.4364,0.6727,1]},
{"frame":3,"values":[1,0,0,0,0,0,1,0,0,1,0,0,-1.0321,2.5122,0.811,1]},
{"frame":4,"values":[1,0,0,0,0,0,1,0,0,1,0,0,-1.1625,2.5926,0.9188,1]},
{"frame":5,"values":[1,0,0,0,0,0,1,0,0,1,0,0,-1.2549,2.6601,0.957,1]},
{"frame":6,"values":[1,0,0,0,0,0,1,0,0,1,0,0,-1.3224,2.7276,0.9548,1]},
{"frame":7,"values":[1,0,0,0,0,0,1,0,0,1,0,0,-1.3825,2.808,0.9353,1]},
{"frame":8,"values":[1,0,0,0,0,0,1,0,0,1,0,0,-1.4272,2.8837,0.8753,1]},
{"frame":9,"values":[1,0,0,0,0,0,1,0,0,1,0,0,-1.4518,2.9342,0.76,1]},
{"frame":10,"values":[1,0,0,0,0,0,1,0,0,1,0,0,-1.4588,2.9506,0.5948,1]},
{"frame":11,"values":[1,0,0,0,0,0,1,0,0,1,0,0,-1.4482,2.8655,0.2731,1]},
{"frame":12,"values":[1,0,0,0,0,0,1,0,0,1,0,0,-1.3576,2.6324,-0.2679,1]},
{"frame":13,"values":[1,0,0,0,0,0,1,0,0,1,0,0,-1.137,2.3904,-0.7873,1]},
{"frame":14,"values":[1,0,0,0,0,0,1,0,0,1,0,0,-0.5838,2.1069,-1.3451,1]},
{"frame":15,"values":[1,0,0,0,0,0,1,0,0,1,0,0,-0.1914,1.9436,-1.6428,1]},
{"frame":16,"values":[1,0,0,0,0,0,1,0,0,1,0,0,-0.2593,1.9814,-1.4599,1]},
{"frame":17,"values":[1,0,0,0,0,0,1,0,0,1,0,0,-0.3935,2.0881,-1.0356,1]},
{"frame":18,"values":[1,0,0,0,0,0,1,0,0,1,0,0,-0.5435,2.225,-0.444,1]},
{"frame":19,"values":[1,0,0,0,0,0,1,0,0,1,0,0,-0.7071,2.3317,0.2501,1]},
{"frame":20,"values":[1,0,0,0,0,0,1,0,0,1,0,0,-0.7705,2.3695,0.5267,1]},
{"frame":30,"values":[1,0,0,0,0,0,1,0,0,1,0,0,-0.7705,2.3695,0.5267,1]},
{"frame":31,"values":[1,0,0,0,0,0,1,0,0,1,0,0,-0.7705,2.3229,0.5267,1]},
{"frame":32,"values":[1,0,0,0,0,0,1,0,0,1,0,0,-0.7705,2.1824,0.5267,1]},
{"frame":33,"values":[1,0,0,0,0,0,1,0,0,1,0,0,-0.7705,1.9541,0.5267,1]},
{"frame":34,"values":[1,0,0,0,0,0,1,0,0,1,0,0,-0.7705,1.6554,0.5267,1]},
{"frame":35,"values":[1,0,0,0,0,0,1,0,0,1,0,0,-0.7705,1.317,0.5267,1]},
{"frame":36,"values":[1,0,0,0,0,0,1,0,0,1,0,0,-0.7705,0.9786,0.5267,1]},
{"frame":37,"values":[1,0,0,0,0,0,1,0,0,1,0,0,-0.7705,0.68,0.5267,1]},
{"frame":38,"values":[1,0,0,0,0,0,1,0,0,1,0,0,-0.7705,0.4516,0.5267,1]},
{"frame":39,"values":[1,0,0,0,0,0,1,0,0,1,0,0,-0.7705,0.3112,0.5267,1]},
{"frame":40,"values":[1,0,0,0,0,0,1,0,0,1,0,0,-0.7705,0.2645,0.5267,1]},
{"frame":46,"values":[1,0,0,0,0,0,1,0,0,1,0,0,-0.7705,0.2645,0.5267,1]},
{"frame":60,"values":[1,0,0,0,0,0,1,0,0,1,0,0,-0.7705,2.3695,0.5267,1]},
{"frame":61,"values":[1,0,0,0,0,0,1,0,0,1,0,0,-0.7705,2.3766,0.5267,1]},
{"frame":62,"values":[1,0,0,0,0,0,1,0,0,1,0,0,-0.7705,2.3974,0.5267,1]},
{"frame":63,"values":[1,0,0,0,0,0,1,0,0,1,0,0,-0.7705,2.4291,0.5267,1]},
{"frame":64,"values":[1,0,0,0,0,0,1,0,0,1,0,0,-0.7705,2.465,0.5267,1]},
{"frame":65,"values":[1,0,0,0,0,0,1,0,0,1,0,0,-0.7705,2.4967,0.5267,1]},
{"frame":66,"values":[1,0,0,0,0,0,1,0,0,1,0,0,-0.7705,2.5175,0.5267,1]},
{"frame":67,"values":[1,0,0,0,0,0,1,0,0,1,0,0,-0.7705,2.5246,0.5267,1]},
{"frame":68,"values":[1,0,0,0,0,0,1,0,0,1,0,0,-0.7705,2.4871,0.5267,1]},
{"frame":69,"values":[1,0,0,0,0,0,1,0,0,1,0,0,-0.7705,2.407,0.5267,1]},
{"frame":70,"values":[1,0,0,0,0,0,1,0,0,1,0,0,-0.7705,2.3695,0.5267,1]},
{"frame":80,"values":[1,0,0,0,0,0,1,0,0,1,0,0,-0.7705,2.4349,-0.1526,1]},
{"frame":81,"values":[1,0,0,0,0,0,1,0,0,1,0,0,-0.7705,2.4628,-0.1987,1]},
{"frame":82,"values":[1,0,0,0,0,0,1,0,0,1,0,0,-0.7705,2.5225,-0.2972,1]},
{"frame":83,"values":[1,0,0,0,0,0,1,0,0,1,0,0,-0.7705,2.5504,-0.3433,1]},
{"frame":84,"values":[1,0,0,0,0,0,1,0,0,1,0,0,-0.7705,2.5298,-0.298,1]},
{"frame":85,"values":[1,0,0,0,0,0,1,0,0,1,0,0,-0.7705,2.4784,-0.1789,1]},
{"frame":86,"values":[1,0,0,0,0,0,1,0,0,1,0,0,-0.7705,2.4349,-0.0652,1]},
{"frame":87,"values":[1,0,0,0,0,0,1,0,0,1,0,0,-0.7705,2.4136,0.021,1]},
{"frame":88,"values":[1,0,0,0,0,0,1,0,0,1,0,0,-0.7705,2.4187,0.2151,1]},
{"frame":89,"values":[1,0,0,0,0,0,1,0,0,1,0,0,-0.7705,2.4298,0.4496,1]},
{"frame":90,"values":[1,0,0,0,0,0,1,0,0,1,0,0,-0.7705,2.4349,0.5441,1]},
{"frame":91,"values":[1,0,0,0,0,0,1,0,0,1,0,0,-0.7705,2.3974,0.5352,1]},
{"frame":92,"values":[1,0,0,0,0,0,1,0,0,1,0,0,-0.7705,2.3969,0.5282,1]},
{"frame":93,"values":[1,0,0,0,0,0,1,0,0,1,0,0,-0.7705,2.3968,0.5063,1]},
{"frame":94,"values":[1,0,0,0,0,0,1,0,0,1,0,0,-0.7705,2.3966,0.4665,1]},
{"frame":95,"values":[1,0,0,0,0,0,1,0,0,1,0,0,-0.7705,2.3966,0.4073,1]},
{"frame":96,"values":[1,0,0,0,0,0,1,0,0,1,0,0,-0.7705,2.3966,0.3179,1]},
{"frame":97,"values":[1,0,0,0,0,0,1,0,0,1,0,0,-0.7705,2.4045,0.1627,1]},
{"frame":98,"values":[1,0,0,0,0,0,1,0,0,1,0,0,-0.7705,2.4216,-0.028,1]},
{"frame":99,"values":[1,0,0,0,0,0,1,0,0,1,0,0,-0.7705,2.4296,-0.1052,1]},
{"frame":110,"values":[1,0,0,0,0,0,1,0,0,1,0,0,-0.7705,2.3695,0.5267,1]},
{"frame":145,"values":[1,0,0,0,0,0,1,0,0,1,0,0,-0.7705,2.3695,0.5267,1]}],"loopBehavior":1,"name":"anim","property":"_matrix"}},
{"name":"root","index":7,"matrix":[1,0,0,0,0,0,-1,0,0,-1,0,0,0,0,0.3263,1],"rest":[1,0,0,0,0,0,-1,0,0,-1,0,0,0,0,0.3263,1],"parentBoneIndex":-1,"length":1.1261
,"animation":{"dataType":3,"framePerSecond":24,"keys":[
{"frame":0,"values":[1,0,0,0,0,0,-1,0,0,-1,0,0,0,0,0.3263,1]},
{"frame":20,"values":[1,0,0,0,0,0,-1,0,0,-1,0,0,0,0,0.3263,1]},
{"frame":30,"values":[1,0,0,0,0,0,-1,0,0,-1,0,0,0,0,0.3263,1]},
{"frame":46,"values":[1,0,0,0,0,0,-1,0,0,-1,0,0,0,0,0.3263,1]},
{"frame":60,"values":[1,0,0,0,0,0,-1,0,0,-1,0,0,0,0,0.3263,1]},
{"frame":70,"values":[1,0,0,0,0,0,-1,0,0,-1,0,0,0,0,0.3263,1]},
{"frame":80,"values":[1,0,0,0,0,0,-1,0,0,-1,0,0,0,0,0.3263,1]},
{"frame":99,"values":[1,0,0,0,0,0,-1,0,0,-1,0,0,0,0,0.3263,1]},
{"frame":110,"values":[1,0,0,0,0,0,-1,0,0,-1,0,0,0,0,0.3263,1]},
{"frame":145,"values":[1,0,0,0,0,0,-1,0,0,-1,0,0,0,0,0.3263,1]}],"loopBehavior":1,"name":"anim","property":"_matrix"}},
{"name":"heel.L","index":8,"matrix":[-1,0,0,0,0,-0.9518,0.3067,0,0,0.3067,0.9518,0,0.3469,0.6317,-0.1367,1],"rest":[-1,0,0,0,0,-0.9518,0.3067,0,0,0.3067,0.9518,0,0.3253,0.2268,-0.1367,1],"parentBoneIndex":7,"length":0.51
,"animation":{"dataType":3,"framePerSecond":24,"keys":[
{"frame":0,"values":[-1,0,0,0,0,-0.9518,0.3067,0,0,0.3067,0.9518,0,0.3469,0.6317,-0.1367,1]},
{"frame":20,"values":[-1,0,0,0,0,-0.9518,0.3067,0,0,0.3067,0.9518,0,0.3469,0.6317,-0.1367,1]},
{"frame":30,"values":[-1,0,0,0,0,-0.9518,0.3067,0,0,0.3067,0.9518,0,0.3469,0.6317,-0.1367,1]},
{"frame":31,"values":[-1,0,0,0,0,-0.9518,0.3067,0,0,0.3067,0.9518,0,0.3469,0.6427,-0.1367,1]},
{"frame":32,"values":[-1,0,0,0,0,-0.9518,0.3067,0,0,0.3067,0.9518,0,0.3469,0.6754,-0.1367,1]},
{"frame":33,"values":[-1,0,0,0,0,-0.9518,0.3067,0,0,0.3067,0.9518,0,0.3469,0.7269,-0.1367,1]},
{"frame":34,"values":[-1,0,0,0,0,-0.9518,0.3067,0,0,0.3067,0.9518,0,0.3469,0.7897,-0.1367,1]},
{"frame":35,"values":[-1,0,0,0,0,-0.9518,0.3067,0,0,0.3067,0.9518,0,0.3469,0.8524,-0.1367,1]},
{"frame":36,"values":[-1,0,0,0,0,-0.9518,0.3067,0,0,0.3067,0.9518,0,0.3469,0.904,-0.1367,1]},
{"frame":37,"values":[-1,0,0,0,0,-0.9518,0.3067,0,0,0.3067,0.9518,0,0.3469,0.9367,-0.1367,1]},
{"frame":38,"values":[-1,0,0,0,0,-0.9518,0.3067,0,0,0.3067,0.9518,0,0.3469,0.9477,-0.1367,1]},
{"frame":39,"values":[-1,0,0,0,0,-0.9518,0.3067,0,0,0.3067,0.9518,0,0.3469,0.9337,-0.1367,1]},
{"frame":40,"values":[-1,0,0,0,0,-0.9518,0.3067,0,0,0.3067,0.9518,0,0.3469,0.8973,-0.1367,1]},
{"frame":41,"values":[-1,0,0,0,0,-0.9518,0.3067,0,0,0.3067,0.9518,0,0.3469,0.8609,-0.1367,1]},
{"frame":42,"values":[-1,0,0,0,0,-0.9518,0.3067,0,0,0.3067,0.9518,0,0.3469,0.847,-0.1367,1]},
{"frame":46,"values":[-1,0,0,0,0,-0.9518,0.3067,0,0,0.3067,0.9518,0,0.3469,0.847,-0.1367,1]},
{"frame":60,"values":[-1,0,0,0,0,-0.9518,0.3067,0,0,0.3067,0.9518,0,0.3469,0.6317,-0.1367,1]},
{"frame":70,"values":[-1,0,0,0,0,-0.9518,0.3067,0,0,0.3067,0.9518,0,0.3469,0.6317,-0.1367,1]},
{"frame":80,"values":[-1,0,0,0,0,-0.9518,0.3067,0,0,0.3067,0.9518,0,0.3469,1.1265,-0.1367,1]},
{"frame":81,"values":[-1,0,0,0,0,-0.9518,0.3067,0,0,0.3067,0.9518,0,0.3469,1.1216,-0.1359,1]},
{"frame":82,"values":[-1,0,0,0,0,-0.9518,0.3067,0,0,0.3067,0.9518,0,0.3469,1.0798,-0.1294,1]},
{"frame":83,"values":[-1,0,0,0,0,-0.9518,0.3067,0,0,0.3067,0.9518,0,0.3469,0.978,-0.1136,1]},
{"frame":84,"values":[-1,0,0,0,0,-0.9518,0.3067,0,0,0.3067,0.9518,0,0.3469,0.8039,-0.1034,1]},
{"frame":85,"values":[-1,0,0,0,0,-0.9518,0.3067,0,0,0.3067,0.9518,0,0.3469,0.5547,-0.1152,1]},
{"frame":86,"values":[-1,0,0,0,0,-0.9518,0.3067,0,0,0.3067,0.9518,0,0.3469,0.3156,-0.1397,1]},
{"frame":87,"values":[-1,0,0,0,0,-0.9518,0.3067,0,0,0.3067,0.9518,0,0.3469,0.0726,-0.1634,1]},
{"frame":88,"values":[-1,0,0,0,0,-0.9518,0.3067,0,0,0.3067,0.9518,0,0.3469,-0.198,-0.191,1]},
{"frame":89,"values":[-1,0,0,0,0,-0.9518,0.3067,0,0,0.3067,0.9518,0,0.3469,-0.4072,-0.238,1]},
{"frame":90,"values":[-1,0,0,0,0,-0.9518,0.3067,0,0,0.3067,0.9518,0,0.3469,-0.4953,-0.3108,1]},
{"frame":91,"values":[-0.9998,0.0221,0,0,-0.021,-0.9516,0.3067,0,0.0068,0.3066,0.9518,0,0.3352,-0.521,-0.3924,1]},
{"frame":92,"values":[-0.9962,0.087,0,0,-0.0828,-0.9482,0.3067,0,0.0267,0.3055,0.9518,0,0.301,-0.5391,-0.465,1]},
{"frame":93,"values":[-0.9866,0.1631,0,0,-0.1552,-0.9391,0.3067,0,0.05,0.3026,0.9518,0,0.2608,-0.5465,-0.5282,1]},
{"frame":94,"values":[-0.9652,0.2616,0,0,-0.249,-0.9187,0.3067,0,0.0803,0.296,0.9518,0,0.208,-0.5507,-0.591,1]},
{"frame":95,"values":[-0.9282,0.372,0,0,-0.3541,-0.8835,0.3067,0,0.1141,0.2847,0.9518,0,0.147,-0.5107,-0.656,1]},
{"frame":96,"values":[-0.9102,0.4142,0,0,-0.3942,-0.8663,0.3067,0,0.127,0.2791,0.9518,0,0.1227,-0.3751,-0.717,1]},
{"frame":97,"values":[-0.9433,0.332,0,0,-0.316,-0.8978,0.3067,0,0.1018,0.2893,0.9518,0,0.1694,0.0393,-0.629,1]},
{"frame":98,"values":[-0.9891,0.1472,0,0,-0.1401,-0.9414,0.3067,0,0.0451,0.3033,0.9518,0,0.2692,0.6769,-0.3605,1]},
{"frame":99,"values":[-0.9983,0.0587,0,0,-0.0559,-0.9502,0.3067,0,0.018,0.3062,0.9518,0,0.3159,0.9541,-0.2283,1]},
{"frame":110,"values":[-1,0,0,0,0,-0.9518,0.3067,0,0,0.3067,0.9518,0,0.3469,0.6317,-0.1367,1]},
{"frame":145,"values":[-1,0,0,0,0,-0.9518,0.3067,0,0,0.3067,0.9518,0,0.3469,0.6317,-0.1367,1]}],"loopBehavior":1,"name":"anim","property":"_matrix"}},
{"name":"foot.L","index":9,"matrix":[-1,0,0,0,0,-0.8947,0.4467,0,0,0.4467,0.8947,0,0,0.1648,-0.0002,1],"rest":[-1,0,0,0,0,-0.8947,0.4467,0,0,0.4467,0.8947,0,0,0.1648,-0.0002,1],"parentBoneIndex":8,"length":0.5841
,"animation":{"dataType":3,"framePerSecond":24,"keys":[
{"frame":0,"values":[-1,0,0,0,0,-0.8947,0.4467,0,0,0.4467,0.8947,0,0,0.1648,-0.0002,1]},
{"frame":20,"values":[-1,0,0,0,0,-0.8947,0.4467,0,0,0.4467,0.8947,0,0,0.1648,-0.0002,1]},
{"frame":30,"values":[-1,0,0,0,0,-0.8947,0.4467,0,0,0.4467,0.8947,0,0,0.1648,-0.0002,1]},
{"frame":46,"values":[-1,0,0,0,0,-0.8947,0.4467,0,0,0.4467,0.8947,0,0,0.1648,-0.0002,1]},
{"frame":60,"values":[-1,0,0,0,0,-0.8947,0.4467,0,0,0.4467,0.8947,0,0,0.1648,-0.0002,1]},
{"frame":70,"values":[-1,0,0,0,0,-0.8947,0.4467,0,0,0.4467,0.8947,0,0,0.1648,-0.0002,1]},
{"frame":80,"values":[-1,0,0,0,0,-0.992,0.126,0,0,0.126,0.992,0,0,0.1648,-0.0002,1]},
{"frame":81,"values":[-1,0,0,0,0,-0.9918,0.1279,0,0,0.1279,0.9918,0,0,0.1648,-0.0002,1]},
{"frame":82,"values":[-1,0,0,0,0,-0.9896,0.1438,0,0,0.1438,0.9896,0,0,0.1648,-0.0002,1]},
{"frame":83,"values":[-1,0,0,0,0,-0.9832,0.1826,0,0,0.1826,0.9832,0,0,0.1648,-0.0002,1]},
{"frame":84,"values":[-1,0,0,0,0,-0.9686,0.2488,0,0,0.2488,0.9686,0,0,0.1648,-0.0002,1]},
{"frame":85,"values":[-1,0,0,0,0,-0.9397,0.3421,0,0,0.3421,0.9397,0,0,0.1648,-0.0002,1]},
{"frame":86,"values":[-1,0,0,0,0,-0.9033,0.4289,0,0,0.4289,0.9033,0,0,0.1648,-0.0002,1]},
{"frame":87,"values":[-1,0,0,0,0,-0.8674,0.4976,0,0,0.4976,0.8674,0,0,0.1648,-0.0002,1]},
{"frame":88,"values":[-1,0,0,0,0,-0.8304,0.5571,0,0,0.5571,0.8304,0,0,0.1648,-0.0002,1]},
{"frame":89,"values":[-1,0,0,0,0,-0.7854,0.6189,0,0,0.6189,0.7854,0,0,0.1648,-0.0002,1]},
{"frame":90,"values":[-1,0,0,0,0,-0.7247,0.6891,0,0,0.6891,0.7247,0,0,0.1648,-0.0002,1]},
{"frame":91,"values":[-0.9997,-0.0118,-0.0207,0,-0.0083,-0.6398,0.7685,0,-0.0223,0.7685,0.6395,0,0,0.1648,-0.0002,1]},
{"frame":92,"values":[-0.9956,-0.0523,-0.0782,0,-0.0391,-0.5255,0.8499,0,-0.0856,0.8492,0.5211,0,0,0.1648,-0.0002,1]},
{"frame":93,"values":[-0.9842,-0.1084,-0.1397,0,-0.0847,-0.405,0.9104,0,-0.1552,0.9079,0.3894,0,0,0.1648,-0.0002,1]},
{"frame":94,"values":[-0.9589,-0.1914,-0.2093,0,-0.1555,-0.2624,0.9524,0,-0.2372,0.9458,0.2218,0,0,0.1648,-0.0002,1]},
{"frame":95,"values":[-0.9157,-0.295,-0.2729,0,-0.2477,-0.1207,0.9613,0,-0.3166,0.9478,0.0374,0,0,0.1648,-0.0002,1]},
{"frame":96,"values":[-0.8948,-0.3371,-0.2926,0,-0.2861,-0.0702,0.9556,0,-0.3427,0.9388,-0.0336,0,0,0.1648,-0.0002,1]},
{"frame":97,"values":[-0.9278,-0.2433,-0.2829,0,-0.195,-0.3301,0.9236,0,-0.3181,0.912,0.2588,0,0,0.1648,-0.0002,1]},
{"frame":98,"values":[-0.9857,-0.0628,-0.1566,0,-0.037,-0.8252,0.5637,0,-0.1646,0.5614,0.811,0,0,0.1648,-0.0002,1]},
{"frame":99,"values":[-0.9979,-0.0152,-0.0637,0,-0.0048,-0.9528,0.3035,0,-0.0653,0.3031,0.9507,0,0,0.1648,-0.0002,1]},
{"frame":110,"values":[-1,0,0,0,0,-0.8947,0.4467,0,0,0.4467,0.8947,0,0,0.1648,-0.0002,1]},
{"frame":145,"values":[-1,0,0,0,0,-0.8947,0.4467,0,0,0.4467,0.8947,0,0,0.1648,-0.0002,1]}],"loopBehavior":1,"name":"anim","property":"_matrix"}},
{"name":"heel.R","index":10,"matrix":[-0.9102,-0.4142,0,0,0.3942,-0.8663,0.3067,0,-0.127,0.2791,0.9518,0,-0.3998,-0.5614,-0.1367,1],"rest":[-1,0,0,0,0,-0.9518,0.3067,0,0,0.3067,0.9518,0,-0.3253,0.2268,-0.1367,1],"parentBoneIndex":7,"length":0.51
,"animation":{"dataType":3,"framePerSecond":24,"keys":[
{"frame":0,"values":[-0.9102,-0.4142,0,0,0.3942,-0.8663,0.3067,0,-0.127,0.2791,0.9518,0,-0.3998,-0.5614,-0.1367,1]},
{"frame":20,"values":[-0.9102,-0.4142,0,0,0.3942,-0.8663,0.3067,0,-0.127,0.2791,0.9518,0,-0.3998,-0.5614,-0.1367,1]},
{"frame":30,"values":[-0.9102,-0.4142,0,0,0.3942,-0.8663,0.3067,0,-0.127,0.2791,0.9518,0,-0.3998,-0.5614,-0.1367,1]},
{"frame":31,"values":[-0.9102,-0.4142,0,0,0.3942,-0.8663,0.3067,0,-0.127,0.2791,0.9518,0,-0.3998,-0.5505,-0.1367,1]},
{"frame":32,"values":[-0.9102,-0.4142,0,0,0.3942,-0.8663,0.3067,0,-0.127,0.2791,0.9518,0,-0.3998,-0.5177,-0.1367,1]},
{"frame":33,"values":[-0.9102,-0.4142,0,0,0.3942,-0.8663,0.3067,0,-0.127,0.2791,0.9518,0,-0.3998,-0.4662,-0.1367,1]},
{"frame":34,"values":[-0.9102,-0.4142,0,0,0.3942,-0.8663,0.3067,0,-0.127,0.2791,0.9518,0,-0.3998,-0.4034,-0.1367,1]},
{"frame":35,"values":[-0.9102,-0.4142,0,0,0.3942,-0.8663,0.3067,0,-0.127,0.2791,0.9518,0,-0.3998,-0.3407,-0.1367,1]},
{"frame":36,"values":[-0.9102,-0.4142,0,0,0.3942,-0.8663,0.3067,0,-0.127,0.2791,0.9518,0,-0.3998,-0.2891,-0.1367,1]},
{"frame":37,"values":[-0.9102,-0.4142,0,0,0.3942,-0.8663,0.3067,0,-0.127,0.2791,0.9518,0,-0.3998,-0.2564,-0.1367,1]},
{"frame":38,"values":[-0.9102,-0.4142,0,0,0.3942,-0.8663,0.3067,0,-0.127,0.2791,0.9518,0,-0.3998,-0.2455,-0.1367,1]},
{"frame":39,"values":[-0.9102,-0.4142,0,0,0.3942,-0.8663,0.3067,0,-0.127,0.2791,0.9518,0,-0.3998,-0.2594,-0.1367,1]},
{"frame":40,"values":[-0.9102,-0.4142,0,0,0.3942,-0.8663,0.3067,0,-0.127,0.2791,0.9518,0,-0.3998,-0.2958,-0.1367,1]},
{"frame":41,"values":[-0.9102,-0.4142,0,0,0.3942,-0.8663,0.3067,0,-0.127,0.2791,0.9518,0,-0.3998,-0.3322,-0.1367,1]},
{"frame":42,"values":[-0.9102,-0.4142,0,0,0.3942,-0.8663,0.3067,0,-0.127,0.2791,0.9518,0,-0.3998,-0.3461,-0.1367,1]},
{"frame":46,"values":[-0.9102,-0.4142,0,0,0.3942,-0.8663,0.3067,0,-0.127,0.2791,0.9518,0,-0.3998,-0.3461,-0.1367,1]},
{"frame":60,"values":[-0.9102,-0.4142,0,0,0.3942,-0.8663,0.3067,0,-0.127,0.2791,0.9518,0,-0.3998,-0.5614,-0.1367,1]},
{"frame":70,"values":[-0.9102,-0.4142,0,0,0.3942,-0.8663,0.3067,0,-0.127,0.2791,0.9518,0,-0.3998,-0.5614,-0.1367,1]},
{"frame":80,"values":[-0.9102,-0.4142,0,0,0.3942,-0.8663,0.3067,0,-0.127,0.2791,0.9518,0,-0.1227,-0.7905,-0.2833,1]},
{"frame":81,"values":[-0.9102,-0.4142,0,0,0.3942,-0.8663,0.3067,0,-0.127,0.2791,0.9518,0,-0.1227,-0.7938,-0.2978,1]},
{"frame":82,"values":[-0.9102,-0.4142,0,0,0.3942,-0.8663,0.3067,0,-0.127,0.2791,0.9518,0,-0.1227,-0.7965,-0.3427,1]},
{"frame":83,"values":[-0.9102,-0.4142,0,0,0.3942,-0.8663,0.3067,0,-0.127,0.2791,0.9518,0,-0.1227,-0.7863,-0.3998,1]},
{"frame":84,"values":[-0.9102,-0.4142,0,0,0.3942,-0.8663,0.3067,0,-0.127,0.2791,0.9518,0,-0.1227,-0.7321,-0.4879,1]},
{"frame":85,"values":[-0.9102,-0.4142,0,0,0.3942,-0.8663,0.3067,0,-0.127,0.2791,0.9518,0,-0.1227,-0.5857,-0.6168,1]},
{"frame":86,"values":[-0.9102,-0.4142,0,0,0.3942,-0.8663,0.3067,0,-0.127,0.2791,0.9518,0,-0.1227,-0.3751,-0.717,1]},
{"frame":87,"values":[-0.9102,-0.4142,0,0,0.3942,-0.8663,0.3067,0,-0.127,0.2791,0.9518,0,-0.1227,-0.0311,-0.6879,1]},
{"frame":88,"values":[-0.9102,-0.4142,0,0,0.3942,-0.8663,0.3067,0,-0.127,0.2791,0.9518,0,-0.1227,0.482,-0.4871,1]},
{"frame":89,"values":[-0.9102,-0.4142,0,0,0.3942,-0.8663,0.3067,0,-0.127,0.2791,0.9518,0,-0.1227,0.9213,-0.2625,1]},
{"frame":90,"values":[-0.9102,-0.4142,0,0,0.3942,-0.8663,0.3067,0,-0.127,0.2791,0.9518,0,-0.1227,1.0787,-0.1733,1]},
{"frame":91,"values":[-0.9191,-0.394,0,0,0.375,-0.8748,0.3067,0,-0.1208,0.2819,0.9518,0,-0.1344,1.0756,-0.1728,1]},
{"frame":92,"values":[-0.9428,-0.3335,0,0,0.3174,-0.8973,0.3067,0,-0.1023,0.2891,0.9518,0,-0.1686,1.0483,-0.1685,1]},
{"frame":93,"values":[-0.9656,-0.2602,0,0,0.2476,-0.919,0.3067,0,-0.0798,0.2961,0.9518,0,-0.2088,0.9821,-0.1581,1]},
{"frame":94,"values":[-0.9869,-0.1616,0,0,0.1538,-0.9393,0.3067,0,-0.0496,0.3026,0.9518,0,-0.2616,0.8463,-0.1425,1]},
{"frame":95,"values":[-0.9989,-0.0459,0,0,0.0437,-0.9508,0.3067,0,-0.0141,0.3064,0.9518,0,-0.3227,0.601,-0.1316,1]},
{"frame":96,"values":[-1,0,0,0,0,-0.9518,0.3067,0,0,0.3067,0.9518,0,-0.3469,0.3156,-0.1397,1]},
{"frame":97,"values":[-0.9961,-0.0885,0,0,0.0842,-0.9481,0.3067,0,-0.0271,0.3055,0.9518,0,-0.3002,-0.071,-0.1797,1]},
{"frame":98,"values":[-0.9612,-0.2757,0,0,0.2624,-0.9149,0.3067,0,-0.0846,0.2948,0.9518,0,-0.2004,-0.5124,-0.2402,1]},
{"frame":99,"values":[-0.933,-0.36,0,0,0.3426,-0.888,0.3067,0,-0.1104,0.2861,0.9518,0,-0.1537,-0.6864,-0.2664,1]},
{"frame":110,"values":[-0.9102,-0.4142,0,0,0.3942,-0.8663,0.3067,0,-0.127,0.2791,0.9518,0,-0.3998,-0.5614,-0.1367,1]},
{"frame":145,"values":[-0.9102,-0.4142,0,0,0.3942,-0.8663,0.3067,0,-0.127,0.2791,0.9518,0,-0.3998,-0.5614,-0.1367,1]}],"loopBehavior":1,"name":"anim","property":"_matrix"}},
{"name":"foot.R","index":11,"matrix":[-1,0,0,0,0,-0.8947,0.4467,0,0,0.4467,0.8947,0,0,0.1648,-0.0002,1],"rest":[-1,0,0,0,0,-0.8947,0.4467,0,0,0.4467,0.8947,0,0,0.1648,-0.0002,1],"parentBoneIndex":10,"length":0.5841
,"animation":{"dataType":3,"framePerSecond":24,"keys":[
{"frame":0,"values":[-1,0,0,0,0,-0.8947,0.4467,0,0,0.4467,0.8947,0,0,0.1648,-0.0002,1]},
{"frame":20,"values":[-1,0,0,0,0,-0.8947,0.4467,0,0,0.4467,0.8947,0,0,0.1648,-0.0002,1]},
{"frame":30,"values":[-1,0,0,0,0,-0.8947,0.4467,0,0,0.4467,0.8947,0,0,0.1648,-0.0002,1]},
{"frame":46,"values":[-1,0,0,0,0,-0.8947,0.4467,0,0,0.4467,0.8947,0,0,0.1648,-0.0002,1]},
{"frame":60,"values":[-1,0,0,0,0,-0.8947,0.4467,0,0,0.4467,0.8947,0,0,0.1648,-0.0002,1]},
{"frame":70,"values":[-1,0,0,0,0,-0.8947,0.4467,0,0,0.4467,0.8947,0,0,0.1648,-0.0002,1]},
{"frame":80,"values":[-0.9921,0.0544,0.1126,0,0.0357,-0.7395,0.6722,0,0.1199,0.671,0.7317,0,0,0.1648,-0.0002,1]},
{"frame":81,"values":[-0.9898,0.0646,0.1271,0,0.0434,-0.7128,0.7001,0,0.1358,0.6984,0.7027,0,0,0.1648,-0.0002,1]},
{"frame":82,"values":[-0.9809,0.0981,0.1678,0,0.07,-0.6269,0.776,0,0.1813,0.7729,0.608,0,0,0.1648,-0.0002,1]},
{"frame":83,"values":[-0.9669,0.1443,0.2105,0,0.1088,-0.5131,0.8514,0,0.2308,0.8461,0.4804,0,0,0.1648,-0.0002,1]},
{"frame":84,"values":[-0.943,0.2137,0.255,0,0.1703,-0.3485,0.9217,0,0.2859,0.9126,0.2922,0,0,0.1648,-0.0002,1]},
{"frame":85,"values":[-0.9093,0.3017,0.2865,0,0.252,-0.1486,0.9562,0,0.331,0.9418,0.0591,0,0,0.1648,-0.0002,1]},
{"frame":86,"values":[-0.8948,0.3371,0.2926,0,0.2861,-0.0702,0.9556,0,0.3427,0.9388,-0.0336,0,0,0.1648,-0.0002,1]},
{"frame":87,"values":[-0.9275,0.2555,0.273,0,0.2086,-0.2526,0.9448,0,0.3103,0.9332,0.181,0,0,0.1648,-0.0002,1]},
{"frame":88,"values":[-0.9916,0.0567,0.116,0,0.0375,-0.7334,0.6788,0,0.1236,0.6774,0.7251,0,0,0.1648,-0.0002,1]},
{"frame":89,"values":[-0.9909,-0.0218,-0.1326,0,-0.0003,-0.9864,0.1645,0,-0.1344,0.163,0.9774,0,0,0.1648,-0.0002,1]},
{"frame":90,"values":[-0.976,-0.0146,-0.2173,0,0.0203,-0.9995,-0.024,0,-0.2168,-0.0278,0.9758,0,0,0.1648,-0.0002,1]},
{"frame":91,"values":[-0.9776,-0.0157,-0.21,0,0.018,-0.9998,-0.0089,0,-0.2098,-0.0124,0.9777,0,0,0.1648,-0.0002,1]},
{"frame":92,"values":[-0.9811,-0.0179,-0.1925,0,0.013,-0.9996,0.0268,0,-0.1929,0.0238,0.9809,0,0,0.1648,-0.0002,1]},
{"frame":93,"values":[-0.9866,-0.0204,-0.1617,0,0.0056,-0.9958,0.0916,0,-0.1629,0.0894,0.9826,0,0,0.1648,-0.0002,1]},
{"frame":94,"values":[-0.9931,-0.0204,-0.1152,0,-0.0018,-0.9819,0.1893,0,-0.117,0.1882,0.9751,0,0,0.1648,-0.0002,1]},
{"frame":95,"values":[-0.9985,-0.0132,-0.0538,0,-0.0045,-0.9485,0.3168,0,-0.0552,0.3166,0.947,0,0,0.1648,-0.0002,1]},
{"frame":96,"values":[-1,0,0,0,0,-0.9033,0.4289,0,0,0.4289,0.9033,0,0,0.1648,-0.0002,1]},
{"frame":97,"values":[-0.9986,0.0186,0.0492,0,0.0105,-0.8453,0.5341,0,0.0516,0.5339,0.844,0,0,0.1648,-0.0002,1]},
{"frame":98,"values":[-0.995,0.0406,0.0912,0,0.0255,-0.7801,0.6252,0,0.0965,0.6244,0.7751,0,0,0.1648,-0.0002,1]},
{"frame":99,"values":[-0.9932,0.0494,0.1053,0,0.032,-0.7541,0.6559,0,0.1118,0.6549,0.7474,0,0,0.1648,-0.0002,1]},
{"frame":110,"values":[-1,0,0,0,0,-0.8947,0.4467,0,0,0.4467,0.8947,0,0,0.1648,-0.0002,1]},
{"frame":145,"values":[-1,0,0,0,0,-0.8947,0.4467,0,0,0.4467,0.8947,0,0,0.1648,-0.0002,1]}],"loopBehavior":1,"name":"anim","property":"_matrix"}},
{"name":"hips","index":12,"matrix":[0.5467,0.8373,0,0,-0.0854,0.0558,-0.9948,0,-0.8329,0.5439,0.102,0,0,0.2173,-2.1395,1],"rest":[1,0,0,0,0,0.102,-0.9948,0,0,0.9948,0.102,0,0,0.2173,-2.5278,1],"parentBoneIndex":7,"length":0.4281
,"animation":{"dataType":3,"framePerSecond":24,"keys":[
{"frame":0,"values":[0.5467,0.8373,0,0,-0.0854,0.0558,-0.9948,0,-0.8329,0.5439,0.102,0,0,0.2173,-2.1395,1]},
{"frame":1,"values":[0.5467,0.8373,0,0,-0.0854,0.0558,-0.9948,0,-0.8329,0.5439,0.102,0,0,0.2047,-2.1294,1]},
{"frame":2,"values":[0.5467,0.8373,0,0,-0.0854,0.0558,-0.9948,0,-0.8329,0.5439,0.102,0,0,0.1691,-2.1011,1]},
{"frame":3,"values":[0.5467,0.8373,0,0,-0.0854,0.0558,-0.9948,0,-0.8329,0.5439,0.102,0,0,0.1234,-2.0648,1]},
{"frame":4,"values":[0.5467,0.8373,0,0,-0.0854,0.0558,-0.9948,0,-0.8329,0.5439,0.102,0,0,0.0879,-2.0365,1]},
{"frame":5,"values":[0.5467,0.8373,0,0,-0.0854,0.0558,-0.9948,0,-0.8329,0.5439,0.102,0,0,0.0752,-2.0264,1]},
{"frame":6,"values":[0.5235,0.852,0,0,-0.0869,0.0534,-0.9948,0,-0.8476,0.5207,0.102,0,-0.0277,0.0879,-2.0365,1]},
{"frame":7,"values":[0.4557,0.8901,0,0,-0.0908,0.0465,-0.9948,0,-0.8855,0.4533,0.102,0,-0.1056,0.1234,-2.0648,1]},
{"frame":8,"values":[0.3646,0.9312,0,0,-0.095,0.0372,-0.9948,0,-0.9263,0.3627,0.102,0,-0.2057,0.1691,-2.1011,1]},
{"frame":9,"values":[0.2912,0.9567,0,0,-0.0976,0.0297,-0.9948,0,-0.9517,0.2896,0.102,0,-0.2837,0.2047,-2.1294,1]},
