{"producer":{"name":"Blender","version":"2.79 (sub 0)","exporter_version":"5.6.3","file":"Warrior.babylon"},
"autoClear":true,"clearColor":[0,0,0],"ambientColor":[0,0,0],"gravity":[0,-9.81,0],"fogMode":3,"fogColor":[0,0,0],"fogStart":5,"fogEnd":54.7,"fogDensity":0.3,
"materials":[{"name":"Warrior.Material.012","id":"Warrior.Material.012","ambient":[0.0908,0.0908,0.0908],"diffuse":[0.0727,0.0727,0.0727],"specular":[0,0,0],"emissive":[0,0,0],"specularPower":50,"alpha":1,"backFaceCulling":true,"checkReadyOnlyOnce":false,"maxSimultaneousLights":4, 
"diffuseTexture":{"name":"TexturesCom_Rock_1024_albedo.tif","level":1,"hasAlpha":1,"coordinatesMode":0,"uOffset":0,"vOffset":0,"uScale":1,"vScale":1,"uAng":0,"vAng":0,"wAng":0,"wrapU":1,"wrapV":1,"coordinatesIndex":0}},
{"name":"Warrior.Material.011","id":"Warrior.Material.011","ambient":[0.022,0.022,0.022],"diffuse":[0.0176,0.0176,0.0176],"specular":[0,0,0],"emissive":[0,0,0],"specularPower":50,"alpha":1,"backFaceCulling":true,"checkReadyOnlyOnce":false,"maxSimultaneousLights":4},
{"name":"Warrior.Hood","id":"Warrior.Hood","ambient":[0.8,0.8,0.8],"diffuse":[0.64,0.64,0.64],"specular":[0,0,0],"emissive":[0.16,0.16,0.16],"specularPower":50,"alpha":1,"backFaceCulling":true,"checkReadyOnlyOnce":false,"maxSimultaneousLights":4, 
"diffuseTexture":{"name":"Sash1.png","level":1,"hasAlpha":1,"coordinatesMode":0,"uOffset":0,"vOffset":0,"uScale":1,"vScale":1,"uAng":0,"vAng":0,"wAng":0,"wrapU":1,"wrapV":1,"coordinatesIndex":0}},
{"name":"Warrior.Material.018","id":"Warrior.Material.018","ambient":[0.5277,0.5153,0.4023],"diffuse":[0.4222,0.4122,0.3219],"specular":[0,0,0],"emissive":[0.1055,0.1031,0.0805],"specularPower":50,"alpha":1,"backFaceCulling":true,"checkReadyOnlyOnce":false,"maxSimultaneousLights":4},
{"name":"Warrior.Sash","id":"Warrior.Sash","ambient":[0.8,0.8,0.8],"diffuse":[0.64,0.64,0.64],"specular":[0,0,0],"emissive":[0.28,0.28,0.28],"specularPower":50,"alpha":1,"backFaceCulling":true,"checkReadyOnlyOnce":false,"maxSimultaneousLights":4, 
"diffuseTexture":{"name":"Sash.png","level":1,"hasAlpha":1,"coordinatesMode":0,"uOffset":0,"vOffset":0,"uScale":1,"vScale":1,"uAng":0,"vAng":0,"wAng":0,"wrapU":1,"wrapV":1,"coordinatesIndex":0}},
{"name":"Warrior.Material.006","id":"Warrior.Material.006","ambient":[1,1,1],"diffuse":[0.8611,0.8611,0.8611],"specular":[0,0,0],"emissive":[0.2,0.2,0.2],"specularPower":50,"alpha":1,"backFaceCulling":true,"checkReadyOnlyOnce":false,"maxSimultaneousLights":4, 
"diffuseTexture":{"name":"Sash1.png","level":1,"hasAlpha":1,"coordinatesMode":0,"uOffset":0,"vOffset":0,"uScale":1,"vScale":1,"uAng":0,"vAng":0,"wAng":0,"wrapU":1,"wrapV":1,"coordinatesIndex":0}},
{"name":"Warrior.Armor","id":"Warrior.Armor","ambient":[0.0835,0.0353,0.0174],"diffuse":[0.0668,0.0283,0.0139],"specular":[0,0,0],"emissive":[0,0,0],"specularPower":50,"alpha":1,"backFaceCulling":true,"checkReadyOnlyOnce":false,"maxSimultaneousLights":4},
{"name":"Warrior.texture","id":"Warrior.texture","ambient":[1,1,1],"diffuse":[1,1,1],"specular":[0,0,0],"emissive":[0.2,0.2,0.2],"specularPower":50,"alpha":1,"backFaceCulling":true,"checkReadyOnlyOnce":false,"maxSimultaneousLights":4, 
"diffuseTexture":{"name":"Character_textureContrast.png","level":1,"hasAlpha":1,"coordinatesMode":0,"uOffset":0,"vOffset":0,"uScale":1,"vScale":1,"uAng":0,"vAng":0,"wAng":0,"wrapU":1,"wrapV":1,"coordinatesIndex":0}},
{"name":"Warrior.Hair","id":"Warrior.Hair","ambient":[0.8,0.8,0.8],"diffuse":[0.64,0.64,0.64],"specular":[0,0,0],"emissive":[0.16,0.16,0.16],"specularPower":50,"alpha":1,"backFaceCulling":true,"checkReadyOnlyOnce":false,"maxSimultaneousLights":4, 
"diffuseTexture":{"name":"Hair.png","level":1,"hasAlpha":1,"coordinatesMode":0,"uOffset":0,"vOffset":0,"uScale":1,"vScale":1,"uAng":0,"vAng":0,"wAng":0,"wrapU":1,"wrapV":1,"coordinatesIndex":0}},
{"name":"Warrior.Material.001","id":"Warrior.Material.001","ambient":[0.477,0.001,0],"diffuse":[0.3816,0.0008,0],"specular":[0,0,0],"emissive":[0.0954,0.0002,0],"specularPower":50,"alpha":1,"backFaceCulling":true,"checkReadyOnlyOnce":false,"maxSimultaneousLights":4},
{"name":"Warrior.Gloves.001","id":"Warrior.Gloves.001","ambient":[1,1,1],"diffuse":[0.8,0.8,0.8],"specular":[0,0,0],"emissive":[0.2,0.2,0.2],"specularPower":50,"alpha":1,"backFaceCulling":true,"checkReadyOnlyOnce":false,"maxSimultaneousLights":4, 
"diffuseTexture":{"name":"Gloves.png","level":1,"hasAlpha":1,"coordinatesMode":0,"uOffset":0,"vOffset":0,"uScale":1,"vScale":1,"uAng":0,"vAng":0,"wAng":0,"wrapU":1,"wrapV":1,"coordinatesIndex":0}},
{"name":"Warrior.Material.007","id":"Warrior.Material.007","ambient":[0.8,0.6827,0.5364],"diffuse":[0.64,0.5461,0.4291],"specular":[0,0,0],"emissive":[0,0,0],"specularPower":50,"alpha":1,"backFaceCulling":true,"checkReadyOnlyOnce":false,"maxSimultaneousLights":4},
{"name":"Warrior.short_sword","id":"Warrior.short_sword","ambient":[0.8,0.8,0.8],"diffuse":[0.64,0.64,0.64],"specular":[0,0,0],"emissive":[0.16,0.16,0.16],"specularPower":50,"alpha":1,"backFaceCulling":true,"checkReadyOnlyOnce":false,"maxSimultaneousLights":4, 
"diffuseTexture":{"name":"short_sword.png","level":1,"hasAlpha":1,"coordinatesMode":0,"uOffset":0,"vOffset":0,"uScale":1,"vScale":1,"uAng":0,"vAng":0,"wAng":0,"wrapU":1,"wrapV":1,"coordinatesIndex":0}},
{"name":"Warrior.Material.004","id":"Warrior.Material.004","ambient":[0.0578,0.0365,0.0311],"diffuse":[0.0462,0.0292,0.0249],"specular":[0,0,0],"emissive":[0.0116,0.0073,0.0062],"specularPower":50,"alpha":1,"backFaceCulling":true,"checkReadyOnlyOnce":false,"maxSimultaneousLights":4},
{"name":"Warrior.Material","id":"Warrior.Material","ambient":[0.1107,0.1107,0.1107],"diffuse":[0.0885,0.0885,0.0885],"specular":[0,0,0],"emissive":[0.0221,0.0221,0.0221],"specularPower":50,"alpha":1,"backFaceCulling":true,"checkReadyOnlyOnce":false,"maxSimultaneousLights":4},
{"name":"Warrior.Material.005","id":"Warrior.Material.005","ambient":[0.8,0.8,0.8],"diffuse":[0.64,0.64,0.64],"specular":[0,0,0],"emissive":[0.16,0.16,0.16],"specularPower":50,"alpha":1,"backFaceCulling":true,"checkReadyOnlyOnce":false,"maxSimultaneousLights":4},
{"name":"Warrior.Shield","id":"Warrior.Shield","ambient":[0.8,0.8,0.8],"diffuse":[0.64,0.64,0.64],"specular":[0,0,0],"emissive":[0.16,0.16,0.16],"specularPower":50,"alpha":1,"backFaceCulling":true,"checkReadyOnlyOnce":false,"maxSimultaneousLights":4, 
"diffuseTexture":{"name":"Small_shield.png","level":1,"hasAlpha":1,"coordinatesMode":0,"uOffset":0,"vOffset":0,"uScale":1,"vScale":1,"uAng":0,"vAng":0,"wAng":0,"wrapU":1,"wrapV":1,"coordinatesIndex":0}},
{"name":"Warrior.Material.008","id":"Warrior.Material.008","ambient":[0.42,0.42,0.42],"diffuse":[0.336,0.336,0.336],"specular":[0,0,0],"emissive":[0,0,0],"specularPower":50,"alpha":1,"backFaceCulling":true,"checkReadyOnlyOnce":false,"maxSimultaneousLights":4},
{"name":"Warrior.Material.009","id":"Warrior.Material.009","ambient":[0.0908,0.0635,0.0268],"diffuse":[0.0727,0.0508,0.0214],"specular":[0,0,0],"emissive":[0,0,0],"specularPower":50,"alpha":1,"backFaceCulling":true,"checkReadyOnlyOnce":false,"maxSimultaneousLights":4},
{"name":"Warrior.Material.016","id":"Warrior.Material.016","ambient":[0.8,0.8,0.8],"diffuse":[0.64,0.64,0.64],"specular":[0,0,0],"emissive":[0.304,0.304,0.304],"specularPower":50,"alpha":1,"backFaceCulling":true,"checkReadyOnlyOnce":false,"maxSimultaneousLights":4, 
"diffuseTexture":{"name":"shield.png","level":1,"hasAlpha":1,"coordinatesMode":0,"uOffset":0,"vOffset":0,"uScale":1,"vScale":1,"uAng":0,"vAng":0,"wAng":0,"wrapU":1,"wrapV":1,"coordinatesIndex":0}},
{"name":"Warrior.sword","id":"Warrior.sword","ambient":[0.8,0.8,0.8],"diffuse":[0.64,0.64,0.64],"specular":[0,0,0],"emissive":[0.16,0.16,0.16],"specularPower":50,"alpha":1,"backFaceCulling":true,"checkReadyOnlyOnce":false,"maxSimultaneousLights":4, 
"diffuseTexture":{"name":"long_sword.png","level":1,"hasAlpha":1,"coordinatesMode":0,"uOffset":0,"vOffset":0,"uScale":1,"vScale":1,"uAng":0,"vAng":0,"wAng":0,"wrapU":1,"wrapV":1,"coordinatesIndex":0}},
{"name":"Warrior.Material.017","id":"Warrior.Material.017","ambient":[0.8,0.8,0.8],"diffuse":[0.64,0.64,0.64],"specular":[0,0,0],"emissive":[0.16,0.16,0.16],"specularPower":50,"alpha":1,"backFaceCulling":true,"checkReadyOnlyOnce":false,"maxSimultaneousLights":4},
{"name":"Warrior.Material.002","id":"Warrior.Material.002","ambient":[0.2529,0.2529,0.2529],"diffuse":[0.2024,0.2024,0.2024],"specular":[0,0,0],"emissive":[0.0506,0.0506,0.0506],"specularPower":50,"alpha":1,"backFaceCulling":true,"checkReadyOnlyOnce":false,"maxSimultaneousLights":4},
{"name":"Warrior.Material.003","id":"Warrior.Material.003","ambient":[0.0908,0.0759,0.0489],"diffuse":[0.0727,0.0607,0.0392],"specular":[0,0,0],"emissive":[0.0182,0.0152,0.0098],"specularPower":50,"alpha":1,"backFaceCulling":true,"checkReadyOnlyOnce":false,"maxSimultaneousLights":4},
{"name":"Warrior.Material.013","id":"Warrior.Material.013","ambient":[1,1,1],"diffuse":[0.8,0.8,0.8],"specular":[0,0,0],"emissive":[0.37,0.37,0.37],"specularPower":50,"alpha":1,"backFaceCulling":true,"checkReadyOnlyOnce":false,"maxSimultaneousLights":4, 
"diffuseTexture":{"name":"woodenSmallShield.png","level":1,"hasAlpha":1,"coordinatesMode":0,"uOffset":0,"vOffset":0,"uScale":1,"vScale":1,"uAng":0,"vAng":0,"wAng":0,"wrapU":1,"wrapV":1,"coordinatesIndex":0}},
{"name":"Warrior.sword.001","id":"Warrior.sword.001","ambient":[0.8,0.8,0.8],"diffuse":[0.64,0.64,0.64],"specular":[0,0,0],"emissive":[0.16,0.16,0.16],"specularPower":50,"alpha":1,"backFaceCulling":true,"checkReadyOnlyOnce":false,"maxSimultaneousLights":4, 
"diffuseTexture":{"name":"Slavic_Swords.txt.png","level":1,"hasAlpha":1,"coordinatesMode":0,"uOffset":0,"vOffset":0,"uScale":1,"vScale":1,"uAng":0,"vAng":0,"wAng":0,"wrapU":1,"wrapV":1,"coordinatesIndex":0}},
{"name":"Warrior.Material.010","id":"Warrior.Material.010","ambient":[1,1,1],"diffuse":[0.8,0.8,0.8],"specular":[0,0,0],"emissive":[0.2,0.2,0.2],"specularPower":50,"alpha":1,"backFaceCulling":true,"checkReadyOnlyOnce":false,"maxSimultaneousLights":4, 
"diffuseTexture":{"name":"rustShield1.png","level":1,"hasAlpha":1,"coordinatesMode":0,"uOffset":0,"vOffset":0,"uScale":1,"vScale":1,"uAng":0,"vAng":0,"wAng":0,"wrapU":1,"wrapV":1,"coordinatesIndex":0}},
{"name":"Warrior.armor","id":"Warrior.armor","ambient":[0.0522,0.0522,0.0522],"diffuse":[0.0418,0.0418,0.0418],"specular":[0.9204,0.9204,0.9204],"emissive":[0.0063,0.0063,0.0063],"specularPower":50,"alpha":1,"backFaceCulling":true,"checkReadyOnlyOnce":false,"maxSimultaneousLights":4}],
"multiMaterials":[{"name":"Warrior.Multimaterial#0","id":"Warrior.Multimaterial#0","materials":["Warrior.Hood","Warrior.Material.018"]},{"name":"Warrior.Multimaterial#1","id":"Warrior.Multimaterial#1","materials":["Warrior.Sash","Warrior.Material.006"]},{"name":"Warrior.Multimaterial#2","id":"Warrior.Multimaterial#2","materials":["Warrior.Hair","Warrior.Material.001"]},{"name":"Warrior.Multimaterial#3","id":"Warrior.Multimaterial#3","materials":["Warrior.Hair","Warrior.Gloves.001","Warrior.Material.007"]},{"name":"Warrior.Multimaterial#4","id":"Warrior.Multimaterial#4","materials":["Warrior.Material.004","Warrior.Material","Warrior.Material.005"]},{"name":"Warrior.Multimaterial#5","id":"Warrior.Multimaterial#5","materials":["Warrior.Material.008","Warrior.Material.009"]},{"name":"Warrior.Multimaterial#6","id":"Warrior.Multimaterial#6","materials":["Warrior.Material.017","Warrior.Material.002","Warrior.Material.003"]}],
"skeletons":[{"name":"metarig","id":0,"dimensionsAtRest":[2.6981,4.8573,1.3847],"bones":[
{"name":"root","index":0,"matrix":[1,0,0,0,0,0,-1,0,0,-1,0,0,0,0,0.3263,1],"rest":[1,0,0,0,0,0,-1,0,0,-1,0,0,0,0,0.3263,1],"parentBoneIndex":-1,"length":1.1261
,"animation":{"dataType":3,"framePerSecond":24,"keys":[
{"frame":0,"values":[1,0,0,0,0,0,-1,0,0,-1,0,0,0,0,0.3263,1]},
{"frame":18,"values":[1,0,0,0,0,0,-1,0,0,-1,0,0,0,0,0.3263,1]},
{"frame":30,"values":[1,0,0,0,0,0,-1,0,0,-1,0,0,0,0,0.3263,1]},
{"frame":36,"values":[0.9998,0,0.02,0,0.02,0,-0.9998,0,0,-1,0,0,0,0,0.3263,1]},
{"frame":37,"values":[0.9971,0,0.0764,0,0.0764,0,-0.9971,0,0,-1,0,0,0,0,0.3263,1]},
{"frame":38,"values":[0.9889,0,0.1485,0,0.1485,0,-0.9889,0,0,-1,0,0,0,0,0.3263,1]},
{"frame":39,"values":[0.979,0,0.2041,0,0.2041,0,-0.979,0,0,-1,0,0,0,0,0.3263,1]},
{"frame":40,"values":[0.9747,0,0.2236,0,0.2236,0,-0.9747,0,0,-1,0,0,0,0,0.3263,1]},
{"frame":41,"values":[1,0,0,0,0,0,-1,0,0,-1,0,0,0,0,0.3263,1]},
{"frame":47,"values":[1,0,0,0,0,0,-1,0,0,-1,0,0,0,0,0.3263,1]},
{"frame":60,"values":[1,0,0,0,0,0,-1,0,0,-1,0,0,0,0,0.3263,1]},
{"frame":80,"values":[1,0,0,0,0,0,-1,0,0,-1,0,0,0,0,0.3263,1]},
{"frame":90,"values":[1,0,0,0,0,0,-1,0,0,-1,0,0,0,0,0.3263,1]},
{"frame":95,"values":[1,0,0,0,0,0,-1,0,0,-1,0,0,0,0,0.3263,1]},
{"frame":100,"values":[1,0,0,0,0,0,-1,0,0,-1,0,0,0,0,0.3263,1]},
{"frame":121,"values":[1,0,0,0,0,0,-1,0,0,-1,0,0,0,0,0.3263,1]},
{"frame":130,"values":[1,0,0,0,0,0,-1,0,0,-1,0,0,0,0,0.3263,1]},
{"frame":150,"values":[1,0,0,0,0,0,-1,0,0,-1,0,0,0,0,0.3263,1]},
{"frame":160,"values":[1,0,0,0,0,0,-1,0,0,-1,0,0,0,0,0.3263,1]},
{"frame":178,"values":[1,0,0,0,0,0,-1,0,0,-1,0,0,0,0,0.3263,1]},
{"frame":190,"values":[1,0,0,0,0,0,-1,0,0,-1,0,0,0,0,0.3263,1]},
{"frame":191,"values":[1,0,0,0,0,0,-1,0,0,-1,0,0,0,0,0.3263,1]},
{"frame":200,"values":[1,0,0,0,0,0,-1,0,0,-1,0,0,0,0,0.3263,1]},
{"frame":218,"values":[1,0,0,0,0,0,-1,0,0,-1,0,0,0,0,0.3263,1]},
{"frame":230,"values":[1,0,0,0,0,0,-1,0,0,-1,0,0,0,0,0.3263,1]},
{"frame":231,"values":[0.9824,0,-0.1868,0,-0.1868,0,-0.9824,0,0,-1,0,0,0,0,0.3263,1]},
{"frame":232,"values":[0.6747,0,-0.7381,0,-0.7381,0,-0.6747,0,0,-1,0,0,0,0,0.3263,1]},
{"frame":233,"values":[-0.255,0,-0.9669,0,-0.9669,0,0.255,0,0,-1,0,0,0,0,0.3263,1]},
{"frame":234,"values":[-0.8779,0,-0.4788,0,-0.4788,0,0.8779,0,0,-1,0,0,0,0,0.3263,1]},
{"frame":235,"values":[-1,0,0,0,0,0,1,0,0,-1,0,0,0,0,0.3263,1]},
{"frame":236,"values":[-0.8779,0,0.4788,0,0.4788,0,0.8779,0,0,-1,0,0,0,0,0.3263,1]},
{"frame":237,"values":[-0.255,0,0.9669,0,0.9669,0,0.255,0,0,-1,0,0,0,0,0.3263,1]},
{"frame":238,"values":[0.6747,0,0.7381,0,0.7381,0,-0.6747,0,0,-1,0,0,0,0,0.3263,1]},
{"frame":239,"values":[0.9824,0,0.1868,0,0.1868,0,-0.9824,0,0,-1,0,0,0,0,0.3263,1]},
{"frame":240,"values":[1,0,0,0,0,0,-1,0,0,-1,0,0,0,0,0.3263,1]},
{"frame":250,"values":[1,0,0,0,0,0,-1,0,0,-1,0,0,0,0,0.3263,1]},
{"frame":251,"values":[1,0,0,0,0,0,-1,0,0,-1,0,0,0,0,0.3263,1]},
{"frame":260,"values":[1,0,0,0,0,0,-1,0,0,-1,0,0,0,0,0.3263,1]},
{"frame":320,"values":[1,0,0,0,0,0,-1,0,0,-1,0,0,0,0,0.3263,1]},
{"frame":330,"values":[1,0,0,0,0,0,-1,0,0,-1,0,0,0,0,0.3263,1]},
{"frame":350,"values":[1,0,0,0,0,0,-1,0,0,-1,0,0,0,0,0.3263,1]},
{"frame":360,"values":[1,0,0,0,0,0,-1,0,0,-1,0,0,0,0,0.3263,1]},
{"frame":369,"values":[1,0,0,0,0,0,-1,0,0,-1,0,0,0,0,0.3263,1]}],"loopBehavior":1,"name":"anim","property":"_matrix"}},
{"name":"heel.L","index":1,"matrix":[-1,0,0,0,0,-0.9518,0.3067,0,0,0.3067,0.9518,0,0.9165,0.8398,-0.1367,1],"rest":[-1,0,0,0,0,-0.9518,0.3067,0,0,0.3067,0.9518,0,0.3253,0.2268,-0.1367,1],"parentBoneIndex":0,"length":0.51
,"animation":{"dataType":3,"framePerSecond":24,"keys":[
{"frame":0,"values":[-1,0,0,0,0,-0.9518,0.3067,0,0,0.3067,0.9518,0,0.9165,0.8398,-0.1367,1]},
{"frame":1,"values":[-1,0,0,0,0,-0.9518,0.3067,0,0,0.3067,0.9518,0,0.9165,0.8415,-0.1352,1]},
{"frame":2,"values":[-1,0,0,0,0,-0.9518,0.3067,0,0,0.3067,0.9518,0,0.9165,0.8502,-0.1343,1]},
{"frame":3,"values":[-1,0,0,0,0,-0.9518,0.3067,0,0,0.3067,0.9518,0,0.9165,0.8683,-0.1364,1]},
{"frame":4,"values":[-1,0,0,0,0,-0.9518,0.3067,0,0,0.3067,0.9518,0,0.9165,0.9043,-0.146,1]},
{"frame":5,"values":[-1,0,0,0,0,-0.9786,0.2057,0,0,0.2057,0.9786,0,0.672,0.9412,-0.2351,1]},
{"frame":6,"values":[-1,0,0,0,0,-0.9946,0.1041,0,0,0.1041,0.9946,0,0.5362,0.9897,-0.2952,1]},
{"frame":7,"values":[-1,0,0,0,0,-0.9944,0.1056,0,0,0.1056,0.9944,0,0.4612,0.9895,-0.2942,1]},
{"frame":8,"values":[-1,0,0,0,0,-0.9928,0.1196,0,0,0.1196,0.9928,0,0.4228,0.9874,-0.2856,1]},
{"frame":9,"values":[-1,0,0,0,0,-0.9881,0.154,0,0,0.154,0.9881,0,0.4151,0.9824,-0.2645,1]},
{"frame":10,"values":[-1,0,0,0,0,-0.9518,0.3067,0,0,0.3067,0.9518,0,0.9165,0.8398,-0.1367,1]},
{"frame":18,"values":[-1,0,0,0,0,-0.9518,0.3067,0,0,0.3067,0.9518,0,0.9165,0.8398,-0.1367,1]},
{"frame":30,"values":[-1,0,0,0,0,-0.9518,0.3067,0,0,0.3067,0.9518,0,0.9165,0.8398,-0.1367,1]},
{"frame":47,"values":[-1,0,0,0,0,-0.9518,0.3067,0,0,0.3067,0.9518,0,0.9165,0.8398,-0.1367,1]},
{"frame":60,"values":[-1,0,0,0,0,-0.9518,0.3067,0,0,0.3067,0.9518,0,0.9165,0.8398,-0.1367,1]},
{"frame":80,"values":[-1,0,0,0,0,-0.9518,0.3067,0,0,0.3067,0.9518,0,0.9165,0.8398,-0.1367,1]},
{"frame":90,"values":[-1,0,0,0,0,-0.9518,0.3067,0,0,0.3067,0.9518,0,0.9165,0.8398,-0.1367,1]},
{"frame":95,"values":[-1,0,0,0,0,-0.9518,0.3067,0,0,0.3067,0.9518,0,0.9165,0.8398,-0.1367,1]},
{"frame":100,"values":[-1,0,0,0,0,-0.9518,0.3067,0,0,0.3067,0.9518,0,0.9165,0.8398,-0.1367,1]},
{"frame":111,"values":[-1,0,0,0,0,-0.9994,0.0348,0,0,0.0348,0.9994,0,0.9165,0.8398,-0.1367,1]},
{"frame":112,"values":[-1,0,0,0,0,-0.6511,-0.759,0,0,-0.759,0.6511,0,0.9165,0.8398,-0.1367,1]},
{"frame":113,"values":[-1,0,0,0,0,0.1866,-0.9824,0,0,-0.9824,-0.1866,0,0.9165,0.8398,-0.1367,1]},
{"frame":114,"values":[-1,0,0,0,0,0.448,-0.894,0,0,-0.894,-0.448,0,0.9165,0.8398,-0.1367,1]},
{"frame":115,"values":[-1,0,0,0,0,0.448,-0.894,0,0,-0.894,-0.448,0,0.9165,0.6463,-0.1466,1]},
{"frame":116,"values":[-1,0,0,0,0,0.448,-0.894,0,0,-0.894,-0.448,0,0.9165,0.1669,-0.1711,1]},
{"frame":117,"values":[-1,0,0,0,0,0.448,-0.894,0,0,-0.894,-0.448,0,0.9165,-0.2281,-0.1912,1]},
{"frame":118,"values":[-1,0,0,0,0,0.448,-0.894,0,0,-0.894,-0.448,0,0.9165,-0.3995,-0.2,1]},
{"frame":121,"values":[-1,0,0,0,0,0.448,-0.894,0,0,-0.894,-0.448,0,0.9165,-0.3995,-0.2,1]},
{"frame":130,"values":[-1,0,0,0,0,-0.9103,-0.4139,0,0,-0.4139,0.9103,0,0.2699,-1.0515,-1.3797,1]},
{"frame":131,"values":[-1,0,0,0,0,-0.8579,-0.5137,0,0,-0.5137,0.8579,0,0.2699,-0.8476,-1.3832,1]},
{"frame":132,"values":[-1,0,0,0,0,-0.7941,-0.6077,0,0,-0.6077,0.7941,0,0.2699,-0.4581,-1.3411,1]},
{"frame":133,"values":[-1,0,0,0,0,-0.8404,-0.542,0,0,-0.542,0.8404,0,0.2664,-0.1165,-1.2064,1]},
{"frame":134,"values":[-1,0,0,0,0,-0.9403,-0.3402,0,0,-0.3402,0.9403,0,0.2566,0.2464,-1.0108,1]},
{"frame":135,"values":[-1,0,0,0,0,-0.9952,-0.0981,0,0,-0.0981,0.9952,0,0.2462,0.587,-0.826,1]},
{"frame":136,"values":[-1,0,0,0,0,-0.9722,0.2341,0,0,0.2341,0.9722,0,0.2373,0.888,-0.6479,1]},
{"frame":137,"values":[-1,0,0,0,0,-0.9047,0.4261,0,0,0.4261,0.9047,0,0.2262,1.1761,-0.5251,1]},
{"frame":138,"values":[-1,0,0,0,0,-0.9229,0.385,0,0,0.385,0.9229,0,0.2132,1.4807,-0.5417,1]},
{"frame":139,"values":[-1,0,0,0,0,-0.9737,0.2279,0,0,0.2279,0.9737,0,0.196,1.3654,-0.4246,1]},
{"frame":140,"values":[-1,0,0,0,0,-0.9969,-0.0783,0,0,-0.0783,0.9969,0,0.1715,1.2165,-0.1367,1]},
{"frame":141,"values":[-1,0,0,0,0,-0.9992,-0.04,0,0,-0.04,0.9992,0,0.1779,0.9425,-0.0917,1]},
{"frame":142,"values":[-1,0,0,0,0,-1,-0.0017,0,0,-0.0017,1,0,0.1915,0.613,-0.1065,1]},
{"frame":143,"values":[-1,0,0,0,0,-0.9986,-0.0532,0,0,-0.0532,0.9986,0,0.2047,0.2226,-0.1297,1]},
{"frame":144,"values":[-1,0,0,0,0,-0.9866,-0.1631,0,0,-0.1631,0.9866,0,0.2196,-0.204,-0.1803,1]},
{"frame":145,"values":[-1,0,0,0,0,-0.9769,-0.2138,0,0,-0.2138,0.9769,0,0.2355,-0.5396,-0.2838,1]},
{"frame":146,"values":[-1,0,0,0,0,-0.9993,0.0379,0,0,0.0379,0.9993,0,0.2545,-0.7367,-0.4556,1]},
{"frame":147,"values":[-1,0,0,0,0,-0.9579,0.2871,0,0,0.2871,0.9579,0,0.2699,-0.8562,-0.6738,1]},
{"frame":148,"values":[-1,0,0,0,0,-0.9925,0.1223,0,0,0.1223,0.9925,0,0.2767,-0.9946,-0.8849,1]},
{"frame":149,"values":[-1,0,0,0,0,-0.9828,-0.1844,0,0,-0.1844,0.9828,0,0.2776,-1.0954,-1.1108,1]},
{"frame":150,"values":[-1,0,0,0,0,-0.9103,-0.4139,0,0,-0.4139,0.9103,0,0.2699,-1.0515,-1.3797,1]},
{"frame":160,"values":[-1,0,0,0,0,-0.9518,0.3067,0,0,0.3067,0.9518,0,0.5286,0.2216,-0.1516,1]},
{"frame":169,"values":[-1,0,0,0,0,-0.9518,0.3067,0,0,0.3067,0.9518,0,0.5372,0.2353,-0.1513,1]},
{"frame":170,"values":[-1,0,0,0,0,-0.9518,0.3067,0,0,0.3067,0.9518,0,0.5631,0.2765,-0.1503,1]},
{"frame":171,"values":[-1,0,0,0,0,-0.9518,0.3067,0,0,0.3067,0.9518,0,0.6051,0.3436,-0.1487,1]},
{"frame":172,"values":[-1,0,0,0,0,-0.9518,0.3067,0,0,0.3067,0.9518,0,0.6602,0.4313,-0.1465,1]},
{"frame":173,"values":[-1,0,0,0,0,-0.9518,0.3067,0,0,0.3067,0.9518,0,0.7225,0.5307,-0.1441,1]},
{"frame":174,"values":[-1,0,0,0,0,-0.9518,0.3067,0,0,0.3067,0.9518,0,0.7849,0.63,-0.1417,1]},
{"frame":175,"values":[-1,0,0,0,0,-0.9518,0.3067,0,0,0.3067,0.9518,0,0.8399,0.7178,-0.1396,1]},
{"frame":176,"values":[-1,0,0,0,0,-0.9518,0.3067,0,0,0.3067,0.9518,0,0.882,0.7848,-0.138,1]},
{"frame":177,"values":[-1,0,0,0,0,-0.9518,0.3067,0,0,0.3067,0.9518,0,0.9079,0.8261,-0.137,1]},
{"frame":178,"values":[-1,0,0,0,0,-0.9518,0.3067,0,0,0.3067,0.9518,0,0.9165,0.8398,-0.1367,1]},
{"frame":190,"values":[-1,0,0,0,0,-0.9518,0.3067,0,0,0.3067,0.9518,0,0.5286,0.2216,-0.1516,1]},
{"frame":191,"values":[-1,0,0,0,0,-0.9518,0.3067,0,0,0.3067,0.9518,0,0.5286,0.2216,-0.1516,1]},
{"frame":200,"values":[-1,0,0,0,0,-0.9518,0.3067,0,0,0.3067,0.9518,0,0.9165,0.8398,-0.1367,1]},
{"frame":218,"values":[-1,0,0,0,0,-0.9518,0.3067,0,0,0.3067,0.9518,0,0.9165,0.8398,-0.1367,1]},
{"frame":230,"values":[-0.9856,-0.1689,0,0,0.1608,-0.9381,0.3067,0,-0.0518,0.3023,0.9518,0,0.4579,0.8398,-0.1367,1]},
{"frame":240,"values":[-0.9856,-0.1689,0,0,0.1608,-0.9381,0.3067,0,-0.0518,0.3023,0.9518,0,0.4579,0.8398,-0.1367,1]},
{"frame":250,"values":[-0.9857,-0.1683,0,0,0.1602,-0.9382,0.3067,0,-0.0516,0.3023,0.9518,0,0.4932,0.4817,-0.1367,1]},
{"frame":251,"values":[-0.9857,-0.1683,0,0,0.1602,-0.9382,0.3067,0,-0.0516,0.3023,0.9518,0,0.4932,0.4817,-0.1367,1]},
{"frame":260,"values":[-1,0,0,0,0,-0.9518,0.3067,0,0,0.3067,0.9518,0,0.9165,0.8398,-0.1367,1]},
{"frame":320,"values":[-1,0,0,0,0,-0.9518,0.3067,0,0,0.3067,0.9518,0,0.9165,0.8398,-0.1367,1]},
{"frame":330,"values":[-1,0,0,0,0,-0.9518,0.3067,0,0,0.3067,0.9518,0,0.9165,0.8398,-0.1367,1]},
{"frame":331,"values":[-1,0,0,0,0,-0.9518,0.3067,0,0,0.3067,0.9518,0,0.9165,0.8403,-0.1361,1]},
{"frame":332,"values":[-1,0,0,0,0,-0.9518,0.3067,0,0,0.3067,0.9518,0,0.9165,0.8434,-0.1348,1]},
{"frame":333,"values":[-1,0,0,0,0,-0.9518,0.3067,0,0,0.3067,0.9518,0,0.9165,0.8502,-0.1343,1]},
{"frame":334,"values":[-1,0,0,0,0,-0.9518,0.3067,0,0,0.3067,0.9518,0,0.9165,0.8715,-0.1376,1]},
{"frame":335,"values":[-1,0,0,0,0,-0.9518,0.3067,0,0,0.3067,0.9518,0,0.9165,0.9043,-0.146,1]},
{"frame":336,"values":[-1,0,0,0,0,-0.9605,0.2784,0,0,0.2784,0.9605,0,0.832,0.9211,-0.1779,1]},
{"frame":337,"values":[-1,0,0,0,0,-0.9786,0.2057,0,0,0.2057,0.9786,0,0.672,0.9412,-0.2351,1]},
{"frame":338,"values":[-1,0,0,0,0,-0.9946,0.1041,0,0,0.1041,0.9946,0,0.5362,0.9897,-0.2952,1]},
{"frame":339,"values":[-1,0,0,0,0,-0.9939,0.1101,0,0,0.1101,0.9939,0,0.4685,0.9888,-0.2915,1]},
{"frame":340,"values":[-1,0,0,0,0,-0.992,0.1263,0,0,0.1263,0.992,0,0.4393,0.9864,-0.2815,1]},
{"frame":341,"values":[-1,0,0,0,0,-0.9899,0.1419,0,0,0.1419,0.9899,0,0.4228,0.9841,-0.2719,1]},
{"frame":342,"values":[-1,0,0,0,0,-0.9881,0.154,0,0,0.154,0.9881,0,0.4151,0.9824,-0.2645,1]},
{"frame":343,"values":[-1,0,0,0,0,-0.9899,0.1419,0,0,0.1419,0.9899,0,0.4228,0.9841,-0.2719,1]},
{"frame":344,"values":[-1,0,0,0,0,-0.992,0.1263,0,0,0.1263,0.992,0,0.4605,0.9864,-0.2815,1]},
{"frame":345,"values":[-1,0,0,0,0,-0.9939,0.1102,0,0,0.1102,0.9939,0,0.5137,0.9888,-0.2915,1]},
{"frame":346,"values":[-1,0,0,0,0,-0.9946,0.1041,0,0,0.1041,0.9946,0,0.5362,0.9897,-0.2952,1]},
{"frame":347,"values":[-1,0,0,0,0,-0.994,0.1093,0,0,0.1093,0.994,0,0.5205,0.9889,-0.292,1]},
{"frame":348,"values":[-1,0,0,0,0,-0.9924,0.123,0,0,0.123,0.9924,0,0.4795,0.9869,-0.2836,1]},
{"frame":349,"values":[-1,0,0,0,0,-0.9906,0.1367,0,0,0.1367,0.9906,0,0.4385,0.9849,-0.2751,1]},
{"frame":350,"values":[-1,0,0,0,0,-0.9899,0.1419,0,0,0.1419,0.9899,0,0.4228,0.9841,-0.2719,1]},
{"frame":360,"values":[-1,0,0,0,0,-0.9881,0.154,0,0,0.154,0.9881,0,0.4151,0.9824,-0.2645,1]},
{"frame":361,"values":[-1,0,0,0,0,-0.9518,0.3067,0,0,0.3067,0.9518,0,0.9165,0.8398,-0.1367,1]},
{"frame":369,"values":[-1,0,0,0,0,-0.9518,0.3067,0,0,0.3067,0.9518,0,0.9165,0.8398,-0.1367,1]}],"loopBehavior":1,"name":"anim","property":"_matrix"}},
{"name":"foot.L","index":2,"matrix":[-1,0,0,0,0,-0.8947,0.4467,0,0,0.4467,0.8947,0,0,0.1648,-0.0002,1],"rest":[-1,0,0,0,0,-0.8947,0.4467,0,0,0.4467,0.8947,0,0,0.1648,-0.0002,1],"parentBoneIndex":1,"length":0.5841
,"animation":{"dataType":3,"framePerSecond":24,"keys":[
{"frame":0,"values":[-1,0,0,0,0,-0.8947,0.4467,0,0,0.4467,0.8947,0,0,0.1648,-0.0002,1]},
{"frame":18,"values":[-1,0,0,0,0,-0.8947,0.4467,0,0,0.4467,0.8947,0,0,0.1648,-0.0002,1]},
{"frame":30,"values":[-1,0,0,0,0,-0.8947,0.4467,0,0,0.4467,0.8947,0,0,0.1648,-0.0002,1]},
{"frame":47,"values":[-1,0,0,0,0,-0.8947,0.4467,0,0,0.4467,0.8947,0,0,0.1648,-0.0002,1]},
{"frame":60,"values":[-1,0,0,0,0,-0.8947,0.4467,0,0,0.4467,0.8947,0,0,0.1648,-0.0002,1]},
{"frame":80,"values":[-1,0,0,0,0,-0.8947,0.4467,0,0,0.4467,0.8947,0,0,0.1648,-0.0002,1]},
{"frame":90,"values":[-1,0,0,0,0,-0.8947,0.4467,0,0,0.4467,0.8947,0,0,0.1648,-0.0002,1]},
{"frame":95,"values":[-1,0,0,0,0,-0.8947,0.4467,0,0,0.4467,0.8947,0,0,0.1648,-0.0002,1]},
{"frame":100,"values":[-1,0,0,0,0,-0.8947,0.4467,0,0,0.4467,0.8947,0,0,0.1648,-0.0002,1]},
{"frame":121,"values":[-1,0,0,0,0,-0.8947,0.4467,0,0,0.4467,0.8947,0,0,0.1648,-0.0002,1]},
{"frame":130,"values":[-1,0,0,0,0,0.0671,0.9977,0,0,0.9977,-0.0671,0,0,0.1648,-0.0002,1]},
{"frame":131,"values":[-1,0,0,0,0,0.0209,0.9998,0,0,0.9998,-0.0209,0,0,0.1648,-0.0002,1]},
{"frame":132,"values":[-1,0,0,0,0,-0.0977,0.9952,0,0,0.9952,0.0977,0,0,0.1648,-0.0002,1]},
{"frame":133,"values":[-1,0,0,0,0,-0.2333,0.9724,0,0,0.9724,0.2333,0,0,0.1648,-0.0002,1]},
{"frame":134,"values":[-1,0,0,0,0,-0.3998,0.9166,0,0,0.9166,0.3998,0,0,0.1648,-0.0002,1]},
{"frame":135,"values":[-1,0,0,0,0,-0.5765,0.8171,0,0,0.8171,0.5765,0,0,0.1648,-0.0002,1]},
{"frame":136,"values":[-1,0,0,0,0,-0.7465,0.6654,0,0,0.6654,0.7465,0,0,0.1648,-0.0002,1]},
{"frame":137,"values":[-1,0,0,0,0,-0.8681,0.4964,0,0,0.4964,0.8681,0,0,0.1648,-0.0002,1]},
{"frame":138,"values":[-1,0,0,0,0,-0.9453,0.3262,0,0,0.3262,0.9453,0,0,0.1648,-0.0002,1]},
{"frame":139,"values":[-1,0,0,0,0,-0.9844,0.1758,0,0,0.1758,0.9844,0,0,0.1648,-0.0002,1]},
{"frame":140,"values":[-1,0,0,0,0,-0.9952,0.098,0,0,0.098,0.9952,0,0,0.1648,-0.0002,1]},
{"frame":141,"values":[-1,0,0,0,0,-0.995,0.0995,0,0,0.0995,0.995,0,0,0.1648,-0.0002,1]},
{"frame":142,"values":[-1,0,0,0,0,-0.9941,0.1089,0,0,0.1089,0.9941,0,0,0.1648,-0.0002,1]},
{"frame":143,"values":[-1,0,0,0,0,-0.9924,0.1233,0,0,0.1233,0.9924,0,0,0.1648,-0.0002,1]},
{"frame":144,"values":[-1,0,0,0,0,-0.9847,0.1743,0,0,0.1743,0.9847,0,0,0.1648,-0.0002,1]},
{"frame":145,"values":[-1,0,0,0,0,-0.9544,0.2987,0,0,0.2987,0.9544,0,0,0.1648,-0.0002,1]},
{"frame":146,"values":[-1,0,0,0,0,-0.8496,0.5274,0,0,0.5274,0.8496,0,0,0.1648,-0.0002,1]},
{"frame":147,"values":[-1,0,0,0,0,-0.6369,0.771,0,0,0.771,0.6369,0,0,0.1648,-0.0002,1]},
{"frame":148,"values":[-1,0,0,0,0,-0.3618,0.9323,0,0,0.9323,0.3618,0,0,0.1648,-0.0002,1]},
{"frame":149,"values":[-1,0,0,0,0,-0.0839,0.9965,0,0,0.9965,0.0839,0,0,0.1648,-0.0002,1]},
{"frame":150,"values":[-1,0,0,0,0,0.0671,0.9977,0,0,0.9977,-0.0671,0,0,0.1648,-0.0002,1]},
{"frame":160,"values":[-1,0,0,0,0,-0.8947,0.4467,0,0,0.4467,0.8947,0,0,0.1648,-0.0002,1]},
{"frame":178,"values":[-1,0,0,0,0,-0.8947,0.4467,0,0,0.4467,0.8947,0,0,0.1648,-0.0002,1]},
{"frame":190,"values":[-1,0,0,0,0,-0.8947,0.4467,0,0,0.4467,0.8947,0,0,0.1648,-0.0002,1]},
{"frame":191,"values":[-1,0,0,0,0,-0.8947,0.4467,0,0,0.4467,0.8947,0,0,0.1648,-0.0002,1]},
{"frame":200,"values":[-1,0,0,0,0,-0.8947,0.4467,0,0,0.4467,0.8947,0,0,0.1648,-0.0002,1]},
{"frame":218,"values":[-1,0,0,0,0,-0.8947,0.4467,0,0,0.4467,0.8947,0,0,0.1648,-0.0002,1]},
{"frame":230,"values":[-1,0,0,0,0,-0.8947,0.4467,0,0,0.4467,0.8947,0,0,0.1648,-0.0002,1]},
{"frame":240,"values":[-1,0,0,0,0,-0.8947,0.4467,0,0,0.4467,0.8947,0,0,0.1648,-0.0002,1]},
{"frame":250,"values":[-1,0,0,0,0,-0.8947,0.4467,0,0,0.4467,0.8947,0,0,0.1648,-0.0002,1]},
{"frame":251,"values":[-1,0,0,0,0,-0.8947,0.4467,0,0,0.4467,0.8947,0,0,0.1648,-0.0002,1]},
{"frame":260,"values":[-1,0,0,0,0,-0.8947,0.4467,0,0,0.4467,0.8947,0,0,0.1648,-0.0002,1]},
{"frame":320,"values":[-1,0,0,0,0,-0.8947,0.4467,0,0,0.4467,0.8947,0,0,0.1648,-0.0002,1]},
{"frame":330,"values":[-1,0,0,0,0,-0.8947,0.4467,0,0,0.4467,0.8947,0,0,0.1648,-0.0002,1]},
{"frame":350,"values":[-1,0,0,0,0,-0.8947,0.4467,0,0,0.4467,0.8947,0,0,0.1648,-0.0002,1]},
{"frame":360,"values":[-1,0,0,0,0,-0.8947,0.4467,0,0,0.4467,0.8947,0,0,0.1648,-0.0002,1]},
{"frame":369,"values":[-1,0,0,0,0,-0.8947,0.4467,0,0,0.4467,0.8947,0,0,0.1648,-0.0002,1]}],"loopBehavior":1,"name":"anim","property":"_matrix"}},
{"name":"heel.R","index":3,"matrix":[-1,0,0,0,0,-0.9518,0.3067,0,0,0.3067,0.9518,0,-0.9244,-0.4429,-0.1367,1],"rest":[-1,0,0,0,0,-0.9518,0.3067,0,0,0.3067,0.9518,0,-0.3253,0.2268,-0.1367,1],"parentBoneIndex":0,"length":0.51
,"animation":{"dataType":3,"framePerSecond":24,"keys":[
{"frame":0,"values":[-1,0,0,0,0,-0.9518,0.3067,0,0,0.3067,0.9518,0,-0.9244,-0.4429,-0.1367,1]},
{"frame":18,"values":[-1,0,0,0,0,-0.9518,0.3067,0,0,0.3067,0.9518,0,-0.9244,-0.4429,-0.1367,1]},
{"frame":30,"values":[-1,0,0,0,0,-0.9518,0.3067,0,0,0.3067,0.9518,0,-0.9244,-0.4429,-0.1367,1]},
{"frame":36,"values":[-1,0,0,0,0,-0.9518,0.3067,0,0,0.3067,0.9518,0,-0.9244,-0.3578,-0.1645,1]},
{"frame":37,"values":[-1,0,0,0,0,-0.9518,0.3067,0,0,0.3067,0.9518,0,-0.9244,-0.1181,-0.243,1]},
{"frame":38,"values":[-1,0,0,0,0,-0.9518,0.3067,0,0,0.3067,0.9518,0,-0.9244,0.1896,-0.3438,1]},
{"frame":39,"values":[-1,0,0,0,0,-0.9518,0.3067,0,0,0.3067,0.9518,0,-0.9244,0.4293,-0.4222,1]},
{"frame":40,"values":[-1,0,0,0,0,-0.9518,0.3067,0,0,0.3067,0.9518,0,-0.9244,0.5144,-0.4501,1]},
{"frame":41,"values":[-1,0,0,0,0,-0.9518,0.3067,0,0,0.3067,0.9518,0,-0.9244,-0.4429,-0.1367,1]},
{"frame":47,"values":[-1,0,0,0,0,-0.9518,0.3067,0,0,0.3067,0.9518,0,-0.9244,-0.4429,-0.1367,1]},
{"frame":60,"values":[-1,0,0,0,0,-0.9518,0.3067,0,0,0.3067,0.9518,0,-0.9244,-0.4429,-0.1367,1]},
{"frame":80,"values":[-1,0,0,0,0,-0.9518,0.3067,0,0,0.3067,0.9518,0,-0.9244,-0.4429,-0.1367,1]},
{"frame":90,"values":[-1,0,0,0,0,-0.9518,0.3067,0,0,0.3067,0.9518,0,-0.9244,-0.4429,-0.1367,1]},
{"frame":95,"values":[-1,0,0,0,0,-0.9518,0.3067,0,0,0.3067,0.9518,0,-0.9244,-0.4429,-0.1367,1]},
{"frame":100,"values":[-1,0,0,0,0,-0.9518,0.3067,0,0,0.3067,0.9518,0,-0.9244,-0.4429,-0.1367,1]},
{"frame":101,"values":[-1,0,0,0,0,-0.9543,0.2989,0,0,0.2989,0.9543,0,-0.9244,-0.4429,-0.1367,1]},
{"frame":102,"values":[-1,0,0,0,0,-0.97,0.243,0,0,0.243,0.97,0,-0.9244,-0.4429,-0.1367,1]},
{"frame":103,"values":[-1,0,0,0,0,-0.996,0.0889,0,0,0.0889,0.996,0,-0.9244,-0.4429,-0.1367,1]},
{"frame":104,"values":[-1,0,0,0,0,-0.973,-0.2308,0,0,-0.2308,0.973,0,-0.9244,-0.4429,-0.1367,1]},
{"frame":105,"values":[-1,0,0,0,0,-0.763,-0.6464,0,0,-0.6464,0.763,0,-0.9244,-0.4429,-0.1367,1]},
{"frame":106,"values":[-1,0,0,0,0,-0.379,-0.9254,0,0,-0.9254,0.379,0,-0.9244,-0.4429,-0.1367,1]},
{"frame":107,"values":[-1,0,0,0,0,-0.0333,-0.9994,0,0,-0.9994,0.0333,0,-0.9244,-0.4429,-0.1367,1]},
{"frame":108,"values":[-1,0,0,0,0,0.2462,-0.9692,0,0,-0.9692,-0.2462,0,-0.9244,-0.4429,-0.1367,1]},
{"frame":109,"values":[-1,0,0,0,0,0.442,-0.897,0,0,-0.897,-0.442,0,-0.9244,-0.4429,-0.1367,1]},
{"frame":110,"values":[-1,0,0,0,0,0.4992,-0.8665,0,0,-0.8665,-0.4992,0,-0.9244,-0.4429,-0.1367,1]},
{"frame":115,"values":[-1,0,0,0,0,0.4992,-0.8665,0,0,-0.8665,-0.4992,0,-0.9244,-0.4429,-0.1466,1]},
{"frame":116,"values":[-1,0,0,0,0,0.4992,-0.8665,0,0,-0.8665,-0.4992,0,-0.9244,-0.4429,-0.1711,1]},
{"frame":117,"values":[-1,0,0,0,0,0.4992,-0.8665,0,0,-0.8665,-0.4992,0,-0.9244,-0.4429,-0.1912,1]},
{"frame":118,"values":[-1,0,0,0,0,0.4992,-0.8665,0,0,-0.8665,-0.4992,0,-0.9244,-0.4429,-0.2,1]},
{"frame":121,"values":[-1,0,0,0,0,0.4992,-0.8665,0,0,-0.8665,-0.4992,0,-0.9244,-0.4429,-0.2,1]},
{"frame":130,"values":[-1,0,0,0,0,-0.9969,-0.0783,0,0,-0.0783,0.9969,0,-0.1715,1.2165,-0.1367,1]},
{"frame":131,"values":[-1,0,0,0,0,-0.9992,-0.0397,0,0,-0.0397,0.9992,0,-0.1779,1.0152,-0.1152,1]},
{"frame":132,"values":[-1,0,0,0,0,-1,-0.0017,0,0,-0.0017,1,0,-0.1915,0.613,-0.1065,1]},
{"frame":133,"values":[-1,0,0,0,0,-0.9985,-0.0542,0,0,-0.0542,0.9985,0,-0.2047,0.2226,-0.1297,1]},
{"frame":134,"values":[-1,0,0,0,0,-0.9865,-0.1636,0,0,-0.1636,0.9865,0,-0.2196,-0.204,-0.1803,1]},
{"frame":135,"values":[-1,0,0,0,0,-0.9769,-0.2138,0,0,-0.2138,0.9769,0,-0.2355,-0.5396,-0.2838,1]},
{"frame":136,"values":[-1,0,0,0,0,-0.9992,0.04,0,0,0.04,0.9992,0,-0.2545,-0.7367,-0.4556,1]},
{"frame":137,"values":[-1,0,0,0,0,-0.9579,0.2871,0,0,0.2871,0.9579,0,-0.2699,-0.8562,-0.6738,1]},
{"frame":138,"values":[-1,0,0,0,0,-0.9921,0.1253,0,0,0.1253,0.9921,0,-0.2767,-0.9946,-0.8849,1]},
{"frame":139,"values":[-1,0,0,0,0,-0.9828,-0.1844,0,0,-0.1844,0.9828,0,-0.2776,-1.0954,-1.1108,1]},
{"frame":140,"values":[-1,0,0,0,0,-0.9103,-0.4139,0,0,-0.4139,0.9103,0,-0.2776,-1.0515,-1.3797,1]},
{"frame":141,"values":[-1,0,0,0,0,-0.8306,-0.5568,0,0,-0.5568,0.8306,0,-0.2755,-0.7917,-1.4012,1]},
{"frame":142,"values":[-1,0,0,0,0,-0.7941,-0.6077,0,0,-0.6077,0.7941,0,-0.2699,-0.4581,-1.3411,1]},
{"frame":143,"values":[-1,0,0,0,0,-0.8402,-0.5423,0,0,-0.5423,0.8402,0,-0.2633,-0.1095,-1.2087,1]},
{"frame":144,"values":[-1,0,0,0,0,-0.9401,-0.3409,0,0,-0.3409,0.9401,0,-0.2551,0.2614,-1.0157,1]},
{"frame":145,"values":[-1,0,0,0,0,-0.9952,-0.0981,0,0,-0.0981,0.9952,0,-0.2462,0.587,-0.826,1]},
{"frame":146,"values":[-1,0,0,0,0,-0.9722,0.2343,0,0,0.2343,0.9722,0,-0.2373,0.8158,-0.6246,1]},
{"frame":147,"values":[-1,0,0,0,0,-0.9047,0.4261,0,0,0.4261,0.9047,0,-0.2262,1.0607,-0.4879,1]},
{"frame":148,"values":[-1,0,0,0,0,-0.9229,0.385,0,0,0.385,0.9229,0,-0.2132,1.4642,-0.5364,1]},
{"frame":149,"values":[-1,0,0,0,0,-0.9737,0.2279,0,0,0.2279,0.9737,0,-0.196,1.2576,-0.3899,1]},
{"frame":150,"values":[-1,0,0,0,0,-0.9969,-0.0783,0,0,-0.0783,0.9969,0,-0.1715,1.2165,-0.1367,1]},
{"frame":160,"values":[-1,0,0,0,0,-0.9518,0.3067,0,0,0.3067,0.9518,0,-0.9244,-0.0518,-0.1367,1]},
{"frame":169,"values":[-1,0,0,0,0,-0.9518,0.3067,0,0,0.3067,0.9518,0,-0.9244,-0.0605,-0.1367,1]},
{"frame":170,"values":[-1,0,0,0,0,-0.9518,0.3067,0,0,0.3067,0.9518,0,-0.9244,-0.0865,-0.1367,1]},
{"frame":171,"values":[-1,0,0,0,0,-0.9518,0.3067,0,0,0.3067,0.9518,0,-0.9244,-0.129,-0.1367,1]},
{"frame":172,"values":[-1,0,0,0,0,-0.9518,0.3067,0,0,0.3067,0.9518,0,-0.9244,-0.1845,-0.1367,1]},
{"frame":173,"values":[-1,0,0,0,0,-0.9518,0.3067,0,0,0.3067,0.9518,0,-0.9244,-0.2474,-0.1367,1]},
{"frame":174,"values":[-1,0,0,0,0,-0.9518,0.3067,0,0,0.3067,0.9518,0,-0.9244,-0.3102,-0.1367,1]},
{"frame":175,"values":[-1,0,0,0,0,-0.9518,0.3067,0,0,0.3067,0.9518,0,-0.9244,-0.3657,-0.1367,1]},
{"frame":176,"values":[-1,0,0,0,0,-0.9518,0.3067,0,0,0.3067,0.9518,0,-0.9244,-0.4082,-0.1367,1]},
{"frame":177,"values":[-1,0,0,0,0,-0.9518,0.3067,0,0,0.3067,0.9518,0,-0.9244,-0.4343,-0.1367,1]},
{"frame":178,"values":[-1,0,0,0,0,-0.9518,0.3067,0,0,0.3067,0.9518,0,-0.9244,-0.4429,-0.1367,1]},
{"frame":190,"values":[-1,0,0,0,0,-0.9518,0.3067,0,0,0.3067,0.9518,0,-0.9244,-0.0518,-0.1367,1]},
{"frame":191,"values":[-1,0,0,0,0,-0.9518,0.3067,0,0,0.3067,0.9518,0,-0.9244,-0.0518,-0.1367,1]},
{"frame":200,"values":[-1,0,0,0,0,-0.9518,0.3067,0,0,0.3067,0.9518,0,-0.9244,-0.4429,-0.1367,1]},
{"frame":201,"values":[-1,0,0,0,0,-0.9518,0.3067,0,0,0.3067,0.9518,0,-0.9244,-0.5175,-0.1367,1]},
{"frame":202,"values":[-1,0,0,0,0,-0.9518,0.3067,0,0,0.3067,0.9518,0,-0.9244,-0.7276,-0.1367,1]},
{"frame":203,"values":[-1,0,0,0,0,-0.9518,0.3067,0,0,0.3067,0.9518,0,-0.9244,-0.9974,-0.1367,1]},
{"frame":204,"values":[-1,0,0,0,0,-0.9518,0.3067,0,0,0.3067,0.9518,0,-0.9244,-1.2075,-0.1367,1]},
{"frame":205,"values":[-1,0,0,0,0,-0.9518,0.3067,0,0,0.3067,0.9518,0,-0.9244,-1.2821,-0.1367,1]},
{"frame":208,"values":[-1,0,0,0,0,-0.9518,0.3067,0,0,0.3067,0.9518,0,-0.9244,-0.9358,-0.1367,1]},
{"frame":212,"values":[-1,0,0,0,0,-0.9518,0.3067,0,0,0.3067,0.9518,0,-0.9244,-0.9134,-0.1367,1]},
{"frame":213,"values":[-1,0,0,0,0,-0.9518,0.3067,0,0,0.3067,0.9518,0,-0.9244,-0.8473,-0.1367,1]},
{"frame":214,"values":[-1,0,0,0,0,-0.9518,0.3067,0,0,0.3067,0.9518,0,-0.9244,-0.7465,-0.1367,1]},
{"frame":215,"values":[-1,0,0,0,0,-0.9518,0.3067,0,0,0.3067,0.9518,0,-0.9244,-0.6322,-0.1367,1]},
{"frame":216,"values":[-1,0,0,0,0,-0.9518,0.3067,0,0,0.3067,0.9518,0,-0.9244,-0.5314,-0.1367,1]},
{"frame":217,"values":[-1,0,0,0,0,-0.9518,0.3067,0,0,0.3067,0.9518,0,-0.9244,-0.4653,-0.1367,1]},
{"frame":218,"values":[-1,0,0,0,0,-0.9518,0.3067,0,0,0.3067,0.9518,0,-0.9244,-0.4429,-0.1367,1]},
{"frame":230,"values":[-1,0,0,0,0,-0.9518,0.3067,0,0,0.3067,0.9518,0,-0.6539,-0.1945,-0.6638,1]},
{"frame":231,"values":[-1,0,0,0,0,-0.9518,0.3067,0,0,0.3067,0.9518,0,-0.6533,-0.1623,-0.6733,1]},
{"frame":232,"values":[-1,0,0,0,0,-0.9518,0.3067,0,0,0.3067,0.9518,0,-0.6507,-0.0676,-0.6961,1]},
{"frame":233,"values":[-1,0,0,0,0,-0.9518,0.3067,0,0,0.3067,0.9518,0,-0.645,0.0651,-0.7151,1]},
{"frame":234,"values":[-1,0,0,0,0,-0.9518,0.3067,0,0,0.3067,0.9518,0,-0.6362,0.1896,-0.7097,1]},
{"frame":235,"values":[-1,0,0,0,0,-0.9518,0.3067,0,0,0.3067,0.9518,0,-0.6249,0.2725,-0.671,1]},
{"frame":236,"values":[-1,0,0,0,0,-0.9518,0.3067,0,0,0.3067,0.9518,0,-0.6081,0.3361,-0.5843,1]},
{"frame":237,"values":[-1,0,0,0,0,-0.9518,0.3067,0,0,0.3067,0.9518,0,-0.5834,0.4064,-0.4432,1]},
{"frame":238,"values":[-1,0,0,0,0,-0.9518,0.3067,0,0,0.3067,0.9518,0,-0.5574,0.4693,-0.2881,1]},
{"frame":239,"values":[-1,0,0,0,0,-0.9518,0.3067,0,0,0.3067,0.9518,0,-0.539,0.5099,-0.1753,1]},
{"frame":240,"values":[-1,0,0,0,0,-0.9518,0.3067,0,0,0.3067,0.9518,0,-0.5328,0.5228,-0.1367,1]},
{"frame":250,"values":[-1,0,0,0,0,-0.9518,0.3067,0,0,0.3067,0.9518,0,-0.4565,-0.0486,-0.1367,1]},
{"frame":251,"values":[-1,0,0,0,0,-0.9518,0.3067,0,0,0.3067,0.9518,0,-0.4565,-0.0486,-0.1367,1]},
{"frame":260,"values":[-1,0,0,0,0,-0.9518,0.3067,0,0,0.3067,0.9518,0,-0.9244,-0.4429,-0.1367,1]},
{"frame":320,"values":[-1,0,0,0,0,-0.9518,0.3067,0,0,0.3067,0.9518,0,-0.9244,-0.4429,-0.1367,1]},
{"frame":330,"values":[-1,0,0,0,0,-0.9518,0.3067,0,0,0.3067,0.9518,0,-0.9244,-0.4429,-0.1367,1]},
{"frame":350,"values":[-1,0,0,0,0,-0.9518,0.3067,0,0,0.3067,0.9518,0,-0.9244,-0.4429,-0.1367,1]},
{"frame":360,"values":[-1,0,0,0,0,-0.9518,0.3067,0,0,0.3067,0.9518,0,-0.9244,-0.4429,-0.1367,1]},
{"frame":369,"values":[-1,0,0,0,0,-0.9518,0.3067,0,0,0.3067,0.9518,0,-0.9244,-0.4429,-0.1367,1]}],"loopBehavior":1,"name":"anim","property":"_matrix"}},
{"name":"foot.R","index":4,"matrix":[-0.8926,-0.444,0.0776,0,0.4319,-0.7934,0.429,0,-0.1289,0.4164,0.9,0,0,0.1648,-0.0002,1],"rest":[-1,0,0,0,0,-0.8947,0.4467,0,0,0.4467,0.8947,0,0,0.1648,-0.0002,1],"parentBoneIndex":3,"length":0.5841
,"animation":{"dataType":3,"framePerSecond":24,"keys":[
{"frame":0,"values":[-0.8926,-0.444,0.0776,0,0.4319,-0.7934,0.429,0,-0.1289,0.4164,0.9,0,0,0.1648,-0.0002,1]},
{"frame":1,"values":[-0.8801,-0.4663,0.0897,0,0.4573,-0.7813,0.4249,0,-0.1281,0.4149,0.9008,0,0,0.1648,-0.0002,1]},
{"frame":2,"values":[-0.8555,-0.5057,0.1112,0,0.5022,-0.7578,0.4166,0,-0.1264,0.4122,0.9023,0,0,0.1648,-0.0002,1]},
{"frame":3,"values":[-0.829,-0.5434,0.1321,0,0.5452,-0.7327,0.4073,0,-0.1246,0.4097,0.9037,0,0,0.1648,-0.0002,1]},
{"frame":4,"values":[-0.8138,-0.5632,0.1431,0,0.5678,-0.7184,0.4019,0,-0.1235,0.4083,0.9044,0,0,0.1648,-0.0002,1]},
{"frame":10,"values":[-0.8926,-0.444,0.0776,0,0.4319,-0.7934,0.429,0,-0.1289,0.4164,0.9,0,0,0.1648,-0.0002,1]},
