{"producer":{"name":"Blender","version":"2.78 (sub 0)","exporter_version":"5.4.0","file":"Warrior.babylon"},
"autoClear":true,"clearColor":[0,0,0],"ambientColor":[0,0,0],"gravity":[0,-9.81,0],
"materials":[{"name":"Warrior.Gloves","id":"Warrior.Gloves","ambient":[0.0607,0.0386,0.0189],"diffuse":[0.0486,0.0309,0.0151],"specular":[0,0,0],"emissive":[0.0261,0.0166,0.0081],"specularPower":50,"alpha":1,"backFaceCulling":true,"checkReadyOnlyOnce":false,"maxSimultaneousLights":4},
{"name":"Warrior.texture","id":"Warrior.texture","ambient":[1,1,1],"diffuse":[1,1,1],"specular":[0,0,0],"emissive":[0.43,0.43,0.43],"specularPower":50,"alpha":1,"backFaceCulling":true,"checkReadyOnlyOnce":false,"maxSimultaneousLights":4, 
"diffuseTexture":{"name":"Character_texture_complete.png","level":1,"hasAlpha":1,"coordinatesMode":0,"uOffset":0,"vOffset":0,"uScale":1,"vScale":1,"uAng":0,"vAng":0,"wAng":0,"wrapU":1,"wrapV":1,"coordinatesIndex":0}},
{"name":"Warrior.Material.002","id":"Warrior.Material.002","ambient":[0.8,0.8,0.8],"diffuse":[0.64,0.64,0.64],"specular":[0,0,0],"emissive":[0.336,0.336,0.336],"specularPower":50,"alpha":1,"backFaceCulling":true,"checkReadyOnlyOnce":false,"maxSimultaneousLights":4, 
"diffuseTexture":{"name":"Skirt.png","level":1,"hasAlpha":1,"coordinatesMode":0,"uOffset":0,"vOffset":0,"uScale":1,"vScale":1,"uAng":0,"vAng":0,"wAng":0,"wrapU":1,"wrapV":1,"coordinatesIndex":0}},
{"name":"Warrior.Material.003","id":"Warrior.Material.003","ambient":[0.1845,0.1845,0.1845],"diffuse":[0.1476,0.1476,0.1476],"specular":[0,0,0],"emissive":[0.0793,0.0793,0.0793],"specularPower":50,"alpha":1,"backFaceCulling":true,"checkReadyOnlyOnce":false,"maxSimultaneousLights":4},
{"name":"Warrior.Material.000","id":"Warrior.Material.000","ambient":[0.3032,0.2344,0.0755],"diffuse":[0.3032,0.2344,0.0755],"specular":[0,0,0],"emissive":[0.1243,0.0961,0.031],"specularPower":50,"alpha":1,"backFaceCulling":true,"checkReadyOnlyOnce":false,"maxSimultaneousLights":4},
{"name":"Warrior.Hair","id":"Warrior.Hair","ambient":[0.8,0.8,0.8],"diffuse":[0.64,0.64,0.64],"specular":[0,0,0],"emissive":[0.336,0.336,0.336],"specularPower":50,"alpha":1,"backFaceCulling":true,"checkReadyOnlyOnce":false,"maxSimultaneousLights":4, 
"diffuseTexture":{"name":"Hair.png","level":1,"hasAlpha":1,"coordinatesMode":0,"uOffset":0,"vOffset":0,"uScale":1,"vScale":1,"uAng":0,"vAng":0,"wAng":0,"wrapU":1,"wrapV":1,"coordinatesIndex":0}},
{"name":"Warrior.Material.001","id":"Warrior.Material.001","ambient":[0.477,0.001,0],"diffuse":[0.3816,0.0008,0],"specular":[0,0,0],"emissive":[0,0,0],"specularPower":50,"alpha":1,"backFaceCulling":true,"checkReadyOnlyOnce":false,"maxSimultaneousLights":4},
{"name":"Warrior.short_sword","id":"Warrior.short_sword","ambient":[0.8,0.8,0.8],"diffuse":[0.64,0.64,0.64],"specular":[0,0,0],"emissive":[0.112,0.112,0.112],"specularPower":50,"alpha":1,"backFaceCulling":true,"checkReadyOnlyOnce":false,"maxSimultaneousLights":4, 
"diffuseTexture":{"name":"short_sword.png","level":1,"hasAlpha":1,"coordinatesMode":0,"uOffset":0,"vOffset":0,"uScale":1,"vScale":1,"uAng":0,"vAng":0,"wAng":0,"wrapU":1,"wrapV":1,"coordinatesIndex":0}},
{"name":"Warrior.Material.004","id":"Warrior.Material.004","ambient":[0.0578,0.0365,0.0311],"diffuse":[0.0462,0.0292,0.0249],"specular":[0,0,0],"emissive":[0.0428,0.027,0.023],"specularPower":50,"alpha":1,"backFaceCulling":true,"checkReadyOnlyOnce":false,"maxSimultaneousLights":4},
{"name":"Warrior.Material","id":"Warrior.Material","ambient":[0.1107,0.1107,0.1107],"diffuse":[0.0885,0.0885,0.0885],"specular":[0,0,0],"emissive":[0.0675,0.0675,0.0675],"specularPower":50,"alpha":1,"backFaceCulling":true,"checkReadyOnlyOnce":false,"maxSimultaneousLights":4},
{"name":"Warrior.Material.005","id":"Warrior.Material.005","ambient":[0.8,0.8,0.8],"diffuse":[0.64,0.64,0.64],"specular":[0,0,0],"emissive":[0.328,0.328,0.328],"specularPower":50,"alpha":1,"backFaceCulling":true,"checkReadyOnlyOnce":false,"maxSimultaneousLights":4},
{"name":"Warrior.Shield","id":"Warrior.Shield","ambient":[0.8,0.8,0.8],"diffuse":[0.64,0.64,0.64],"specular":[0,0,0],"emissive":[0.336,0.336,0.336],"specularPower":50,"alpha":1,"backFaceCulling":true,"checkReadyOnlyOnce":false,"maxSimultaneousLights":4, 
"diffuseTexture":{"name":"Small_shield.png","level":1,"hasAlpha":1,"coordinatesMode":0,"uOffset":0,"vOffset":0,"uScale":1,"vScale":1,"uAng":0,"vAng":0,"wAng":0,"wrapU":1,"wrapV":1,"coordinatesIndex":0}},
{"name":"Warrior.Material.006","id":"Warrior.Material.006","ambient":[0.6983,0.5189,0.3011],"diffuse":[0.6983,0.5189,0.3011],"specular":[0,0,0],"emissive":[0.1047,0.0778,0.0452],"specularPower":50,"alpha":1,"backFaceCulling":true,"checkReadyOnlyOnce":false,"maxSimultaneousLights":4}],
"multiMaterials":[{"name":"Warrior.Multimaterial#0","id":"Warrior.Multimaterial#0","materials":["Warrior.Material.002","Warrior.Material.003","Warrior.Material.000"]},{"name":"Warrior.Multimaterial#1","id":"Warrior.Multimaterial#1","materials":["Warrior.Hair","Warrior.Material.001"]},{"name":"Warrior.Multimaterial#2","id":"Warrior.Multimaterial#2","materials":["Warrior.Hair","Warrior.Gloves"]},{"name":"Warrior.Multimaterial#3","id":"Warrior.Multimaterial#3","materials":["Warrior.Material.004","Warrior.Material","Warrior.Material.005"]}],
"skeletons":[{"name":"metarig","id":0,"dimensionsAtRest":[2.6981,4.8573,1.3847],"bones":[
{"name":"root","index":0,"matrix":[1,0,0,0,0,0,-1,0,0,-1,0,0,0,0,0.3263,1],"rest":[1,0,0,0,0,0,-1,0,0,-1,0,0,0,0,0.3263,1],"parentBoneIndex":-1,"length":1.1261
,"animation":{"dataType":3,"framePerSecond":24,"keys":[
{"frame":0,"values":[1,0,0,0,0,0,-1,0,0,-1,0,0,0,0,0.3263,1]},
{"frame":20,"values":[1,0,0,0,0,0,-1,0,0,-1,0,0,0,0,0.3263,1]},
{"frame":30,"values":[1,0,0,0,0,0,-1,0,0,-1,0,0,0,0,0.3263,1]},
{"frame":51,"values":[1,0,0,0,0,0,-1,0,0,-1,0,0,0,0,0.3263,1]},
{"frame":60,"values":[1,0,0,0,0,0,-1,0,0,-1,0,0,0,0,0.3263,1]},
{"frame":80,"values":[1,0,0,0,0,0,-1,0,0,-1,0,0,0,0,0.3263,1]},
{"frame":90,"values":[1,0,0,0,0,0,-1,0,0,-1,0,0,0,0,0.3263,1]},
{"frame":108,"values":[1,0,0,0,0,0,-1,0,0,-1,0,0,0,0,0.3263,1]},
{"frame":120,"values":[1,0,0,0,0,0,-1,0,0,-1,0,0,0,0,0.3263,1]},
{"frame":121,"values":[1,0,0,0,0,0,-1,0,0,-1,0,0,0,0,0.3263,1]},
{"frame":130,"values":[1,0,0,0,0,0,-1,0,0,-1,0,0,0,0,0.3263,1]},
{"frame":148,"values":[1,0,0,0,0,0,-1,0,0,-1,0,0,0,0,0.3263,1]},
{"frame":160,"values":[1,0,0,0,0,0,-1,0,0,-1,0,0,0,0,0.3263,1]},
{"frame":161,"values":[1,0,0,0,0,0,-1,0,0,-1,0,0,0,0,0.3263,1]},
{"frame":170,"values":[1,0,0,0,0,0,-1,0,0,-1,0,0,0,0,0.3263,1]},
{"frame":232,"values":[1,0,0,0,0,0,-1,0,0,-1,0,0,0,0,0.3263,1]}],"loopBehavior":1,"name":"anim","property":"_matrix"}},
{"name":"heel.L","index":1,"matrix":[-1,0,0,0,0,-0.9518,0.3067,0,0,0.3067,0.9518,0,0.9165,0.8398,-0.1367,1],"rest":[-1,0,0,0,0,-0.9518,0.3067,0,0,0.3067,0.9518,0,0.3253,0.2268,-0.1367,1],"parentBoneIndex":0,"length":0.51
,"animation":{"dataType":3,"framePerSecond":24,"keys":[
{"frame":0,"values":[-1,0,0,0,0,-0.9518,0.3067,0,0,0.3067,0.9518,0,0.9165,0.8398,-0.1367,1]},
{"frame":1,"values":[-1,0,0,0,0,-0.9518,0.3067,0,0,0.3067,0.9518,0,0.9165,0.8414,-0.1356,1]},
{"frame":2,"values":[-1,0,0,0,0,-0.9518,0.3067,0,0,0.3067,0.9518,0,0.9165,0.8502,-0.1343,1]},
{"frame":3,"values":[-1,0,0,0,0,-0.9518,0.3067,0,0,0.3067,0.9518,0,0.9165,0.8714,-0.137,1]},
{"frame":4,"values":[-1,0,0,0,0,-0.9518,0.3067,0,0,0.3067,0.9518,0,0.9165,0.9043,-0.146,1]},
{"frame":5,"values":[-1,0,0,0,0,-0.9786,0.2057,0,0,0.2057,0.9786,0,0.672,0.9412,-0.2351,1]},
{"frame":6,"values":[-1,0,0,0,0,-0.9946,0.1041,0,0,0.1041,0.9946,0,0.5362,0.9897,-0.2952,1]},
{"frame":7,"values":[-1,0,0,0,0,-0.9935,0.114,0,0,0.114,0.9935,0,0.4469,0.9879,-0.2911,1]},
{"frame":8,"values":[-1,0,0,0,0,-0.9881,0.154,0,0,0.154,0.9881,0,0.4151,0.9824,-0.2645,1]},
{"frame":9,"values":[-1,0,0,0,0,-0.9693,0.2459,0,0,0.2459,0.9693,0,0.6658,0.9961,-0.1821,1]},
{"frame":10,"values":[-1,0,0,0,0,-0.9518,0.3067,0,0,0.3067,0.9518,0,0.9165,0.9742,-0.1096,1]},
{"frame":11,"values":[-1,0,0,0,0,-0.9518,0.3067,0,0,0.3067,0.9518,0,0.9165,0.8398,-0.1367,1]},
{"frame":20,"values":[-1,0,0,0,0,-0.9518,0.3067,0,0,0.3067,0.9518,0,0.9165,0.8398,-0.1367,1]},
{"frame":30,"values":[-1,0,0,0,0,-0.9518,0.3067,0,0,0.3067,0.9518,0,0.9165,0.8398,-0.1367,1]},
{"frame":41,"values":[-1,0,0,0,0,-0.9994,0.0348,0,0,0.0348,0.9994,0,0.9165,0.8398,-0.1367,1]},
{"frame":42,"values":[-1,0,0,0,0,-0.6511,-0.759,0,0,-0.759,0.6511,0,0.9165,0.8398,-0.1367,1]},
{"frame":43,"values":[-1,0,0,0,0,0.1866,-0.9824,0,0,-0.9824,-0.1866,0,0.9165,0.8398,-0.1367,1]},
{"frame":44,"values":[-1,0,0,0,0,0.448,-0.894,0,0,-0.894,-0.448,0,0.9165,0.8398,-0.1367,1]},
{"frame":45,"values":[-1,0,0,0,0,0.448,-0.894,0,0,-0.894,-0.448,0,0.9165,0.6463,-0.1466,1]},
{"frame":46,"values":[-1,0,0,0,0,0.448,-0.894,0,0,-0.894,-0.448,0,0.9165,0.1669,-0.1711,1]},
{"frame":47,"values":[-1,0,0,0,0,0.448,-0.894,0,0,-0.894,-0.448,0,0.9165,-0.2281,-0.1912,1]},
{"frame":48,"values":[-1,0,0,0,0,0.448,-0.894,0,0,-0.894,-0.448,0,0.9165,-0.3995,-0.2,1]},
{"frame":51,"values":[-1,0,0,0,0,0.448,-0.894,0,0,-0.894,-0.448,0,0.9165,-0.3995,-0.2,1]},
{"frame":60,"values":[-1,0,0,0,0,-0.9103,-0.4139,0,0,-0.4139,0.9103,0,0.2699,-1.0515,-1.3797,1]},
{"frame":61,"values":[-1,0,0,0,0,-0.8579,-0.5137,0,0,-0.5137,0.8579,0,0.2699,-0.8476,-1.3832,1]},
{"frame":62,"values":[-1,0,0,0,0,-0.7941,-0.6077,0,0,-0.6077,0.7941,0,0.2699,-0.4581,-1.3411,1]},
{"frame":63,"values":[-1,0,0,0,0,-0.8404,-0.542,0,0,-0.542,0.8404,0,0.2664,-0.1165,-1.2064,1]},
{"frame":64,"values":[-1,0,0,0,0,-0.9403,-0.3402,0,0,-0.3402,0.9403,0,0.2566,0.2464,-1.0108,1]},
{"frame":65,"values":[-1,0,0,0,0,-0.9952,-0.0981,0,0,-0.0981,0.9952,0,0.2462,0.587,-0.826,1]},
{"frame":66,"values":[-1,0,0,0,0,-0.9722,0.2341,0,0,0.2341,0.9722,0,0.2373,0.9047,-0.6533,1]},
{"frame":67,"values":[-1,0,0,0,0,-0.9047,0.4261,0,0,0.4261,0.9047,0,0.2262,1.1761,-0.5251,1]},
{"frame":68,"values":[-1,0,0,0,0,-0.9229,0.385,0,0,0.385,0.9229,0,0.2132,1.3664,-0.5049,1]},
{"frame":69,"values":[-1,0,0,0,0,-0.9737,0.2279,0,0,0.2279,0.9737,0,0.196,1.4568,-0.454,1]},
{"frame":70,"values":[-1,0,0,0,0,-0.9969,-0.0783,0,0,-0.0783,0.9969,0,0.1715,1.2165,-0.1367,1]},
{"frame":71,"values":[-1,0,0,0,0,-0.9992,-0.04,0,0,-0.04,0.9992,0,0.1779,0.9291,-0.0874,1]},
{"frame":72,"values":[-1,0,0,0,0,-1,-0.0017,0,0,-0.0017,1,0,0.1915,0.613,-0.1065,1]},
{"frame":73,"values":[-1,0,0,0,0,-0.9986,-0.0532,0,0,-0.0532,0.9986,0,0.2047,0.2226,-0.1297,1]},
{"frame":74,"values":[-1,0,0,0,0,-0.9866,-0.1631,0,0,-0.1631,0.9866,0,0.2196,-0.204,-0.1803,1]},
{"frame":75,"values":[-1,0,0,0,0,-0.9769,-0.2138,0,0,-0.2138,0.9769,0,0.2355,-0.5396,-0.2838,1]},
{"frame":76,"values":[-1,0,0,0,0,-0.9993,0.0379,0,0,0.0379,0.9993,0,0.2545,-0.7367,-0.4556,1]},
{"frame":77,"values":[-1,0,0,0,0,-0.9579,0.2871,0,0,0.2871,0.9579,0,0.2699,-0.8562,-0.6738,1]},
{"frame":78,"values":[-1,0,0,0,0,-0.9925,0.1223,0,0,0.1223,0.9925,0,0.2767,-0.9946,-0.8849,1]},
{"frame":79,"values":[-1,0,0,0,0,-0.9828,-0.1844,0,0,-0.1844,0.9828,0,0.2776,-1.0954,-1.1108,1]},
{"frame":80,"values":[-1,0,0,0,0,-0.9103,-0.4139,0,0,-0.4139,0.9103,0,0.2699,-1.0515,-1.3797,1]},
{"frame":90,"values":[-1,0,0,0,0,-0.9518,0.3067,0,0,0.3067,0.9518,0,0.5286,0.2216,-0.1516,1]},
{"frame":99,"values":[-1,0,0,0,0,-0.9518,0.3067,0,0,0.3067,0.9518,0,0.5372,0.2353,-0.1513,1]},
{"frame":100,"values":[-1,0,0,0,0,-0.9518,0.3067,0,0,0.3067,0.9518,0,0.5631,0.2765,-0.1503,1]},
{"frame":101,"values":[-1,0,0,0,0,-0.9518,0.3067,0,0,0.3067,0.9518,0,0.6051,0.3436,-0.1487,1]},
{"frame":102,"values":[-1,0,0,0,0,-0.9518,0.3067,0,0,0.3067,0.9518,0,0.6602,0.4313,-0.1465,1]},
{"frame":103,"values":[-1,0,0,0,0,-0.9518,0.3067,0,0,0.3067,0.9518,0,0.7225,0.5307,-0.1441,1]},
{"frame":104,"values":[-1,0,0,0,0,-0.9518,0.3067,0,0,0.3067,0.9518,0,0.7849,0.63,-0.1417,1]},
{"frame":105,"values":[-1,0,0,0,0,-0.9518,0.3067,0,0,0.3067,0.9518,0,0.8399,0.7178,-0.1396,1]},
{"frame":106,"values":[-1,0,0,0,0,-0.9518,0.3067,0,0,0.3067,0.9518,0,0.882,0.7848,-0.138,1]},
{"frame":107,"values":[-1,0,0,0,0,-0.9518,0.3067,0,0,0.3067,0.9518,0,0.9079,0.8261,-0.137,1]},
{"frame":108,"values":[-1,0,0,0,0,-0.9518,0.3067,0,0,0.3067,0.9518,0,0.9165,0.8398,-0.1367,1]},
{"frame":120,"values":[-1,0,0,0,0,-0.9518,0.3067,0,0,0.3067,0.9518,0,0.5286,0.2216,-0.1516,1]},
{"frame":121,"values":[-1,0,0,0,0,-0.9518,0.3067,0,0,0.3067,0.9518,0,0.5286,0.2216,-0.1516,1]},
{"frame":130,"values":[-1,0,0,0,0,-0.9518,0.3067,0,0,0.3067,0.9518,0,0.9165,0.8398,-0.1367,1]},
{"frame":148,"values":[-1,0,0,0,0,-0.9518,0.3067,0,0,0.3067,0.9518,0,0.9165,0.8398,-0.1367,1]},
{"frame":160,"values":[-1,0,0,0,0,-0.9518,0.3067,0,0,0.3067,0.9518,0,0.4932,0.4817,-0.1367,1]},
{"frame":161,"values":[-1,0,0,0,0,-0.9518,0.3067,0,0,0.3067,0.9518,0,0.4932,0.4817,-0.1367,1]},
{"frame":170,"values":[-1,0,0,0,0,-0.9518,0.3067,0,0,0.3067,0.9518,0,0.9165,0.8398,-0.1367,1]},
{"frame":232,"values":[-1,0,0,0,0,-0.9518,0.3067,0,0,0.3067,0.9518,0,0.9165,0.8398,-0.1367,1]}],"loopBehavior":1,"name":"anim","property":"_matrix"}},
{"name":"foot.L","index":2,"matrix":[-1,0,0,0,0,-0.8947,0.4467,0,0,0.4467,0.8947,0,0,0.1648,-0.0002,1],"rest":[-1,0,0,0,0,-0.8947,0.4467,0,0,0.4467,0.8947,0,0,0.1648,-0.0002,1],"parentBoneIndex":1,"length":0.5841
,"animation":{"dataType":3,"framePerSecond":24,"keys":[
{"frame":0,"values":[-1,0,0,0,0,-0.8947,0.4467,0,0,0.4467,0.8947,0,0,0.1648,-0.0002,1]},
{"frame":20,"values":[-1,0,0,0,0,-0.8947,0.4467,0,0,0.4467,0.8947,0,0,0.1648,-0.0002,1]},
{"frame":30,"values":[-1,0,0,0,0,-0.8947,0.4467,0,0,0.4467,0.8947,0,0,0.1648,-0.0002,1]},
{"frame":51,"values":[-1,0,0,0,0,-0.8947,0.4467,0,0,0.4467,0.8947,0,0,0.1648,-0.0002,1]},
{"frame":60,"values":[-1,0,0,0,0,0.0671,0.9977,0,0,0.9977,-0.0671,0,0,0.1648,-0.0002,1]},
{"frame":61,"values":[-1,0,0,0,0,0.0209,0.9998,0,0,0.9998,-0.0209,0,0,0.1648,-0.0002,1]},
{"frame":62,"values":[-1,0,0,0,0,-0.0977,0.9952,0,0,0.9952,0.0977,0,0,0.1648,-0.0002,1]},
{"frame":63,"values":[-1,0,0,0,0,-0.2333,0.9724,0,0,0.9724,0.2333,0,0,0.1648,-0.0002,1]},
{"frame":64,"values":[-1,0,0,0,0,-0.3998,0.9166,0,0,0.9166,0.3998,0,0,0.1648,-0.0002,1]},
{"frame":65,"values":[-1,0,0,0,0,-0.5765,0.8171,0,0,0.8171,0.5765,0,0,0.1648,-0.0002,1]},
{"frame":66,"values":[-1,0,0,0,0,-0.7465,0.6654,0,0,0.6654,0.7465,0,0,0.1648,-0.0002,1]},
{"frame":67,"values":[-1,0,0,0,0,-0.8681,0.4964,0,0,0.4964,0.8681,0,0,0.1648,-0.0002,1]},
{"frame":68,"values":[-1,0,0,0,0,-0.9453,0.3262,0,0,0.3262,0.9453,0,0,0.1648,-0.0002,1]},
{"frame":69,"values":[-1,0,0,0,0,-0.9844,0.1758,0,0,0.1758,0.9844,0,0,0.1648,-0.0002,1]},
{"frame":70,"values":[-1,0,0,0,0,-0.9952,0.098,0,0,0.098,0.9952,0,0,0.1648,-0.0002,1]},
{"frame":71,"values":[-1,0,0,0,0,-0.995,0.0995,0,0,0.0995,0.995,0,0,0.1648,-0.0002,1]},
{"frame":72,"values":[-1,0,0,0,0,-0.9941,0.1089,0,0,0.1089,0.9941,0,0,0.1648,-0.0002,1]},
{"frame":73,"values":[-1,0,0,0,0,-0.9924,0.1233,0,0,0.1233,0.9924,0,0,0.1648,-0.0002,1]},
{"frame":74,"values":[-1,0,0,0,0,-0.9847,0.1743,0,0,0.1743,0.9847,0,0,0.1648,-0.0002,1]},
{"frame":75,"values":[-1,0,0,0,0,-0.9544,0.2987,0,0,0.2987,0.9544,0,0,0.1648,-0.0002,1]},
{"frame":76,"values":[-1,0,0,0,0,-0.8496,0.5274,0,0,0.5274,0.8496,0,0,0.1648,-0.0002,1]},
{"frame":77,"values":[-1,0,0,0,0,-0.6369,0.771,0,0,0.771,0.6369,0,0,0.1648,-0.0002,1]},
{"frame":78,"values":[-1,0,0,0,0,-0.3618,0.9323,0,0,0.9323,0.3618,0,0,0.1648,-0.0002,1]},
{"frame":79,"values":[-1,0,0,0,0,-0.0839,0.9965,0,0,0.9965,0.0839,0,0,0.1648,-0.0002,1]},
{"frame":80,"values":[-1,0,0,0,0,0.0671,0.9977,0,0,0.9977,-0.0671,0,0,0.1648,-0.0002,1]},
{"frame":90,"values":[-1,0,0,0,0,-0.8947,0.4467,0,0,0.4467,0.8947,0,0,0.1648,-0.0002,1]},
{"frame":108,"values":[-1,0,0,0,0,-0.8947,0.4467,0,0,0.4467,0.8947,0,0,0.1648,-0.0002,1]},
{"frame":120,"values":[-1,0,0,0,0,-0.8947,0.4467,0,0,0.4467,0.8947,0,0,0.1648,-0.0002,1]},
{"frame":121,"values":[-1,0,0,0,0,-0.8947,0.4467,0,0,0.4467,0.8947,0,0,0.1648,-0.0002,1]},
{"frame":130,"values":[-1,0,0,0,0,-0.8947,0.4467,0,0,0.4467,0.8947,0,0,0.1648,-0.0002,1]},
{"frame":148,"values":[-1,0,0,0,0,-0.8947,0.4467,0,0,0.4467,0.8947,0,0,0.1648,-0.0002,1]},
{"frame":160,"values":[-1,0,0,0,0,-0.8947,0.4467,0,0,0.4467,0.8947,0,0,0.1648,-0.0002,1]},
{"frame":161,"values":[-1,0,0,0,0,-0.8947,0.4467,0,0,0.4467,0.8947,0,0,0.1648,-0.0002,1]},
{"frame":170,"values":[-1,0,0,0,0,-0.8947,0.4467,0,0,0.4467,0.8947,0,0,0.1648,-0.0002,1]},
{"frame":232,"values":[-1,0,0,0,0,-0.8947,0.4467,0,0,0.4467,0.8947,0,0,0.1648,-0.0002,1]}],"loopBehavior":1,"name":"anim","property":"_matrix"}},
{"name":"heel.R","index":3,"matrix":[-1,0,0,0,0,-0.9518,0.3067,0,0,0.3067,0.9518,0,-0.9244,-0.4429,-0.1367,1],"rest":[-1,0,0,0,0,-0.9518,0.3067,0,0,0.3067,0.9518,0,-0.3253,0.2268,-0.1367,1],"parentBoneIndex":0,"length":0.51
,"animation":{"dataType":3,"framePerSecond":24,"keys":[
{"frame":0,"values":[-1,0,0,0,0,-0.9518,0.3067,0,0,0.3067,0.9518,0,-0.9244,-0.4429,-0.1367,1]},
{"frame":20,"values":[-1,0,0,0,0,-0.9518,0.3067,0,0,0.3067,0.9518,0,-0.9244,-0.4429,-0.1367,1]},
{"frame":30,"values":[-1,0,0,0,0,-0.9518,0.3067,0,0,0.3067,0.9518,0,-0.9244,-0.4429,-0.1367,1]},
{"frame":31,"values":[-1,0,0,0,0,-0.9543,0.2989,0,0,0.2989,0.9543,0,-0.9244,-0.4429,-0.1367,1]},
{"frame":32,"values":[-1,0,0,0,0,-0.97,0.243,0,0,0.243,0.97,0,-0.9244,-0.4429,-0.1367,1]},
{"frame":33,"values":[-1,0,0,0,0,-0.996,0.0889,0,0,0.0889,0.996,0,-0.9244,-0.4429,-0.1367,1]},
{"frame":34,"values":[-1,0,0,0,0,-0.973,-0.2308,0,0,-0.2308,0.973,0,-0.9244,-0.4429,-0.1367,1]},
{"frame":35,"values":[-1,0,0,0,0,-0.763,-0.6464,0,0,-0.6464,0.763,0,-0.9244,-0.4429,-0.1367,1]},
{"frame":36,"values":[-1,0,0,0,0,-0.379,-0.9254,0,0,-0.9254,0.379,0,-0.9244,-0.4429,-0.1367,1]},
{"frame":37,"values":[-1,0,0,0,0,-0.0333,-0.9994,0,0,-0.9994,0.0333,0,-0.9244,-0.4429,-0.1367,1]},
{"frame":38,"values":[-1,0,0,0,0,0.2462,-0.9692,0,0,-0.9692,-0.2462,0,-0.9244,-0.4429,-0.1367,1]},
{"frame":39,"values":[-1,0,0,0,0,0.442,-0.897,0,0,-0.897,-0.442,0,-0.9244,-0.4429,-0.1367,1]},
{"frame":40,"values":[-1,0,0,0,0,0.4992,-0.8665,0,0,-0.8665,-0.4992,0,-0.9244,-0.4429,-0.1367,1]},
{"frame":45,"values":[-1,0,0,0,0,0.4992,-0.8665,0,0,-0.8665,-0.4992,0,-0.9244,-0.4429,-0.1466,1]},
{"frame":46,"values":[-1,0,0,0,0,0.4992,-0.8665,0,0,-0.8665,-0.4992,0,-0.9244,-0.4429,-0.1711,1]},
{"frame":47,"values":[-1,0,0,0,0,0.4992,-0.8665,0,0,-0.8665,-0.4992,0,-0.9244,-0.4429,-0.1912,1]},
{"frame":48,"values":[-1,0,0,0,0,0.4992,-0.8665,0,0,-0.8665,-0.4992,0,-0.9244,-0.4429,-0.2,1]},
{"frame":51,"values":[-1,0,0,0,0,0.4992,-0.8665,0,0,-0.8665,-0.4992,0,-0.9244,-0.4429,-0.2,1]},
{"frame":60,"values":[-1,0,0,0,0,-0.9969,-0.0783,0,0,-0.0783,0.9969,0,-0.1715,1.2165,-0.1367,1]},
{"frame":61,"values":[-1,0,0,0,0,-0.9992,-0.0397,0,0,-0.0397,0.9992,0,-0.1779,1.0152,-0.1152,1]},
{"frame":62,"values":[-1,0,0,0,0,-1,-0.0017,0,0,-0.0017,1,0,-0.1915,0.613,-0.1065,1]},
{"frame":63,"values":[-1,0,0,0,0,-0.9985,-0.0542,0,0,-0.0542,0.9985,0,-0.2047,0.2226,-0.1297,1]},
{"frame":64,"values":[-1,0,0,0,0,-0.9865,-0.1636,0,0,-0.1636,0.9865,0,-0.2196,-0.204,-0.1803,1]},
{"frame":65,"values":[-1,0,0,0,0,-0.9769,-0.2138,0,0,-0.2138,0.9769,0,-0.2355,-0.5396,-0.2838,1]},
{"frame":66,"values":[-1,0,0,0,0,-0.9992,0.04,0,0,0.04,0.9992,0,-0.2545,-0.7367,-0.4556,1]},
{"frame":67,"values":[-1,0,0,0,0,-0.9579,0.2871,0,0,0.2871,0.9579,0,-0.2699,-0.8562,-0.6738,1]},
{"frame":68,"values":[-1,0,0,0,0,-0.9921,0.1253,0,0,0.1253,0.9921,0,-0.2767,-0.9946,-0.8849,1]},
{"frame":69,"values":[-1,0,0,0,0,-0.9828,-0.1844,0,0,-0.1844,0.9828,0,-0.2776,-1.0954,-1.1108,1]},
{"frame":70,"values":[-1,0,0,0,0,-0.9103,-0.4139,0,0,-0.4139,0.9103,0,-0.2776,-1.0515,-1.3797,1]},
{"frame":71,"values":[-1,0,0,0,0,-0.8306,-0.5568,0,0,-0.5568,0.8306,0,-0.2755,-0.7917,-1.4012,1]},
{"frame":72,"values":[-1,0,0,0,0,-0.7941,-0.6077,0,0,-0.6077,0.7941,0,-0.2699,-0.4581,-1.3411,1]},
{"frame":73,"values":[-1,0,0,0,0,-0.8402,-0.5423,0,0,-0.5423,0.8402,0,-0.2633,-0.1095,-1.2087,1]},
{"frame":74,"values":[-1,0,0,0,0,-0.9401,-0.3409,0,0,-0.3409,0.9401,0,-0.2551,0.2614,-1.0157,1]},
{"frame":75,"values":[-1,0,0,0,0,-0.9952,-0.0981,0,0,-0.0981,0.9952,0,-0.2462,0.587,-0.826,1]},
{"frame":76,"values":[-1,0,0,0,0,-0.9722,0.2343,0,0,0.2343,0.9722,0,-0.2373,0.8553,-0.6373,1]},
{"frame":77,"values":[-1,0,0,0,0,-0.9047,0.4261,0,0,0.4261,0.9047,0,-0.2262,1.0607,-0.4879,1]},
{"frame":78,"values":[-1,0,0,0,0,-0.9229,0.385,0,0,0.385,0.9229,0,-0.2132,1.1945,-0.4495,1]},
{"frame":79,"values":[-1,0,0,0,0,-0.9737,0.2279,0,0,0.2279,0.9737,0,-0.196,1.2576,-0.3899,1]},
{"frame":80,"values":[-1,0,0,0,0,-0.9969,-0.0783,0,0,-0.0783,0.9969,0,-0.1715,1.2165,-0.1367,1]},
{"frame":90,"values":[-1,0,0,0,0,-0.9518,0.3067,0,0,0.3067,0.9518,0,-0.9244,-0.0518,-0.1367,1]},
{"frame":99,"values":[-1,0,0,0,0,-0.9518,0.3067,0,0,0.3067,0.9518,0,-0.9244,-0.0605,-0.1367,1]},
{"frame":100,"values":[-1,0,0,0,0,-0.9518,0.3067,0,0,0.3067,0.9518,0,-0.9244,-0.0865,-0.1367,1]},
{"frame":101,"values":[-1,0,0,0,0,-0.9518,0.3067,0,0,0.3067,0.9518,0,-0.9244,-0.129,-0.1367,1]},
{"frame":102,"values":[-1,0,0,0,0,-0.9518,0.3067,0,0,0.3067,0.9518,0,-0.9244,-0.1845,-0.1367,1]},
{"frame":103,"values":[-1,0,0,0,0,-0.9518,0.3067,0,0,0.3067,0.9518,0,-0.9244,-0.2474,-0.1367,1]},
{"frame":104,"values":[-1,0,0,0,0,-0.9518,0.3067,0,0,0.3067,0.9518,0,-0.9244,-0.3102,-0.1367,1]},
{"frame":105,"values":[-1,0,0,0,0,-0.9518,0.3067,0,0,0.3067,0.9518,0,-0.9244,-0.3657,-0.1367,1]},
{"frame":106,"values":[-1,0,0,0,0,-0.9518,0.3067,0,0,0.3067,0.9518,0,-0.9244,-0.4082,-0.1367,1]},
{"frame":107,"values":[-1,0,0,0,0,-0.9518,0.3067,0,0,0.3067,0.9518,0,-0.9244,-0.4343,-0.1367,1]},
{"frame":108,"values":[-1,0,0,0,0,-0.9518,0.3067,0,0,0.3067,0.9518,0,-0.9244,-0.4429,-0.1367,1]},
{"frame":120,"values":[-1,0,0,0,0,-0.9518,0.3067,0,0,0.3067,0.9518,0,-0.9244,-0.0518,-0.1367,1]},
{"frame":121,"values":[-1,0,0,0,0,-0.9518,0.3067,0,0,0.3067,0.9518,0,-0.9244,-0.0518,-0.1367,1]},
{"frame":130,"values":[-1,0,0,0,0,-0.9518,0.3067,0,0,0.3067,0.9518,0,-0.9244,-0.4429,-0.1367,1]},
{"frame":131,"values":[-1,0,0,0,0,-0.9518,0.3067,0,0,0.3067,0.9518,0,-0.9244,-0.5175,-0.1367,1]},
{"frame":132,"values":[-1,0,0,0,0,-0.9518,0.3067,0,0,0.3067,0.9518,0,-0.9244,-0.7276,-0.1367,1]},
{"frame":133,"values":[-1,0,0,0,0,-0.9518,0.3067,0,0,0.3067,0.9518,0,-0.9244,-0.9974,-0.1367,1]},
{"frame":134,"values":[-1,0,0,0,0,-0.9518,0.3067,0,0,0.3067,0.9518,0,-0.9244,-1.2075,-0.1367,1]},
{"frame":135,"values":[-1,0,0,0,0,-0.9518,0.3067,0,0,0.3067,0.9518,0,-0.9244,-1.2821,-0.1367,1]},
{"frame":138,"values":[-1,0,0,0,0,-0.9518,0.3067,0,0,0.3067,0.9518,0,-0.9244,-0.9358,-0.1367,1]},
{"frame":142,"values":[-1,0,0,0,0,-0.9518,0.3067,0,0,0.3067,0.9518,0,-0.9244,-0.9134,-0.1367,1]},
{"frame":143,"values":[-1,0,0,0,0,-0.9518,0.3067,0,0,0.3067,0.9518,0,-0.9244,-0.8473,-0.1367,1]},
{"frame":144,"values":[-1,0,0,0,0,-0.9518,0.3067,0,0,0.3067,0.9518,0,-0.9244,-0.7465,-0.1367,1]},
{"frame":145,"values":[-1,0,0,0,0,-0.9518,0.3067,0,0,0.3067,0.9518,0,-0.9244,-0.6322,-0.1367,1]},
{"frame":146,"values":[-1,0,0,0,0,-0.9518,0.3067,0,0,0.3067,0.9518,0,-0.9244,-0.5314,-0.1367,1]},
{"frame":147,"values":[-1,0,0,0,0,-0.9518,0.3067,0,0,0.3067,0.9518,0,-0.9244,-0.4653,-0.1367,1]},
{"frame":148,"values":[-1,0,0,0,0,-0.9518,0.3067,0,0,0.3067,0.9518,0,-0.9244,-0.4429,-0.1367,1]},
{"frame":160,"values":[-1,0,0,0,0,-0.9518,0.3067,0,0,0.3067,0.9518,0,-0.4565,-0.0486,-0.1367,1]},
{"frame":161,"values":[-1,0,0,0,0,-0.9518,0.3067,0,0,0.3067,0.9518,0,-0.4565,-0.0486,-0.1367,1]},
{"frame":170,"values":[-1,0,0,0,0,-0.9518,0.3067,0,0,0.3067,0.9518,0,-0.9244,-0.4429,-0.1367,1]},
{"frame":232,"values":[-1,0,0,0,0,-0.9518,0.3067,0,0,0.3067,0.9518,0,-0.9244,-0.4429,-0.1367,1]}],"loopBehavior":1,"name":"anim","property":"_matrix"}},
{"name":"foot.R","index":4,"matrix":[-0.8926,-0.444,0.0776,0,0.4319,-0.7934,0.429,0,-0.1289,0.4164,0.9,0,0,0.1648,-0.0002,1],"rest":[-1,0,0,0,0,-0.8947,0.4467,0,0,0.4467,0.8947,0,0,0.1648,-0.0002,1],"parentBoneIndex":3,"length":0.5841
,"animation":{"dataType":3,"framePerSecond":24,"keys":[
{"frame":0,"values":[-0.8926,-0.444,0.0776,0,0.4319,-0.7934,0.429,0,-0.1289,0.4164,0.9,0,0,0.1648,-0.0002,1]},
{"frame":1,"values":[-0.8829,-0.4615,0.0871,0,0.4518,-0.784,0.4258,0,-0.1282,0.4152,0.9006,0,0,0.1648,-0.0002,1]},
{"frame":2,"values":[-0.8555,-0.5057,0.1112,0,0.5022,-0.7578,0.4166,0,-0.1264,0.4122,0.9023,0,0,0.1648,-0.0002,1]},
{"frame":3,"values":[-0.8258,-0.5478,0.1345,0,0.5501,-0.7296,0.4062,0,-0.1244,0.4094,0.9039,0,0,0.1648,-0.0002,1]},
{"frame":4,"values":[-0.8138,-0.5632,0.1431,0,0.5678,-0.7184,0.4019,0,-0.1235,0.4083,0.9044,0,0,0.1648,-0.0002,1]},
{"frame":9,"values":[-0.8555,-0.5057,0.1112,0,0.5022,-0.7578,0.4166,0,-0.1264,0.4122,0.9023,0,0,0.1648,-0.0002,1]},
{"frame":10,"values":[-0.8926,-0.444,0.0776,0,0.4319,-0.7934,0.429,0,-0.1289,0.4164,0.9,0,0,0.1648,-0.0002,1]},
{"frame":20,"values":[-0.8926,-0.444,0.0776,0,0.4319,-0.7934,0.429,0,-0.1289,0.4164,0.9,0,0,0.1648,-0.0002,1]},
{"frame":30,"values":[-0.8926,-0.444,0.0776,0,0.4319,-0.7934,0.429,0,-0.1289,0.4164,0.9,0,0,0.1648,-0.0002,1]},
{"frame":51,"values":[-0.8926,-0.444,0.0776,0,0.4319,-0.7934,0.429,0,-0.1289,0.4164,0.9,0,0,0.1648,-0.0002,1]},
{"frame":60,"values":[-1,0,0,0,0,-0.9952,0.098,0,0,0.098,0.9952,0,0,0.1648,-0.0002,1]},
{"frame":61,"values":[-1,0,0,0,0,-0.9951,0.0986,0,0,0.0986,0.9951,0,0,0.1648,-0.0002,1]},
{"frame":62,"values":[-1,0,0,0,0,-0.9941,0.1089,0,0,0.1089,0.9941,0,0,0.1648,-0.0002,1]},
{"frame":63,"values":[-1,0,0,0,0,-0.9927,0.1204,0,0,0.1204,0.9927,0,0,0.1648,-0.0002,1]},
{"frame":64,"values":[-1,0,0,0,0,-0.9863,0.1652,0,0,0.1652,0.9863,0,0,0.1648,-0.0002,1]},
{"frame":65,"values":[-1,0,0,0,0,-0.9544,0.2987,0,0,0.2987,0.9544,0,0,0.1648,-0.0002,1]},
{"frame":66,"values":[-1,0,0,0,0,-0.8415,0.5403,0,0,0.5403,0.8415,0,0,0.1648,-0.0002,1]},
{"frame":67,"values":[-1,0,0,0,0,-0.6369,0.771,0,0,0.771,0.6369,0,0,0.1648,-0.0002,1]},
{"frame":68,"values":[-1,0,0,0,0,-0.372,0.9282,0,0,0.9282,0.372,0,0,0.1648,-0.0002,1]},
{"frame":69,"values":[-1,0,0,0,0,-0.0839,0.9965,0,0,0.9965,0.0839,0,0,0.1648,-0.0002,1]},
{"frame":70,"values":[-1,0,0,0,0,0.0671,0.9977,0,0,0.9977,-0.0671,0,0,0.1648,-0.0002,1]},
{"frame":71,"values":[-1,0,0,0,0,0.0214,0.9998,0,0,0.9998,-0.0214,0,0,0.1648,-0.0002,1]},
{"frame":72,"values":[-1,0,0,0,0,-0.0977,0.9952,0,0,0.9952,0.0977,0,0,0.1648,-0.0002,1]},
{"frame":73,"values":[-1,0,0,0,0,-0.2393,0.971,0,0,0.971,0.2393,0,0,0.1648,-0.0002,1]},
{"frame":74,"values":[-1,0,0,0,0,-0.4082,0.9129,0,0,0.9129,0.4082,0,0,0.1648,-0.0002,1]},
{"frame":75,"values":[-1,0,0,0,0,-0.5765,0.8171,0,0,0.8171,0.5765,0,0,0.1648,-0.0002,1]},
{"frame":76,"values":[-1,0,0,0,0,-0.74,0.6726,0,0,0.6726,0.74,0,0,0.1648,-0.0002,1]},
{"frame":77,"values":[-1,0,0,0,0,-0.8681,0.4964,0,0,0.4964,0.8681,0,0,0.1648,-0.0002,1]},
{"frame":78,"values":[-1,0,0,0,0,-0.9467,0.3221,0,0,0.3221,0.9467,0,0,0.1648,-0.0002,1]},
{"frame":79,"values":[-1,0,0,0,0,-0.9844,0.1758,0,0,0.1758,0.9844,0,0,0.1648,-0.0002,1]},
{"frame":80,"values":[-1,0,0,0,0,-0.9952,0.098,0,0,0.098,0.9952,0,0,0.1648,-0.0002,1]},
{"frame":90,"values":[-0.8926,-0.444,0.0776,0,0.4319,-0.7934,0.429,0,-0.1289,0.4164,0.9,0,0,0.1648,-0.0002,1]},
{"frame":108,"values":[-0.8926,-0.444,0.0776,0,0.4319,-0.7934,0.429,0,-0.1289,0.4164,0.9,0,0,0.1648,-0.0002,1]},
{"frame":120,"values":[-0.8926,-0.444,0.0776,0,0.4319,-0.7934,0.429,0,-0.1289,0.4164,0.9,0,0,0.1648,-0.0002,1]},
{"frame":121,"values":[-0.8926,-0.444,0.0776,0,0.4319,-0.7934,0.429,0,-0.1289,0.4164,0.9,0,0,0.1648,-0.0002,1]},
{"frame":130,"values":[-0.8926,-0.444,0.0776,0,0.4319,-0.7934,0.429,0,-0.1289,0.4164,0.9,0,0,0.1648,-0.0002,1]},
{"frame":148,"values":[-0.8926,-0.444,0.0776,0,0.4319,-0.7934,0.429,0,-0.1289,0.4164,0.9,0,0,0.1648,-0.0002,1]},
{"frame":160,"values":[-0.9746,-0.2205,0.0385,0,0.2145,-0.8707,0.4425,0,-0.064,0.4395,0.8959,0,0,0.1648,-0.0002,1]},
{"frame":161,"values":[-0.9746,-0.2205,0.0385,0,0.2145,-0.8707,0.4425,0,-0.064,0.4395,0.8959,0,0,0.1648,-0.0002,1]},
{"frame":170,"values":[-0.8926,-0.444,0.0776,0,0.4319,-0.7934,0.429,0,-0.1289,0.4164,0.9,0,0,0.1648,-0.0002,1]},
{"frame":232,"values":[-0.8926,-0.444,0.0776,0,0.4319,-0.7934,0.429,0,-0.1289,0.4164,0.9,0,0,0.1648,-0.0002,1]}],"loopBehavior":1,"name":"anim","property":"_matrix"}},
{"name":"hips","index":5,"matrix":[0.972,0.2349,0,0,-0.024,0.0992,-0.9948,0,-0.2337,0.9669,0.102,0,0,0.2173,-2.3228,1],"rest":[1,0,0,0,0,0.102,-0.9948,0,0,0.9948,0.102,0,0,0.2173,-2.5278,1],"parentBoneIndex":0,"length":0.4281
,"animation":{"dataType":3,"framePerSecond":24,"keys":[
{"frame":0,"values":[0.972,0.2349,0,0,-0.024,0.0992,-0.9948,0,-0.2337,0.9669,0.102,0,0,0.2173,-2.3228,1]},
{"frame":1,"values":[0.9679,0.2513,0.001,0,-0.0245,0.0983,-0.9949,0,-0.2501,0.9629,0.1013,0,0,0.2118,-2.2928,1]},
{"frame":2,"values":[0.9499,0.3127,0.0007,0,-0.0293,0.0913,-0.9954,0,-0.3113,0.9455,0.0959,0,0,0.1827,-2.216,1]},
{"frame":3,"values":[0.9062,0.4228,-0.0081,0,-0.0419,0.0708,-0.9966,0,-0.4208,0.9035,0.0819,0,0,0.1137,-2.1432,1]},
{"frame":4,"values":[0.8298,0.5572,-0.0303,0,-0.0593,0.034,-0.9977,0,-0.5549,0.8297,0.0612,0,0,0.0075,-2.1235,1]},
{"frame":5,"values":[0.6696,0.7303,-0.1355,0,-0.0758,-0.1143,-0.9906,0,-0.7388,0.6735,-0.0212,0,0,-0.1764,-2.3632,1]},
{"frame":6,"values":[0.6636,0.713,-0.2264,0,-0.0784,-0.2347,-0.9689,0,-0.7439,0.6608,-0.0998,0,0,-0.2456,-2.2803,1]},
{"frame":7,"values":[0.6653,0.7084,-0.2358,0,-0.0751,-0.2507,-0.9651,0,-0.7428,0.6598,-0.1136,0,0,-0.3076,-2.2616,1]},
{"frame":8,"values":[0.6696,0.7038,-0.2374,0,-0.0758,-0.2532,-0.9644,0,-0.7388,0.6638,-0.1162,0,0,-0.337,-2.261,1]},
{"frame":9,"values":[0.9333,0.3431,-0.106,0,-0.0633,-0.1334,-0.989,0,-0.3535,0.9298,-0.1028,0,0,-0.1921,-2.2622,1]},
{"frame":10,"values":[0.9952,-0.0978,0,0,0.01,0.1016,-0.9948,0,0.0973,0.99,0.102,0,0,0.1625,-2.2419,1]},
{"frame":11,"values":[0.9952,-0.0933,-0.0296,0,0.01,0.3977,-0.9175,0,0.0973,0.9128,0.3967,0,0,0.5898,-1.7974,1]},
{"frame":12,"values":[0.9952,-0.0933,-0.0296,0,0.01,0.3977,-0.9175,0,0.0973,0.9128,0.3967,0,0,0.7049,-1.7769,1]},
{"frame":13,"values":[0.9952,-0.0933,-0.0296,0,0.01,0.3977,-0.9175,0,0.0973,0.9128,0.3967,0,0,0.7522,-1.7685,1]},
{"frame":14,"values":[0.9952,-0.0933,-0.0296,0,0.01,0.3977,-0.9175,0,0.0973,0.9128,0.3967,0,0,0.7577,-1.7675,1]},
{"frame":15,"values":[0.997,-0.0735,-0.0249,0,0.005,0.3807,-0.9247,0,0.0774,0.9218,0.3799,0,0,0.7243,-1.8018,1]},
{"frame":16,"values":[0.9998,-0.0149,-0.0133,0,-0.0076,0.3295,-0.9441,0,0.0184,0.944,0.3294,0,0,0.6271,-1.9017,1]},
{"frame":17,"values":[0.9975,0.0707,-0.0021,0,-0.02,0.2528,-0.9673,0,-0.0678,0.9649,0.2536,0,0,0.4875,-2.0452,1]},
{"frame":18,"values":[0.9877,0.1563,0.0022,0,-0.0253,0.1738,-0.9845,0,-0.1543,0.9723,0.1756,0,0,0.3478,-2.1887,1]},
{"frame":19,"values":[0.9766,0.2151,0.0011,0,-0.0249,0.1182,-0.9927,0,-0.2136,0.9694,0.1208,0,0,0.2507,-2.2885,1]},
{"frame":20,"values":[0.972,0.2349,0,0,-0.024,0.0992,-0.9948,0,-0.2337,0.9669,0.102,0,0,0.2173,-2.3228,1]},
{"frame":30,"values":[0.972,0.2349,0,0,-0.024,0.0992,-0.9948,0,-0.2337,0.9669,0.102,0,0,0.1652,-2.3281,1]},
{"frame":31,"values":[0.972,0.2311,-0.0425,0,-0.024,-0.0822,-0.9963,0,-0.2337,0.9695,-0.0744,0,0,0.1639,-2.3158,1]},
{"frame":32,"values":[0.972,0.2196,-0.0835,0,-0.024,-0.261,-0.965,0,-0.2337,0.94,-0.2484,0,0,0.1551,-2.2296,1]},
{"frame":33,"values":[0.972,0.2208,-0.0801,0,-0.024,-0.246,-0.969,0,-0.2337,0.9438,-0.2338,0,0,0.1395,-2.0754,1]},
{"frame":34,"values":[0.972,0.2243,-0.0697,0,-0.024,-0.2005,-0.9794,0,-0.2337,0.9537,-0.1895,0,0,0.1206,-1.8666,1]},
{"frame":35,"values":[0.972,0.2286,-0.0542,0,-0.024,-0.133,-0.9908,0,-0.2337,0.9644,-0.1238,0,0,0.1035,-1.6244,1]},
{"frame":36,"values":[0.972,0.2318,-0.0382,0,-0.024,-0.0639,-0.9977,0,-0.2337,0.9707,-0.0565,0,0,0.0942,-1.3887,1]},
{"frame":37,"values":[0.972,0.2335,-0.0256,0,-0.024,-0.0099,-0.9997,0,-0.2337,0.9723,-0.0041,0,0,0.0949,-1.1888,1]},
{"frame":38,"values":[0.972,0.2345,-0.0141,0,-0.024,0.0392,-0.9989,0,-0.2337,0.9713,0.0437,0,0,0.0925,-0.991,1]},
{"frame":39,"values":[0.972,0.2349,-0.0037,0,-0.024,0.0836,-0.9962,0,-0.2337,0.9684,0.0869,0,0,0.1149,-0.8115,1]},
{"frame":40,"values":[0.972,0.2349,0,0,-0.024,0.0992,-0.9948,0,-0.2337,0.9669,0.102,0,0,0.2167,-0.7388,1]},
{"frame":41,"values":[0.972,0.2349,0,0,-0.024,0.0992,-0.9948,0,-0.2337,0.9669,0.102,0,0,0.4206,-0.7341,1]},
{"frame":42,"values":[0.972,0.2349,0,0,-0.024,0.0992,-0.9948,0,-0.2337,0.9669,0.102,0,0,0.7359,-0.7442,1]},
{"frame":43,"values":[0.972,0.2349,0,0,-0.024,0.0992,-0.9948,0,-0.2337,0.9669,0.102,0,0,1.0814,-0.7513,1]},
{"frame":44,"values":[0.972,0.2349,0,0,-0.024,0.0992,-0.9948,0,-0.2337,0.9669,0.102,0,0,1.3615,-0.7388,1]},
{"frame":45,"values":[0.9783,0.2066,0.0151,0,-0.0496,0.3042,-0.9513,0,-0.2011,0.9299,0.3079,0,0,1.5819,-0.6334,1]},
{"frame":46,"values":[0.9923,0.1215,0.0229,0,-0.079,0.7658,-0.6382,0,-0.0951,0.6314,0.7696,0,0,1.7522,-0.411,1]},
{"frame":47,"values":[0.9984,0.057,-0.0062,0,-0.0569,0.9718,-0.2288,0,-0.007,0.2288,0.9735,0,0,1.862,-0.2308,1]},
{"frame":48,"values":[0.999,0.0358,-0.0258,0,-0.0369,0.9983,-0.0454,0,0.0242,0.0463,0.9986,0,0,1.8934,-0.1543,1]},
{"frame":51,"values":[0.999,0.0358,-0.0258,0,-0.0369,0.9983,-0.0454,0,0.0242,0.0463,0.9986,0,0,1.8934,-0.1543,1]},
{"frame":60,"values":[1,0,0,0,0,0.321,-0.9471,0,0,0.9471,0.321,0,0,0.5152,-2.3037,1]},
{"frame":61,"values":[1,0,0,0,0,0.321,-0.9471,0,0,0.9471,0.321,0,0,0.552,-2.2588,1]},
{"frame":62,"values":[1,0,0,0,0,0.321,-0.9471,0,0,0.9471,0.321,0,0,0.584,-2.1674,1]},
{"frame":63,"values":[1,0,0,0,0,0.321,-0.9471,0,0,0.9471,0.321,0,0,0.56,-2.1287,1]},
{"frame":64,"values":[1,0,0,0,0,0.321,-0.9471,0,0,0.9471,0.321,0,0,0.5229,-2.1838,1]},
{"frame":65,"values":[1,0,0,0,0,0.321,-0.9471,0,0,0.9471,0.321,0,0,0.5152,-2.3037,1]},
{"frame":66,"values":[1,0,0,0,0,0.321,-0.9471,0,0,0.9471,0.321,0,0,0.5302,-2.4487,1]},
{"frame":67,"values":[1,0,0,0,0,0.321,-0.9471,0,0,0.9471,0.321,0,0,0.5392,-2.5352,1]},
{"frame":68,"values":[1,0,0,0,0,0.321,-0.9471,0,0,0.9471,0.321,0,0,0.5302,-2.4943,1]},
{"frame":69,"values":[1,0,0,0,0,0.321,-0.9471,0,0,0.9471,0.321,0,0,0.5161,-2.4049,1]},
{"frame":70,"values":[1,0,0,0,0,0.321,-0.9471,0,0,0.9471,0.321,0,0,0.5152,-2.3037,1]},
{"frame":71,"values":[1,0,0,0,0,0.321,-0.9471,0,0,0.9471,0.321,0,0,0.5548,-2.2174,1]},
{"frame":72,"values":[1,0,0,0,0,0.321,-0.9471,0,0,0.9471,0.321,0,0,0.5821,-2.1483,1]},
{"frame":73,"values":[1,0,0,0,0,0.321,-0.9471,0,0,0.9471,0.321,0,0,0.56,-2.1287,1]},
{"frame":74,"values":[1,0,0,0,0,0.321,-0.9471,0,0,0.9471,0.321,0,0,0.5229,-2.1838,1]},
{"frame":75,"values":[1,0,0,0,0,0.321,-0.9471,0,0,0.9471,0.321,0,0,0.5152,-2.3037,1]},
{"frame":76,"values":[1,0,0,0,0,0.321,-0.9471,0,0,0.9471,0.321,0,0,0.5302,-2.4487,1]},
{"frame":77,"values":[1,0,0,0,0,0.321,-0.9471,0,0,0.9471,0.321,0,0,0.5392,-2.5352,1]},
{"frame":78,"values":[1,0,0,0,0,0.321,-0.9471,0,0,0.9471,0.321,0,0,0.5302,-2.4943,1]},
{"frame":79,"values":[1,0,0,0,0,0.321,-0.9471,0,0,0.9471,0.321,0,0,0.5161,-2.4049,1]},
{"frame":80,"values":[1,0,0,0,0,0.321,-0.9471,0,0,0.9471,0.321,0,0,0.5152,-2.3037,1]},
{"frame":90,"values":[0.972,0.2349,0,0,-0.024,0.0992,-0.9948,0,-0.2337,0.9669,0.102,0,0,-1.0359,-1.1632,1]},
{"frame":91,"values":[0.972,0.2349,0.0029,0,-0.024,0.1114,-0.9935,0,-0.2337,0.9656,0.1139,0,0,-1.0359,-1.1632,1]},
{"frame":92,"values":[0.972,0.2347,0.0115,0,-0.024,0.1476,-0.9888,0,-0.2337,0.9608,0.1491,0,0,-1.0359,-1.1632,1]},
{"frame":93,"values":[0.972,0.2336,0.025,0,-0.024,0.2045,-0.9786,0,-0.2337,0.9506,0.2043,0,0,-1.0359,-1.1632,1]},
{"frame":94,"values":[0.972,0.2313,0.0414,0,-0.024,0.2729,-0.9617,0,-0.2337,0.9338,0.2708,0,0,-1.0359,-1.1632,1]},
{"frame":95,"values":[0.972,0.2278,0.0576,0,-0.024,0.34,-0.9401,0,-0.2337,0.9124,0.3359,0,0,-1.0359,-1.1632,1]},
{"frame":96,"values":[0.972,0.2241,0.0706,0,-0.024,0.3937,-0.9189,0,-0.2337,0.8915,0.388,0,0,-1.0359,-1.1632,1]},
{"frame":97,"values":[0.972,0.2213,0.0788,0,-0.024,0.427,-0.9039,0,-0.2337,0.8767,0.4204,0,0,-1.0359,-1.1632,1]},
{"frame":98,"values":[0.972,0.2203,0.0815,0,-0.024,0.4381,-0.8986,0,-0.2337,0.8715,0.4311,0,0,-1.0359,-1.1632,1]},
{"frame":99,"values":[0.972,0.221,0.0798,0,-0.024,0.431,-0.902,0,-0.2337,0.8749,0.4243,0,0,-1.0082,-1.1889,1]},
{"frame":100,"values":[0.972,0.2228,0.0745,0,-0.024,0.4097,-0.9119,0,-0.2337,0.8846,0.4035,0,0,-0.9245,-1.2663,1]},
{"frame":101,"values":[0.972,0.2255,0.0659,0,-0.024,0.3744,-0.927,0,-0.2337,0.8994,0.3693,0,0,-0.7886,-1.3921,1]},
{"frame":102,"values":[0.972,0.2285,0.0545,0,-0.024,0.3273,-0.9446,0,-0.2337,0.9169,0.3236,0,0,-0.6108,-1.5566,1]},
{"frame":103,"values":[0.972,0.2313,0.0414,0,-0.024,0.2729,-0.9617,0,-0.2337,0.9338,0.2708,0,0,-0.4093,-1.743,1]},
{"frame":104,"values":[0.972,0.2332,0.0281,0,-0.024,0.2176,-0.9757,0,-0.2337,0.9478,0.2171,0,0,-0.2079,-1.9294,1]},
{"frame":105,"values":[0.972,0.2344,0.0164,0,-0.024,0.1683,-0.9855,0,-0.2337,0.9575,0.1692,0,0,-0.0301,-2.0939,1]},
{"frame":106,"values":[0.972,0.2348,0.0074,0,-0.024,0.1303,-0.9912,0,-0.2337,0.9633,0.1323,0,0,0.1059,-2.2197,1]},
{"frame":107,"values":[0.972,0.2349,0.0018,0,-0.024,0.107,-0.994,0,-0.2337,0.9661,0.1096,0,0,0.1895,-2.2971,1]},
{"frame":108,"values":[0.972,0.2349,0,0,-0.024,0.0992,-0.9948,0,-0.2337,0.9669,0.102,0,0,0.2173,-2.3228,1]},
{"frame":120,"values":[0.972,0.2349,0,0,-0.024,0.0992,-0.9948,0,-0.2337,0.9669,0.102,0,0,-1.0359,-1.1632,1]},
{"frame":121,"values":[0.972,0.2349,0,0,-0.024,0.0992,-0.9948,0,-0.2337,0.9669,0.102,0,0,-1.0359,-1.1632,1]},
{"frame":130,"values":[0.972,0.2349,0,0,-0.024,0.0992,-0.9948,0,-0.2337,0.9669,0.102,0,0,0.2173,-2.3228,1]},
{"frame":131,"values":[0.9667,0.256,0,0,-0.0261,0.0986,-0.9948,0,-0.2546,0.9616,0.102,0,0,0.1829,-2.2802,1]},
{"frame":132,"values":[0.9471,0.3211,0,0,-0.0328,0.0966,-0.9948,0,-0.3194,0.9421,0.102,0,0,0.0861,-2.1602,1]},
{"frame":133,"values":[0.9079,0.4193,0,0,-0.0428,0.0926,-0.9948,0,-0.4171,0.9031,0.102,0,0,-0.0382,-2.0062,1]},
{"frame":134,"values":[0.8521,0.5233,0,0,-0.0534,0.087,-0.9948,0,-0.5206,0.8477,0.102,0,0,-0.1349,-1.8862,1]},
{"frame":135,"values":[0.7913,0.6115,0,0,-0.0624,0.0807,-0.9948,0,-0.6083,0.7871,0.102,0,0,-0.1693,-1.8436,1]},
{"frame":136,"values":[0.6982,0.7159,0,0,-0.0731,0.0712,-0.9948,0,-0.7122,0.6945,0.102,0,0,-0.1693,-1.8436,1]},
{"frame":137,"values":[0.6363,0.7714,0,0,-0.0787,0.0649,-0.9948,0,-0.7674,0.633,0.102,0,0,-0.1693,-1.8436,1]},
{"frame":138,"values":[0.8755,0.4832,0,0,-0.0493,0.0893,-0.9948,0,-0.4807,0.8709,0.102,0,0,0.4293,-2.0559,1]},
{"frame":139,"values":[0.8755,0.4832,0,0,-0.0493,0.0893,-0.9948,0,-0.4807,0.8709,0.102,0,0,0.368,-2.0622,1]},
{"frame":140,"values":[0.8755,0.4832,0,0,-0.0493,0.0893,-0.9948,0,-0.4807,0.8709,0.102,0,0,0.3414,-2.0649,1]},
{"frame":141,"values":[0.8755,0.4832,0,0,-0.0493,0.0893,-0.9948,0,-0.4807,0.8709,0.102,0,0,0.3271,-2.0664,1]},
{"frame":142,"values":[0.8813,0.4726,0,0,-0.0482,0.0899,-0.9948,0,-0.4701,0.8767,0.102,0,0,0.3062,-2.0796,1]},
{"frame":143,"values":[0.8976,0.4407,0,0,-0.045,0.0916,-0.9948,0,-0.4384,0.893,0.102,0,0,0.284,-2.1148,1]},
{"frame":144,"values":[0.9204,0.391,0,0,-0.0399,0.0939,-0.9948,0,-0.389,0.9156,0.102,0,0,0.262,-2.1672,1]},
{"frame":145,"values":[0.9429,0.3332,0,0,-0.034,0.0962,-0.9948,0,-0.3315,0.9379,0.102,0,0,0.2427,-2.226,1]},
{"frame":146,"values":[0.9596,0.2812,0,0,-0.0287,0.0979,-0.9948,0,-0.2797,0.9546,0.102,0,0,0.2283,-2.2776,1]},
{"frame":147,"values":[0.9691,0.2467,0,0,-0.0252,0.0989,-0.9948,0,-0.2454,0.964,0.102,0,0,0.2199,-2.3114,1]},
{"frame":148,"values":[0.972,0.2349,0,0,-0.024,0.0992,-0.9948,0,-0.2337,0.9669,0.102,0,0,0.2173,-2.3228,1]},
{"frame":160,"values":[0.9862,0.1658,0,0,-0.0169,0.1006,-0.9948,0,-0.1649,0.981,0.102,0,0,0.2173,-2.4285,1]},
{"frame":161,"values":[0.9862,0.1658,0,0,-0.0169,0.1006,-0.9948,0,-0.1649,0.981,0.102,0,0,0.2173,-2.4285,1]},
{"frame":170,"values":[0.972,0.2349,0,0,-0.024,0.0992,-0.9948,0,-0.2337,0.9669,0.102,0,0,0.2173,-2.3228,1]},
{"frame":171,"values":[0.972,0.2349,0,0,-0.024,0.0992,-0.9948,0,-0.2337,0.9669,0.102,0,0,0.2173,-2.3229,1]},
{"frame":172,"values":[0.972,0.2349,0,0,-0.024,0.0992,-0.9948,0,-0.2337,0.9669,0.102,0,0,0.2173,-2.3232,1]},
{"frame":173,"values":[0.972,0.2349,0,0,-0.024,0.0992,-0.9948,0,-0.2337,0.9669,0.102,0,0,0.2173,-2.3237,1]},
