{"producer":{"name":"Blender","version":"2.78 (sub 0)","exporter_version":"5.4.0","file":"worm.babylon"},
"autoClear":true,"clearColor":[0.0509,0.0509,0.0509],"ambientColor":[0,0,0],"gravity":[0,-9.81,0],
"materials":[{"name":"worm.Material","id":"worm.Material","ambient":[0.8,0.8,0.8],"diffuse":[0.64,0.64,0.64],"specular":[0,0,0],"emissive":[0,0,0],"specularPower":50,"alpha":1,"backFaceCulling":true,"checkReadyOnlyOnce":false,"maxSimultaneousLights":4, 
"diffuseTexture":{"name":"worm.png","level":1,"hasAlpha":1,"coordinatesMode":0,"uOffset":0,"vOffset":0,"uScale":1,"vScale":1,"uAng":0,"vAng":0,"wAng":0,"wrapU":1,"wrapV":1,"coordinatesIndex":0}}],
"multiMaterials":[],
"skeletons":[{"name":"Armature","id":0,"dimensionsAtRest":[0,0,4.5054],"bones":[
{"name":"Bone","index":0,"matrix":[1,0,0,0,0,0,-1,0,0,-1,0,0,0,0,2.1029,1],"rest":[1,0,0,0,0,0,-1,0,0,-1,0,0,0,0,2.1029,1],"parentBoneIndex":-1,"length":1.0864
,"animation":{"dataType":3,"framePerSecond":24,"keys":[
{"frame":1,"values":[1,0,0,0,0,0,-1,0,0,-1,0,0,0,0,2.1029,1]},
{"frame":11,"values":[1,0,0,0,0,0,-1,0,0,-1,0,0,0,0,2.0319,1]},
{"frame":12,"values":[1,0,0,0,0,0,-1,0,0,-1,0,0,0,0,1.8252,1]},
{"frame":13,"values":[1,0,0,0,0,0,-1,0,0,-1,0,0,0,0,1.5282,1]},
{"frame":14,"values":[1,0,0,0,0,0,-1,0,0,-1,0,0,0,0,1.2312,1]},
{"frame":15,"values":[1,0,0,0,0,0,-1,0,0,-1,0,0,0,0,1.0245,1]},
{"frame":16,"values":[1,0,0,0,0,0,-1,0,0,-1,0,0,0,0,0.9535,1]},
{"frame":17,"values":[1,0,0,0,0,0,-1,0,0,-1,0,0,0,0,0.985,1]},
{"frame":18,"values":[1,0,0,0,0,0,-1,0,0,-1,0,0,0,0,1.0795,1]},
{"frame":19,"values":[1,0,0,0,0,0,-1,0,0,-1,0,0,0,0,1.2312,1]},
{"frame":20,"values":[1,0,0,0,0,0,-1,0,0,-1,0,0,0,0,1.4241,1]},
{"frame":21,"values":[1,0,0,0,0,0,-1,0,0,-1,0,0,0,0,1.6323,1]},
{"frame":22,"values":[1,0,0,0,0,0,-1,0,0,-1,0,0,0,0,1.8252,1]},
{"frame":23,"values":[1,0,0,0,0,0,-1,0,0,-1,0,0,0,0,1.9769,1]},
{"frame":24,"values":[1,0,0,0,0,0,-1,0,0,-1,0,0,0,0,2.0714,1]},
{"frame":25,"values":[1,0,0,0,0,0,-1,0,0,-1,0,0,0,0,2.1029,1]},
{"frame":31,"values":[1,0,0,0,0,0,-1,0,0,-1,0,0,0,0,2.1029,1]},
{"frame":32,"values":[0.996,0.0794,-0.0408,0,-0.0441,0.0408,-0.9982,0,0.0776,-0.996,-0.0441,0,0,0,2.048,1]},
{"frame":33,"values":[0.9323,0.3322,-0.1431,0,-0.1998,0.1431,-0.9693,0,0.3016,-0.9323,-0.1998,0,0,0,1.8884,1]},
{"frame":34,"values":[0.6917,0.6917,-0.2075,0,-0.4655,0.2075,-0.8604,0,0.5521,-0.6917,-0.4655,0,0,0,1.6589,1]},
{"frame":35,"values":[0.3322,0.9323,-0.1431,0,-0.7021,0.1431,-0.6975,0,0.6298,-0.3322,-0.7021,0,0,0,1.4294,1]},
{"frame":36,"values":[0.0794,0.996,-0.0408,0,-0.8114,0.0408,-0.583,0,0.579,-0.0794,-0.8114,0,0,0,1.2697,1]},
{"frame":37,"values":[0,1,0,0,-0.8371,0,-0.5471,0,0.5471,0,-0.8371,0,0,0,1.2149,1]},
{"frame":54,"values":[0,1,0,0,-0.8371,0,-0.5471,0,0.5471,0,-0.8371,0,0,0,1.2149,1]},
{"frame":61,"values":[1,0,0,0,0,0,-1,0,0,-1,0,0,0,0,2.1029,1]},
{"frame":62,"values":[1,0,0,0,0,0,-1,0,0,-1,0,0,0,0,2.1029,1]},
{"frame":71,"values":[1,0,0,0,0,0,-1,0,0,-1,0,0,0,0,2.1029,1]},
{"frame":72,"values":[1,0,0,0,0,0,-1,0,0,-1,0,0,0,0,2.1033,1]},
{"frame":73,"values":[1,0,0,0,0,0,-1,0,0,-1,0,0,0,0,2.1045,1]},
{"frame":74,"values":[1,0,0,0,0,0,-1,0,0,-1,0,0,0,0,2.1066,1]},
{"frame":75,"values":[1,0,0,0,0,0,-1,0,0,-1,0,0,0,0,2.1095,1]},
{"frame":76,"values":[1,0,0,0,0,0,-1,0,0,-1,0,0,0,0,2.1132,1]},
{"frame":77,"values":[1,0,0,0,0,0,-1,0,0,-1,0,0,0,0,2.1177,1]},
{"frame":78,"values":[1,0,0,0,0,0,-1,0,0,-1,0,0,0,0,2.1229,1]},
{"frame":79,"values":[1,0,0,0,0,0,-1,0,0,-1,0,0,0,0,2.129,1]},
{"frame":80,"values":[1,0,0,0,0,0,-1,0,0,-1,0,0,0,0,2.1357,1]},
{"frame":81,"values":[1,0,0,0,0,0,-1,0,0,-1,0,0,0,0,2.1429,1]},
{"frame":82,"values":[1,0,0,0,0,0,-1,0,0,-1,0,0,0,0,2.1508,1]},
{"frame":83,"values":[1,0,0,0,0,0,-1,0,0,-1,0,0,0,0,2.159,1]},
{"frame":84,"values":[1,0,0,0,0,0,-1,0,0,-1,0,0,0,0,2.1675,1]},
{"frame":85,"values":[1,0,0,0,0,0,-1,0,0,-1,0,0,0,0,2.1763,1]},
{"frame":86,"values":[1,0,0,0,0,0,-1,0,0,-1,0,0,0,0,2.1851,1]},
{"frame":87,"values":[1,0,0,0,0,0,-1,0,0,-1,0,0,0,0,2.1938,1]},
{"frame":88,"values":[1,0,0,0,0,0,-1,0,0,-1,0,0,0,0,2.2023,1]},
{"frame":89,"values":[1,0,0,0,0,0,-1,0,0,-1,0,0,0,0,2.2106,1]},
{"frame":90,"values":[1,0,0,0,0,0,-1,0,0,-1,0,0,0,0,2.2184,1]},
{"frame":91,"values":[1,0,0,0,0,0,-1,0,0,-1,0,0,0,0,2.2257,1]},
{"frame":92,"values":[1,0,0,0,0,0,-1,0,0,-1,0,0,0,0,2.2324,1]},
{"frame":93,"values":[1,0,0,0,0,0,-1,0,0,-1,0,0,0,0,2.2384,1]},
{"frame":94,"values":[1,0,0,0,0,0,-1,0,0,-1,0,0,0,0,2.2436,1]},
{"frame":95,"values":[1,0,0,0,0,0,-1,0,0,-1,0,0,0,0,2.2482,1]},
{"frame":96,"values":[1,0,0,0,0,0,-1,0,0,-1,0,0,0,0,2.2519,1]},
{"frame":97,"values":[1,0,0,0,0,0,-1,0,0,-1,0,0,0,0,2.2547,1]},
{"frame":98,"values":[1,0,0,0,0,0,-1,0,0,-1,0,0,0,0,2.2568,1]},
{"frame":99,"values":[1,0,0,0,0,0,-1,0,0,-1,0,0,0,0,2.258,1]},
{"frame":100,"values":[1,0,0,0,0,0,-1,0,0,-1,0,0,0,0,2.2584,1]},
{"frame":101,"values":[1,0,0,0,0,0,-1,0,0,-1,0,0,0,0,2.2581,1]},
{"frame":102,"values":[1,0,0,0,0,0,-1,0,0,-1,0,0,0,0,2.2569,1]},
{"frame":103,"values":[1,0,0,0,0,0,-1,0,0,-1,0,0,0,0,2.255,1]},
{"frame":104,"values":[1,0,0,0,0,0,-1,0,0,-1,0,0,0,0,2.2523,1]},
{"frame":105,"values":[1,0,0,0,0,0,-1,0,0,-1,0,0,0,0,2.2488,1]},
{"frame":106,"values":[1,0,0,0,0,0,-1,0,0,-1,0,0,0,0,2.2446,1]},
{"frame":107,"values":[1,0,0,0,0,0,-1,0,0,-1,0,0,0,0,2.2397,1]},
{"frame":108,"values":[1,0,0,0,0,0,-1,0,0,-1,0,0,0,0,2.234,1]},
{"frame":109,"values":[1,0,0,0,0,0,-1,0,0,-1,0,0,0,0,2.2277,1]},
{"frame":110,"values":[1,0,0,0,0,0,-1,0,0,-1,0,0,0,0,2.2209,1]},
{"frame":111,"values":[1,0,0,0,0,0,-1,0,0,-1,0,0,0,0,2.2135,1]},
{"frame":112,"values":[1,0,0,0,0,0,-1,0,0,-1,0,0,0,0,2.2057,1]},
{"frame":113,"values":[1,0,0,0,0,0,-1,0,0,-1,0,0,0,0,2.1975,1]},
{"frame":114,"values":[1,0,0,0,0,0,-1,0,0,-1,0,0,0,0,2.1891,1]},
{"frame":115,"values":[1,0,0,0,0,0,-1,0,0,-1,0,0,0,0,2.1807,1]},
{"frame":116,"values":[1,0,0,0,0,0,-1,0,0,-1,0,0,0,0,2.1722,1]},
{"frame":117,"values":[1,0,0,0,0,0,-1,0,0,-1,0,0,0,0,2.1638,1]},
{"frame":118,"values":[1,0,0,0,0,0,-1,0,0,-1,0,0,0,0,2.1557,1]},
{"frame":119,"values":[1,0,0,0,0,0,-1,0,0,-1,0,0,0,0,2.1478,1]},
{"frame":120,"values":[1,0,0,0,0,0,-1,0,0,-1,0,0,0,0,2.1405,1]},
{"frame":121,"values":[1,0,0,0,0,0,-1,0,0,-1,0,0,0,0,2.1336,1]},
{"frame":122,"values":[1,0,0,0,0,0,-1,0,0,-1,0,0,0,0,2.1273,1]},
{"frame":123,"values":[1,0,0,0,0,0,-1,0,0,-1,0,0,0,0,2.1216,1]},
{"frame":124,"values":[1,0,0,0,0,0,-1,0,0,-1,0,0,0,0,2.1167,1]},
{"frame":125,"values":[1,0,0,0,0,0,-1,0,0,-1,0,0,0,0,2.1125,1]},
{"frame":126,"values":[1,0,0,0,0,0,-1,0,0,-1,0,0,0,0,2.109,1]},
{"frame":127,"values":[1,0,0,0,0,0,-1,0,0,-1,0,0,0,0,2.1063,1]},
{"frame":128,"values":[1,0,0,0,0,0,-1,0,0,-1,0,0,0,0,2.1044,1]},
{"frame":129,"values":[1,0,0,0,0,0,-1,0,0,-1,0,0,0,0,2.1033,1]},
{"frame":130,"values":[1,0,0,0,0,0,-1,0,0,-1,0,0,0,0,2.1029,1]},
{"frame":141,"values":[1,0,0,0,0,0,-1,0,0,-1,0,0,0,0,2.1029,1]},
{"frame":142,"values":[1,0,0,0,0,0,-1,0,0,-1,0,0,0,0,2.1259,1]},
{"frame":143,"values":[1,0,0,0,0,0,-1,0,0,-1,0,0,0,0,2.1949,1]},
{"frame":144,"values":[1,0,0,0,0,0,-1,0,0,-1,0,0,0,0,2.3058,1]},
{"frame":145,"values":[1,0,0,0,0,0,-1,0,0,-1,0,0,0,0,2.4468,1]},
{"frame":146,"values":[1,0,0,0,0,0,-1,0,0,-1,0,0,0,0,2.599,1]},
{"frame":147,"values":[1,0,0,0,0,0,-1,0,0,-1,0,0,0,0,2.74,1]},
{"frame":148,"values":[1,0,0,0,0,0,-1,0,0,-1,0,0,0,0,2.8509,1]},
{"frame":149,"values":[1,0,0,0,0,0,-1,0,0,-1,0,0,0,0,2.9199,1]},
{"frame":150,"values":[1,0,0,0,0,0,-1,0,0,-1,0,0,0,0,2.9429,1]},
{"frame":151,"values":[1,0,0,0,0,0,-1,0,0,-1,0,0,0,0,2.9383,1]},
{"frame":152,"values":[1,0,0,0,0,0,-1,0,0,-1,0,0,0,0,2.9243,1]},
{"frame":153,"values":[1,0,0,0,0,0,-1,0,0,-1,0,0,0,0,2.9009,1]},
{"frame":154,"values":[1,0,0,0,0,0,-1,0,0,-1,0,0,0,0,2.8683,1]},
{"frame":155,"values":[1,0,0,0,0,0,-1,0,0,-1,0,0,0,0,2.8268,1]},
{"frame":156,"values":[1,0,0,0,0,0,-1,0,0,-1,0,0,0,0,2.7771,1]},
{"frame":157,"values":[1,0,0,0,0,0,-1,0,0,-1,0,0,0,0,2.7204,1]},
{"frame":158,"values":[1,0,0,0,0,0,-1,0,0,-1,0,0,0,0,2.6579,1]},
{"frame":159,"values":[1,0,0,0,0,0,-1,0,0,-1,0,0,0,0,2.5915,1]},
{"frame":160,"values":[1,0,0,0,0,0,-1,0,0,-1,0,0,0,0,2.5229,1]},
{"frame":161,"values":[1,0,0,0,0,0,-1,0,0,-1,0,0,0,0,2.4544,1]},
{"frame":162,"values":[1,0,0,0,0,0,-1,0,0,-1,0,0,0,0,2.3879,1]},
{"frame":163,"values":[1,0,0,0,0,0,-1,0,0,-1,0,0,0,0,2.3254,1]},
{"frame":164,"values":[1,0,0,0,0,0,-1,0,0,-1,0,0,0,0,2.2687,1]},
{"frame":165,"values":[1,0,0,0,0,0,-1,0,0,-1,0,0,0,0,2.219,1]},
{"frame":166,"values":[1,0,0,0,0,0,-1,0,0,-1,0,0,0,0,2.1775,1]},
{"frame":167,"values":[1,0,0,0,0,0,-1,0,0,-1,0,0,0,0,2.1449,1]},
{"frame":168,"values":[1,0,0,0,0,0,-1,0,0,-1,0,0,0,0,2.1215,1]},
{"frame":169,"values":[1,0,0,0,0,0,-1,0,0,-1,0,0,0,0,2.1075,1]},
{"frame":170,"values":[1,0,0,0,0,0,-1,0,0,-1,0,0,0,0,2.1029,1]},
{"frame":181,"values":[1,0,0,0,0,0,-1,0,0,-1,0,0,0,0,2.1029,1]},
{"frame":182,"values":[1,0,0,0,0,0,-1,0,0,-1,0,0,0,0,2.0992,1]},
{"frame":183,"values":[1,0,0,0,0,0,-1,0,0,-1,0,0,0,0,2.0881,1]},
{"frame":184,"values":[1,0,0,0,0,0,-1,0,0,-1,0,0,0,0,2.0702,1]},
{"frame":185,"values":[1,0,0,0,0,0,-1,0,0,-1,0,0,0,0,2.0476,1]},
{"frame":186,"values":[1,0,0,0,0,0,-1,0,0,-1,0,0,0,0,2.0231,1]},
{"frame":187,"values":[1,0,0,0,0,0,-1,0,0,-1,0,0,0,0,2.0004,1]},
{"frame":188,"values":[1,0,0,0,0,0,-1,0,0,-1,0,0,0,0,1.9826,1]},
{"frame":189,"values":[1,0,0,0,0,0,-1,0,0,-1,0,0,0,0,1.9715,1]},
{"frame":190,"values":[1,0,0,0,0,0,-1,0,0,-1,0,0,0,0,1.9678,1]},
{"frame":191,"values":[1,0,0,0,0,0,-1,0,0,-1,0,0,0,0,1.9685,1]},
{"frame":192,"values":[1,0,0,0,0,0,-1,0,0,-1,0,0,0,0,1.9708,1]},
{"frame":193,"values":[1,0,0,0,0,0,-1,0,0,-1,0,0,0,0,1.9746,1]},
{"frame":194,"values":[1,0,0,0,0,0,-1,0,0,-1,0,0,0,0,1.9798,1]},
{"frame":195,"values":[1,0,0,0,0,0,-1,0,0,-1,0,0,0,0,1.9865,1]},
{"frame":196,"values":[1,0,0,0,0,0,-1,0,0,-1,0,0,0,0,1.9945,1]},
{"frame":197,"values":[1,0,0,0,0,0,-1,0,0,-1,0,0,0,0,2.0036,1]},
{"frame":198,"values":[1,0,0,0,0,0,-1,0,0,-1,0,0,0,0,2.0136,1]},
{"frame":199,"values":[1,0,0,0,0,0,-1,0,0,-1,0,0,0,0,2.0243,1]},
{"frame":200,"values":[1,0,0,0,0,0,-1,0,0,-1,0,0,0,0,2.0353,1]},
{"frame":201,"values":[1,0,0,0,0,0,-1,0,0,-1,0,0,0,0,2.0464,1]},
{"frame":202,"values":[1,0,0,0,0,0,-1,0,0,-1,0,0,0,0,2.057,1]},
{"frame":203,"values":[1,0,0,0,0,0,-1,0,0,-1,0,0,0,0,2.0671,1]},
{"frame":204,"values":[1,0,0,0,0,0,-1,0,0,-1,0,0,0,0,2.0762,1]},
{"frame":205,"values":[1,0,0,0,0,0,-1,0,0,-1,0,0,0,0,2.0842,1]},
{"frame":206,"values":[1,0,0,0,0,0,-1,0,0,-1,0,0,0,0,2.0909,1]},
{"frame":207,"values":[1,0,0,0,0,0,-1,0,0,-1,0,0,0,0,2.0961,1]},
{"frame":208,"values":[1,0,0,0,0,0,-1,0,0,-1,0,0,0,0,2.0999,1]},
{"frame":209,"values":[1,0,0,0,0,0,-1,0,0,-1,0,0,0,0,2.1021,1]},
{"frame":210,"values":[1,0,0,0,0,0,-1,0,0,-1,0,0,0,0,2.1029,1]}],"loopBehavior":1,"name":"anim","property":"_matrix"}},
{"name":"Bone.001","index":1,"matrix":[1,0,0,0,0,1,0,0,0,0,1,0,0,1.0864,0,1],"rest":[1,0,0,0,0,1,0,0,0,0,1,0,0,1.0864,0,1],"parentBoneIndex":0,"length":1.01
,"animation":{"dataType":3,"framePerSecond":24,"keys":[
{"frame":1,"values":[1,0,0,0,0,1,0,0,0,0,1,0,0,1.0864,0,1]},
{"frame":2,"values":[1,0,0,0,0,0.9999,-0.0166,0,0,0.0166,0.9999,0,0,1.0864,0,1]},
{"frame":3,"values":[1,0,0,0,0,0.9978,-0.0665,0,0,0.0665,0.9978,0,0,1.0864,0,1]},
{"frame":4,"values":[1,0,0,0,0,0.9892,-0.1468,0,0,0.1468,0.9892,0,0,1.0864,0,1]},
{"frame":5,"values":[1,0,0,0,0,0.9687,-0.2482,0,0,0.2482,0.9687,0,0,1.0864,0,1]},
{"frame":6,"values":[1,0,0,0,0,0.9349,-0.355,0,0,0.355,0.9349,0,0,1.0864,0,1]},
{"frame":7,"values":[1,0,0,0,0,0.8932,-0.4497,0,0,0.4497,0.8932,0,0,1.0864,0,1]},
{"frame":8,"values":[1,0,0,0,0,0.854,-0.5203,0,0,0.5203,0.854,0,0,1.0864,0,1]},
{"frame":9,"values":[1,0,0,0,0,0.8269,-0.5623,0,0,0.5623,0.8269,0,0,1.0864,0,1]},
{"frame":10,"values":[1,0,0,0,0,0.8175,-0.5759,0,0,0.5759,0.8175,0,0,1.0864,0,1]},
{"frame":11,"values":[1,0,0,0,0,0.8249,-0.5653,0,0,0.5653,0.8249,0,0,1.0864,0,1]},
{"frame":12,"values":[1,0,0,0,0,0.8467,-0.5321,0,0,0.5321,0.8467,0,0,1.0864,0,1]},
{"frame":13,"values":[1,0,0,0,0,0.8782,-0.4783,0,0,0.4783,0.8782,0,0,1.0864,0,1]},
{"frame":14,"values":[1,0,0,0,0,0.9106,-0.4133,0,0,0.4133,0.9106,0,0,1.0864,0,1]},
{"frame":15,"values":[1,0,0,0,0,0.9363,-0.3512,0,0,0.3512,0.9363,0,0,1.0864,0,1]},
{"frame":16,"values":[1,0,0,0,0,0.9533,-0.3021,0,0,0.3021,0.9533,0,0,1.0864,0,1]},
{"frame":17,"values":[1,0,0,0,0,0.9659,-0.2591,0,0,0.2591,0.9659,0,0,1.0864,0,1]},
{"frame":18,"values":[1,0,0,0,0,0.9771,-0.2126,0,0,0.2126,0.9771,0,0,1.0864,0,1]},
{"frame":19,"values":[1,0,0,0,0,0.9864,-0.1646,0,0,0.1646,0.9864,0,0,1.0864,0,1]},
{"frame":20,"values":[1,0,0,0,0,0.993,-0.118,0,0,0.118,0.993,0,0,1.0864,0,1]},
{"frame":21,"values":[1,0,0,0,0,0.9971,-0.0762,0,0,0.0762,0.9971,0,0,1.0864,0,1]},
{"frame":22,"values":[1,0,0,0,0,0.9991,-0.0423,0,0,0.0423,0.9991,0,0,1.0864,0,1]},
{"frame":23,"values":[1,0,0,0,0,0.9998,-0.0183,0,0,0.0183,0.9998,0,0,1.0864,0,1]},
{"frame":24,"values":[1,0,0,0,0,1,-0.0044,0,0,0.0044,1,0,0,1.0864,0,1]},
{"frame":25,"values":[1,0,0,0,0,1,0,0,0,0,1,0,0,1.0864,0,1]},
{"frame":31,"values":[1,0,0,0,0,1,0,0,0,0,1,0,0,1.0864,0,1]},
{"frame":32,"values":[1,0,0,0,0,0.9988,0.05,0,0,-0.05,0.9988,0,0,1.0864,0,1]},
{"frame":33,"values":[1,0,0,0,0,0.9805,0.1966,0,0,-0.1966,0.9805,0,0,1.0864,0,1]},
{"frame":34,"values":[1,0,0,0,0,0.9154,0.4026,0,0,-0.4026,0.9154,0,0,1.0864,0,1]},
{"frame":35,"values":[1,0,0,0,0,0.8076,0.5897,0,0,-0.5897,0.8076,0,0,1.0864,0,1]},
{"frame":36,"values":[1,0,0,0,0,0.7119,0.7023,0,0,-0.7023,0.7119,0,0,1.0864,0,1]},
{"frame":37,"values":[1,0,0,0,0,0.6759,0.737,0,0,-0.737,0.6759,0,0,1.0864,0,1]},
{"frame":54,"values":[1,0,0,0,0,0.6759,0.737,0,0,-0.737,0.6759,0,0,1.0864,0,1]},
{"frame":61,"values":[1,0,0,0,0,1,0,0,0,0,1,0,0,1.0864,0,1]},
{"frame":62,"values":[1,0,0,0,0,1,0,0,0,0,1,0,0,1.0864,0,1]},
{"frame":71,"values":[1,0,0,0,0,1,0,0,0,0,1,0,0,1.0864,0,1]},
{"frame":72,"values":[1.0003,0,0,0,0,1.0003,0,0,0,0,1.0003,0,0,1.0864,0,1]},
{"frame":73,"values":[1.0011,0,0,0,0,1.0011,0,0,0,0,1.0011,0,0,1.0864,0,1]},
{"frame":74,"values":[1.0025,0,0,0,0,1.0025,0,0,0,0,1.0025,0,0,1.0864,0,1]},
{"frame":75,"values":[1.0044,0,0,0,0,1.0044,0,0,0,0,1.0044,0,0,1.0864,0,1]},
{"frame":76,"values":[1.0068,0,0,0,0,1.0068,0,0,0,0,1.0068,0,0,1.0864,0,1]},
{"frame":77,"values":[1.0098,0,0,0,0,1.0098,0,0,0,0,1.0098,0,0,1.0864,0,1]},
{"frame":78,"values":[1.0133,0,0,0,0,1.0133,0,0,0,0,1.0133,0,0,1.0864,0,1]},
{"frame":79,"values":[1.0173,0,0,0,0,1.0173,0,0,0,0,1.0173,0,0,1.0864,0,1]},
{"frame":80,"values":[1.0218,0,0,0,0,1.0218,0,0,0,0,1.0218,0,0,1.0864,0,1]},
{"frame":81,"values":[1.0266,0,0,0,0,1.0266,0,0,0,0,1.0266,0,0,1.0864,0,1]},
{"frame":82,"values":[1.0318,0,0,0,0,1.0318,0,0,0,0,1.0318,0,0,1.0864,0,1]},
{"frame":83,"values":[1.0373,0,0,0,0,1.0373,0,0,0,0,1.0373,0,0,1.0864,0,1]},
{"frame":84,"values":[1.043,0,0,0,0,1.043,0,0,0,0,1.043,0,0,1.0864,0,1]},
{"frame":85,"values":[1.0488,0,0,0,0,1.0488,0,0,0,0,1.0488,0,0,1.0864,0,1]},
{"frame":86,"values":[1.0546,0,0,0,0,1.0546,0,0,0,0,1.0546,0,0,1.0864,0,1]},
{"frame":87,"values":[1.0604,0,0,0,0,1.0604,0,0,0,0,1.0604,0,0,1.0864,0,1]},
{"frame":88,"values":[1.0661,0,0,0,0,1.0661,0,0,0,0,1.0661,0,0,1.0864,0,1]},
{"frame":89,"values":[1.0716,0,0,0,0,1.0716,0,0,0,0,1.0716,0,0,1.0864,0,1]},
{"frame":90,"values":[1.0767,0,0,0,0,1.0767,0,0,0,0,1.0767,0,0,1.0864,0,1]},
{"frame":91,"values":[1.0816,0,0,0,0,1.0816,0,0,0,0,1.0816,0,0,1.0864,0,1]},
{"frame":92,"values":[1.086,0,0,0,0,1.086,0,0,0,0,1.086,0,0,1.0864,0,1]},
{"frame":93,"values":[1.09,0,0,0,0,1.09,0,0,0,0,1.09,0,0,1.0864,0,1]},
{"frame":94,"values":[1.0935,0,0,0,0,1.0935,0,0,0,0,1.0935,0,0,1.0864,0,1]},
{"frame":95,"values":[1.0965,0,0,0,0,1.0965,0,0,0,0,1.0965,0,0,1.0864,0,1]},
{"frame":96,"values":[1.099,0,0,0,0,1.099,0,0,0,0,1.099,0,0,1.0864,0,1]},
{"frame":97,"values":[1.1009,0,0,0,0,1.1009,0,0,0,0,1.1009,0,0,1.0864,0,1]},
{"frame":98,"values":[1.1023,0,0,0,0,1.1023,0,0,0,0,1.1023,0,0,1.0864,0,1]},
{"frame":99,"values":[1.1031,0,0,0,0,1.1031,0,0,0,0,1.1031,0,0,1.0864,0,1]},
{"frame":100,"values":[1.1034,0,0,0,0,1.1034,0,0,0,0,1.1034,0,0,1.0864,0,1]},
{"frame":101,"values":[1.1031,0,0,0,0,1.1031,0,0,0,0,1.1031,0,0,1.0864,0,1]},
{"frame":102,"values":[1.1024,0,0,0,0,1.1024,0,0,0,0,1.1024,0,0,1.0864,0,1]},
{"frame":103,"values":[1.1011,0,0,0,0,1.1011,0,0,0,0,1.1011,0,0,1.0864,0,1]},
{"frame":104,"values":[1.0993,0,0,0,0,1.0993,0,0,0,0,1.0993,0,0,1.0864,0,1]},
{"frame":105,"values":[1.097,0,0,0,0,1.097,0,0,0,0,1.097,0,0,1.0864,0,1]},
{"frame":106,"values":[1.0942,0,0,0,0,1.0942,0,0,0,0,1.0942,0,0,1.0864,0,1]},
{"frame":107,"values":[1.0909,0,0,0,0,1.0909,0,0,0,0,1.0909,0,0,1.0864,0,1]},
{"frame":108,"values":[1.0872,0,0,0,0,1.0872,0,0,0,0,1.0872,0,0,1.0864,0,1]},
{"frame":109,"values":[1.083,0,0,0,0,1.083,0,0,0,0,1.083,0,0,1.0864,0,1]},
{"frame":110,"values":[1.0784,0,0,0,0,1.0784,0,0,0,0,1.0784,0,0,1.0864,0,1]},
{"frame":111,"values":[1.0735,0,0,0,0,1.0735,0,0,0,0,1.0735,0,0,1.0864,0,1]},
{"frame":112,"values":[1.0683,0,0,0,0,1.0683,0,0,0,0,1.0683,0,0,1.0864,0,1]},
{"frame":113,"values":[1.0629,0,0,0,0,1.0629,0,0,0,0,1.0629,0,0,1.0864,0,1]},
{"frame":114,"values":[1.0573,0,0,0,0,1.0573,0,0,0,0,1.0573,0,0,1.0864,0,1]},
{"frame":115,"values":[1.0517,0,0,0,0,1.0517,0,0,0,0,1.0517,0,0,1.0864,0,1]},
{"frame":116,"values":[1.046,0,0,0,0,1.046,0,0,0,0,1.046,0,0,1.0864,0,1]},
{"frame":117,"values":[1.0405,0,0,0,0,1.0405,0,0,0,0,1.0405,0,0,1.0864,0,1]},
{"frame":118,"values":[1.0351,0,0,0,0,1.0351,0,0,0,0,1.0351,0,0,1.0864,0,1]},
{"frame":119,"values":[1.0299,0,0,0,0,1.0299,0,0,0,0,1.0299,0,0,1.0864,0,1]},
{"frame":120,"values":[1.025,0,0,0,0,1.025,0,0,0,0,1.025,0,0,1.0864,0,1]},
{"frame":121,"values":[1.0204,0,0,0,0,1.0204,0,0,0,0,1.0204,0,0,1.0864,0,1]},
{"frame":122,"values":[1.0162,0,0,0,0,1.0162,0,0,0,0,1.0162,0,0,1.0864,0,1]},
{"frame":123,"values":[1.0125,0,0,0,0,1.0125,0,0,0,0,1.0125,0,0,1.0864,0,1]},
{"frame":124,"values":[1.0092,0,0,0,0,1.0092,0,0,0,0,1.0092,0,0,1.0864,0,1]},
{"frame":125,"values":[1.0064,0,0,0,0,1.0064,0,0,0,0,1.0064,0,0,1.0864,0,1]},
{"frame":126,"values":[1.0041,0,0,0,0,1.0041,0,0,0,0,1.0041,0,0,1.0864,0,1]},
{"frame":127,"values":[1.0023,0,0,0,0,1.0023,0,0,0,0,1.0023,0,0,1.0864,0,1]},
{"frame":128,"values":[1.001,0,0,0,0,1.001,0,0,0,0,1.001,0,0,1.0864,0,1]},
{"frame":129,"values":[1.0003,0,0,0,0,1.0003,0,0,0,0,1.0003,0,0,1.0864,0,1]},
{"frame":130,"values":[1,0,0,0,0,1,0,0,0,0,1,0,0,1.0864,0,1]},
{"frame":141,"values":[1,0,0,0,0,1,0,0,0,0,1,0,0,1.0864,0,1]},
{"frame":142,"values":[1,0,0,0,0,0.9997,-0.0235,0,0,0.0235,0.9997,0,0,1.0864,0,1]},
{"frame":143,"values":[1,0,0,0,0,0.9955,-0.0946,0,0,0.0946,0.9955,0,0,1.0864,0,1]},
{"frame":144,"values":[1,0,0,0,0,0.9778,-0.2094,0,0,0.2094,0.9778,0,0,1.0864,0,1]},
{"frame":145,"values":[1,0,0,0,0,0.9356,-0.3531,0,0,0.3531,0.9356,0,0,1.0864,0,1]},
{"frame":146,"values":[1,0,0,0,0,0.866,-0.5001,0,0,0.5001,0.866,0,0,1.0864,0,1]},
{"frame":147,"values":[1,0,0,0,0,0.7815,-0.6239,0,0,0.6239,0.7815,0,0,1.0864,0,1]},
{"frame":148,"values":[1,0,0,0,0,0.7039,-0.7103,0,0,0.7103,0.7039,0,0,1.0864,0,1]},
{"frame":149,"values":[1,0,0,0,0,0.6516,-0.7586,0,0,0.7586,0.6516,0,0,1.0864,0,1]},
{"frame":150,"values":[1,0,0,0,0,0.6335,-0.7737,0,0,0.7737,0.6335,0,0,1.0864,0,1]},
{"frame":151,"values":[1,0,0,0,0,0.6372,-0.7707,0,0,0.7707,0.6372,0,0,1.0864,0,1]},
{"frame":152,"values":[1,0,0,0,0,0.6481,-0.7615,0,0,0.7615,0.6481,0,0,1.0864,0,1]},
{"frame":153,"values":[1,0,0,0,0,0.6662,-0.7457,0,0,0.7457,0.6662,0,0,1.0864,0,1]},
{"frame":154,"values":[1,0,0,0,0,0.691,-0.7229,0,0,0.7229,0.691,0,0,1.0864,0,1]},
{"frame":155,"values":[1,0,0,0,0,0.7215,-0.6924,0,0,0.6924,0.7215,0,0,1.0864,0,1]},
{"frame":156,"values":[1,0,0,0,0,0.7565,-0.654,0,0,0.654,0.7565,0,0,1.0864,0,1]},
{"frame":157,"values":[1,0,0,0,0,0.7943,-0.6076,0,0,0.6076,0.7943,0,0,1.0864,0,1]},
{"frame":158,"values":[1,0,0,0,0,0.8328,-0.5536,0,0,0.5536,0.8328,0,0,1.0864,0,1]},
{"frame":159,"values":[1,0,0,0,0,0.8699,-0.4931,0,0,0.4931,0.8699,0,0,1.0864,0,1]},
{"frame":160,"values":[1,0,0,0,0,0.9038,-0.4281,0,0,0.4281,0.9038,0,0,1.0864,0,1]},
{"frame":161,"values":[1,0,0,0,0,0.9327,-0.3607,0,0,0.3607,0.9327,0,0,1.0864,0,1]},
{"frame":162,"values":[1,0,0,0,0,0.9559,-0.2936,0,0,0.2936,0.9559,0,0,1.0864,0,1]},
{"frame":163,"values":[1,0,0,0,0,0.9733,-0.2296,0,0,0.2296,0.9733,0,0,1.0864,0,1]},
{"frame":164,"values":[1,0,0,0,0,0.9853,-0.171,0,0,0.171,0.9853,0,0,1.0864,0,1]},
{"frame":165,"values":[1,0,0,0,0,0.9928,-0.1196,0,0,0.1196,0.9928,0,0,1.0864,0,1]},
{"frame":166,"values":[1,0,0,0,0,0.9971,-0.0766,0,0,0.0766,0.9971,0,0,1.0864,0,1]},
{"frame":167,"values":[1,0,0,0,0,0.9991,-0.043,0,0,0.043,0.9991,0,0,1.0864,0,1]},
{"frame":168,"values":[1,0,0,0,0,0.9998,-0.019,0,0,0.019,0.9998,0,0,1.0864,0,1]},
{"frame":169,"values":[1,0,0,0,0,1,-0.0047,0,0,0.0047,1,0,0,1.0864,0,1]},
{"frame":170,"values":[1,0,0,0,0,1,0,0,0,0,1,0,0,1.0864,0,1]},
{"frame":181,"values":[1,0,0,0,0,1,0,0,0,0,1,0,0,1.0864,0,1]},
{"frame":182,"values":[1,0,0,0,0,0.9999,-0.0166,0,0,0.0166,0.9999,0,0,1.0864,0,1]},
{"frame":183,"values":[1,0,0,0,0,0.9978,-0.0665,0,0,0.0665,0.9978,0,0,1.0864,0,1]},
{"frame":184,"values":[1,0,0,0,0,0.9892,-0.1468,0,0,0.1468,0.9892,0,0,1.0864,0,1]},
{"frame":185,"values":[1,0,0,0,0,0.9687,-0.2482,0,0,0.2482,0.9687,0,0,1.0864,0,1]},
{"frame":186,"values":[1,0,0,0,0,0.9349,-0.355,0,0,0.355,0.9349,0,0,1.0864,0,1]},
{"frame":187,"values":[1,0,0,0,0,0.8932,-0.4497,0,0,0.4497,0.8932,0,0,1.0864,0,1]},
{"frame":188,"values":[1,0,0,0,0,0.854,-0.5203,0,0,0.5203,0.854,0,0,1.0864,0,1]},
{"frame":189,"values":[1,0,0,0,0,0.8269,-0.5623,0,0,0.5623,0.8269,0,0,1.0864,0,1]},
{"frame":190,"values":[1,0,0,0,0,0.8175,-0.5759,0,0,0.5759,0.8175,0,0,1.0864,0,1]},
{"frame":191,"values":[1,0,0,0,0,0.8194,-0.5732,0,0,0.5732,0.8194,0,0,1.0864,0,1]},
{"frame":192,"values":[1,0,0,0,0,0.8252,-0.5649,0,0,0.5649,0.8252,0,0,1.0864,0,1]},
{"frame":193,"values":[1,0,0,0,0,0.8346,-0.5509,0,0,0.5509,0.8346,0,0,1.0864,0,1]},
{"frame":194,"values":[1,0,0,0,0,0.8473,-0.531,0,0,0.531,0.8473,0,0,1.0864,0,1]},
{"frame":195,"values":[1,0,0,0,0,0.863,-0.5053,0,0,0.5053,0.863,0,0,1.0864,0,1]},
{"frame":196,"values":[1,0,0,0,0,0.8807,-0.4737,0,0,0.4737,0.8807,0,0,1.0864,0,1]},
{"frame":197,"values":[1,0,0,0,0,0.8996,-0.4368,0,0,0.4368,0.8996,0,0,1.0864,0,1]},
{"frame":198,"values":[1,0,0,0,0,0.9186,-0.3951,0,0,0.3951,0.9186,0,0,1.0864,0,1]},
{"frame":199,"values":[1,0,0,0,0,0.9368,-0.3498,0,0,0.3498,0.9368,0,0,1.0864,0,1]},
{"frame":200,"values":[1,0,0,0,0,0.9533,-0.3021,0,0,0.3021,0.9533,0,0,1.0864,0,1]},
{"frame":201,"values":[1,0,0,0,0,0.9673,-0.2536,0,0,0.2536,0.9673,0,0,1.0864,0,1]},
{"frame":202,"values":[1,0,0,0,0,0.9785,-0.206,0,0,0.206,0.9785,0,0,1.0864,0,1]},
{"frame":203,"values":[1,0,0,0,0,0.987,-0.161,0,0,0.161,0.987,0,0,1.0864,0,1]},
{"frame":204,"values":[1,0,0,0,0,0.9928,-0.1199,0,0,0.1199,0.9928,0,0,1.0864,0,1]},
{"frame":205,"values":[1,0,0,0,0,0.9965,-0.0839,0,0,0.0839,0.9965,0,0,1.0864,0,1]},
{"frame":206,"values":[1,0,0,0,0,0.9985,-0.0539,0,0,0.0539,0.9985,0,0,1.0864,0,1]},
{"frame":207,"values":[1,0,0,0,0,0.9995,-0.0303,0,0,0.0303,0.9995,0,0,1.0864,0,1]},
{"frame":208,"values":[1,0,0,0,0,0.9999,-0.0134,0,0,0.0134,0.9999,0,0,1.0864,0,1]},
{"frame":209,"values":[1,0,0,0,0,1,-0.0033,0,0,0.0033,1,0,0,1.0864,0,1]},
{"frame":210,"values":[1,0,0,0,0,1,0,0,0,0,1,0,0,1.0864,0,1]}],"loopBehavior":1,"name":"anim","property":"_matrix"}},
{"name":"Bone.002","index":2,"matrix":[1,0,0,0,0,1,0,0,0,0,1,0,0,1.01,0,1],"rest":[1,0,0,0,0,1,0,0,0,0,1,0,0,1.01,0,1],"parentBoneIndex":1,"length":1.0046
,"animation":{"dataType":3,"framePerSecond":24,"keys":[
{"frame":1,"values":[1,0,0,0,0,1,0,0,0,0,1,0,0,1.01,0,1]},
{"frame":2,"values":[1,0,0,0,0,0.9996,0.0289,0,0,-0.0289,0.9996,0,0,1.01,0,1]},
{"frame":3,"values":[1,0,0,0,0,0.9932,0.1167,0,0,-0.1167,0.9932,0,0,1.01,0,1]},
{"frame":4,"values":[1,0,0,0,0,0.9659,0.2589,0,0,-0.2589,0.9659,0,0,1.01,0,1]},
{"frame":5,"values":[1,0,0,0,0,0.9002,0.4355,0,0,-0.4355,0.9002,0,0,1.01,0,1]},
{"frame":6,"values":[1,0,0,0,0,0.7923,0.6101,0,0,-0.6101,0.7923,0,0,1.01,0,1]},
{"frame":7,"values":[1,0,0,0,0,0.6638,0.7479,0,0,-0.7479,0.6638,0,0,1.01,0,1]},
{"frame":8,"values":[1,0,0,0,0,0.5488,0.836,0,0,-0.836,0.5488,0,0,1.01,0,1]},
{"frame":9,"values":[1,0,0,0,0,0.4731,0.881,0,0,-0.881,0.4731,0,0,1.01,0,1]},
{"frame":10,"values":[1,0,0,0,0,0.4475,0.8943,0,0,-0.8943,0.4475,0,0,1.01,0,1]},
{"frame":11,"values":[1,0,0,0,0,0.489,0.8723,0,0,-0.8723,0.489,0,0,1.01,0,1]},
{"frame":12,"values":[1,0,0,0,0,0.6085,0.7935,0,0,-0.7935,0.6085,0,0,1.01,0,1]},
{"frame":13,"values":[1,0,0,0,0,0.7679,0.6406,0,0,-0.6406,0.7679,0,0,1.01,0,1]},
{"frame":14,"values":[1,0,0,0,0,0.8982,0.4396,0,0,-0.4396,0.8982,0,0,1.01,0,1]},
{"frame":15,"values":[1,0,0,0,0,0.9643,0.2647,0,0,-0.2647,0.9643,0,0,1.01,0,1]},
{"frame":16,"values":[1,0,0,0,0,0.9855,0.1695,0,0,-0.1695,0.9855,0,0,1.01,0,1]},
{"frame":17,"values":[1,0,0,0,0,0.9924,0.1231,0,0,-0.1231,0.9924,0,0,1.01,0,1]},
{"frame":18,"values":[1,0,0,0,0,0.9965,0.0837,0,0,-0.0837,0.9965,0,0,1.01,0,1]},
{"frame":19,"values":[1,0,0,0,0,0.9986,0.0522,0,0,-0.0522,0.9986,0,0,1.01,0,1]},
{"frame":20,"values":[1,0,0,0,0,0.9996,0.0291,0,0,-0.0291,0.9996,0,0,1.01,0,1]},
{"frame":21,"values":[1,0,0,0,0,0.9999,0.0139,0,0,-0.0139,0.9999,0,0,1.01,0,1]},
{"frame":22,"values":[1,0,0,0,0,1,0.0054,0,0,-0.0054,1,0,0,1.01,0,1]},
{"frame":23,"values":[1,0,0,0,0,1,0.0014,0,0,-0.0014,1,0,0,1.01,0,1]},
{"frame":24,"values":[1,0,0,0,0,1,0.0002,0,0,-0.0002,1,0,0,1.01,0,1]},
{"frame":25,"values":[1,0,0,0,0,1,0,0,0,0,1,0,0,1.01,0,1]},
{"frame":31,"values":[1,0,0,0,0,1,0,0,0,0,1,0,0,1.01,0,1]},
{"frame":32,"values":[1,0,0,0,0,0.9987,0.0503,0,0,-0.0503,0.9987,0,0,1.01,0,1]},
{"frame":33,"values":[1,0,0,0,0,0.9798,0.1998,0,0,-0.1998,0.9798,0,0,1.01,0,1]},
{"frame":34,"values":[1,0,0,0,0,0.9102,0.4141,0,0,-0.4141,0.9102,0,0,1.01,0,1]},
{"frame":35,"values":[1,0,0,0,0,0.788,0.6157,0,0,-0.6157,0.788,0,0,1.01,0,1]},
{"frame":36,"values":[1,0,0,0,0,0.6656,0.7463,0,0,-0.7463,0.6656,0,0,1.01,0,1]},
{"frame":37,"values":[1,0,0,0,0,0.5944,0.8041,0,0,-0.8041,0.5944,0,0,1.01,0,1]},
{"frame":38,"values":[1,0,0,0,0,0.5575,0.8302,0,0,-0.8302,0.5575,0,0,1.01,0,1]},
{"frame":39,"values":[1,0,0,0,0,0.5218,0.853,0,0,-0.853,0.5218,0,0,1.01,0,1]},
{"frame":40,"values":[1,0,0,0,0,0.488,0.8728,0,0,-0.8728,0.488,0,0,1.01,0,1]},
{"frame":41,"values":[1,0,0,0,0,0.4566,0.8897,0,0,-0.8897,0.4566,0,0,1.01,0,1]},
{"frame":42,"values":[1,0,0,0,0,0.428,0.9038,0,0,-0.9038,0.428,0,0,1.01,0,1]},
{"frame":43,"values":[1,0,0,0,0,0.4027,0.9153,0,0,-0.9153,0.4027,0,0,1.01,0,1]},
{"frame":44,"values":[1,0,0,0,0,0.381,0.9246,0,0,-0.9246,0.381,0,0,1.01,0,1]},
{"frame":45,"values":[1,0,0,0,0,0.3629,0.9318,0,0,-0.9318,0.3629,0,0,1.01,0,1]},
{"frame":46,"values":[1,0,0,0,0,0.3484,0.9374,0,0,-0.9374,0.3484,0,0,1.01,0,1]},
{"frame":47,"values":[1,0,0,0,0,0.3371,0.9415,0,0,-0.9415,0.3371,0,0,1.01,0,1]},
{"frame":48,"values":[1,0,0,0,0,0.3289,0.9444,0,0,-0.9444,0.3289,0,0,1.01,0,1]},
{"frame":49,"values":[1,0,0,0,0,0.3232,0.9463,0,0,-0.9463,0.3232,0,0,1.01,0,1]},
{"frame":50,"values":[1,0,0,0,0,0.3194,0.9476,0,0,-0.9476,0.3194,0,0,1.01,0,1]},
{"frame":51,"values":[1,0,0,0,0,0.3172,0.9484,0,0,-0.9484,0.3172,0,0,1.01,0,1]},
{"frame":52,"values":[1,0,0,0,0,0.316,0.9488,0,0,-0.9488,0.316,0,0,1.01,0,1]},
{"frame":53,"values":[1,0,0,0,0,0.3156,0.9489,0,0,-0.9489,0.3156,0,0,1.01,0,1]},
{"frame":54,"values":[1,0,0,0,0,0.3155,0.9489,0,0,-0.9489,0.3155,0,0,1.01,0,1]},
{"frame":61,"values":[1,0,0,0,0,1,0,0,0,0,1,0,0,1.01,0,1]},
{"frame":62,"values":[1,0,0,0,0,1,0,0,0,0,1,0,0,1.01,0,1]},
{"frame":71,"values":[1,0,0,0,0,1,0,0,0,0,1,0,0,1.01,0,1]},
{"frame":130,"values":[1,0,0,0,0,1,0,0,0,0,1,0,0,1.01,0,1]},
{"frame":141,"values":[1,0,0,0,0,1,0,0,0,0,1,0,0,1.01,0,1]},
{"frame":142,"values":[1,0,0,0,0,0.9993,0.0362,0,0,-0.0362,0.9993,0,0,1.01,0,1]},
{"frame":143,"values":[1,0,0,0,0,0.9891,0.1472,0,0,-0.1472,0.9891,0,0,1.01,0,1]},
{"frame":144,"values":[1,0,0,0,0,0.9446,0.3281,0,0,-0.3281,0.9446,0,0,1.01,0,1]},
{"frame":145,"values":[1,0,0,0,0,0.8357,0.5492,0,0,-0.5492,0.8357,0,0,1.01,0,1]},
{"frame":146,"values":[1,0,0,0,0,0.6582,0.7528,0,0,-0.7528,0.6582,0,0,1.01,0,1]},
{"frame":147,"values":[1,0,0,0,0,0.4542,0.8909,0,0,-0.8909,0.4542,0,0,1.01,0,1]},
{"frame":148,"values":[1,0,0,0,0,0.281,0.9597,0,0,-0.9597,0.281,0,0,1.01,0,1]},
{"frame":149,"values":[1,0,0,0,0,0.1725,0.985,0,0,-0.985,0.1725,0,0,1.01,0,1]},
{"frame":150,"values":[1,0,0,0,0,0.1367,0.9906,0,0,-0.9906,0.1367,0,0,1.01,0,1]},
{"frame":151,"values":[1,0,0,0,0,0.1439,0.9896,0,0,-0.9896,0.1439,0,0,1.01,0,1]},
{"frame":152,"values":[1,0,0,0,0,0.1656,0.9862,0,0,-0.9862,0.1656,0,0,1.01,0,1]},
{"frame":153,"values":[1,0,0,0,0,0.2022,0.9793,0,0,-0.9793,0.2022,0,0,1.01,0,1]},
{"frame":154,"values":[1,0,0,0,0,0.2536,0.9673,0,0,-0.9673,0.2536,0,0,1.01,0,1]},
{"frame":155,"values":[1,0,0,0,0,0.319,0.9478,0,0,-0.9478,0.319,0,0,1.01,0,1]},
{"frame":156,"values":[1,0,0,0,0,0.3968,0.9179,0,0,-0.9179,0.3968,0,0,1.01,0,1]},
{"frame":157,"values":[1,0,0,0,0,0.484,0.875,0,0,-0.875,0.484,0,0,1.01,0,1]},
{"frame":158,"values":[1,0,0,0,0,0.5763,0.8172,0,0,-0.8172,0.5763,0,0,1.01,0,1]},
{"frame":159,"values":[1,0,0,0,0,0.6682,0.744,0,0,-0.744,0.6682,0,0,1.01,0,1]},
{"frame":160,"values":[1,0,0,0,0,0.7539,0.657,0,0,-0.657,0.7539,0,0,1.01,0,1]},
{"frame":161,"values":[1,0,0,0,0,0.8283,0.5603,0,0,-0.5603,0.8283,0,0,1.01,0,1]},
{"frame":162,"values":[1,0,0,0,0,0.8883,0.4592,0,0,-0.4592,0.8883,0,0,1.01,0,1]},
{"frame":163,"values":[1,0,0,0,0,0.933,0.3599,0,0,-0.3599,0.933,0,0,1.01,0,1]},
{"frame":164,"values":[1,0,0,0,0,0.9635,0.2676,0,0,-0.2676,0.9635,0,0,1.01,0,1]},
{"frame":165,"values":[1,0,0,0,0,0.9825,0.1865,0,0,-0.1865,0.9825,0,0,1.01,0,1]},
{"frame":166,"values":[1,0,0,0,0,0.9929,0.119,0,0,-0.119,0.9929,0,0,1.01,0,1]},
{"frame":167,"values":[1,0,0,0,0,0.9978,0.0665,0,0,-0.0665,0.9978,0,0,1.01,0,1]},
{"frame":168,"values":[1,0,0,0,0,0.9996,0.0293,0,0,-0.0293,0.9996,0,0,1.01,0,1]},
{"frame":169,"values":[1,0,0,0,0,1,0.0073,0,0,-0.0073,1,0,0,1.01,0,1]},
{"frame":170,"values":[1,0,0,0,0,1,0,0,0,0,1,0,0,1.01,0,1]},
{"frame":181,"values":[1,0,0,0,0,1,0,0,0,0,1,0,0,1.01,0,1]},
{"frame":182,"values":[1,0,0,0,0,0.9996,0.0289,0,0,-0.0289,0.9996,0,0,1.01,0,1]},
{"frame":183,"values":[1,0,0,0,0,0.9932,0.1167,0,0,-0.1167,0.9932,0,0,1.01,0,1]},
{"frame":184,"values":[1,0,0,0,0,0.9659,0.2589,0,0,-0.2589,0.9659,0,0,1.01,0,1]},
{"frame":185,"values":[1,0,0,0,0,0.9002,0.4355,0,0,-0.4355,0.9002,0,0,1.01,0,1]},
{"frame":186,"values":[1,0,0,0,0,0.7923,0.6101,0,0,-0.6101,0.7923,0,0,1.01,0,1]},
{"frame":187,"values":[1,0,0,0,0,0.6638,0.7479,0,0,-0.7479,0.6638,0,0,1.01,0,1]},
{"frame":188,"values":[1,0,0,0,0,0.5488,0.836,0,0,-0.836,0.5488,0,0,1.01,0,1]},
{"frame":189,"values":[1,0,0,0,0,0.4731,0.881,0,0,-0.881,0.4731,0,0,1.01,0,1]},
{"frame":190,"values":[1,0,0,0,0,0.4475,0.8943,0,0,-0.8943,0.4475,0,0,1.01,0,1]},
{"frame":191,"values":[1,0,0,0,0,0.4526,0.8917,0,0,-0.8917,0.4526,0,0,1.01,0,1]},
{"frame":192,"values":[1,0,0,0,0,0.4683,0.8836,0,0,-0.8836,0.4683,0,0,1.01,0,1]},
{"frame":193,"values":[1,0,0,0,0,0.4942,0.8694,0,0,-0.8694,0.4942,0,0,1.01,0,1]},
{"frame":194,"values":[1,0,0,0,0,0.53,0.848,0,0,-0.848,0.53,0,0,1.01,0,1]},
{"frame":195,"values":[1,0,0,0,0,0.5746,0.8184,0,0,-0.8184,0.5746,0,0,1.01,0,1]},
{"frame":196,"values":[1,0,0,0,0,0.6264,0.7795,0,0,-0.7795,0.6264,0,0,1.01,0,1]},
{"frame":197,"values":[1,0,0,0,0,0.683,0.7304,0,0,-0.7304,0.683,0,0,1.01,0,1]},
{"frame":198,"values":[1,0,0,0,0,0.7415,0.671,0,0,-0.671,0.7415,0,0,1.01,0,1]},
{"frame":199,"values":[1,0,0,0,0,0.7985,0.6021,0,0,-0.6021,0.7985,0,0,1.01,0,1]},
{"frame":200,"values":[1,0,0,0,0,0.8507,0.5256,0,0,-0.5256,0.8507,0,0,1.01,0,1]},
{"frame":201,"values":[1,0,0,0,0,0.8957,0.4447,0,0,-0.4447,0.8957,0,0,1.01,0,1]},
{"frame":202,"values":[1,0,0,0,0,0.9318,0.3629,0,0,-0.3629,0.9318,0,0,1.01,0,1]},
{"frame":203,"values":[1,0,0,0,0,0.9588,0.284,0,0,-0.284,0.9588,0,0,1.01,0,1]},
{"frame":204,"values":[1,0,0,0,0,0.9774,0.2114,0,0,-0.2114,0.9774,0,0,1.01,0,1]},
{"frame":205,"values":[1,0,0,0,0,0.989,0.1476,0,0,-0.1476,0.989,0,0,1.01,0,1]},
{"frame":206,"values":[1,0,0,0,0,0.9955,0.0945,0,0,-0.0945,0.9955,0,0,1.01,0,1]},
{"frame":207,"values":[1,0,0,0,0,0.9986,0.0529,0,0,-0.0529,0.9986,0,0,1.01,0,1]},
{"frame":208,"values":[1,0,0,0,0,0.9997,0.0234,0,0,-0.0234,0.9997,0,0,1.01,0,1]},
{"frame":209,"values":[1,0,0,0,0,1,0.0058,0,0,-0.0058,1,0,0,1.01,0,1]},
{"frame":210,"values":[1,0,0,0,0,1,0,0,0,0,1,0,0,1.01,0,1]}],"loopBehavior":1,"name":"anim","property":"_matrix"}},
{"name":"Bone.003","index":3,"matrix":[1,0,0,0,0,1,0,0,0,0,1,0,0,1.0046,0,1],"rest":[1,0,0,0,0,1,0,0,0,0,1,0,0,1.0046,0,1],"parentBoneIndex":2,"length":0.9776
,"animation":{"dataType":3,"framePerSecond":24,"keys":[
{"frame":1,"values":[1,0,0,0,0,1,0,0,0,0,1,0,0,1.0046,0,1]},
{"frame":2,"values":[1,0,0,0,0,1,-0.0089,0,0,0.0089,1,0,0,1.0046,0,1]},
{"frame":3,"values":[1,0,0,0,0,0.9994,-0.0356,0,0,0.0356,0.9994,0,0,1.0046,0,1]},
{"frame":4,"values":[1,0,0,0,0,0.9969,-0.0784,0,0,0.0784,0.9969,0,0,1.0046,0,1]},
{"frame":5,"values":[1,0,0,0,0,0.9911,-0.1329,0,0,0.1329,0.9911,0,0,1.0046,0,1]},
{"frame":6,"values":[1,0,0,0,0,0.9816,-0.1912,0,0,0.1912,0.9816,0,0,1.0046,0,1]},
{"frame":7,"values":[1,0,0,0,0,0.9696,-0.2446,0,0,0.2446,0.9696,0,0,1.0046,0,1]},
{"frame":8,"values":[1,0,0,0,0,0.9582,-0.286,0,0,0.286,0.9582,0,0,1.0046,0,1]},
{"frame":9,"values":[1,0,0,0,0,0.9503,-0.3115,0,0,0.3115,0.9503,0,0,1.0046,0,1]},
{"frame":10,"values":[1,0,0,0,0,0.9474,-0.3199,0,0,0.3199,0.9474,0,0,1.0046,0,1]},
{"frame":11,"values":[1,0,0,0,0,0.9496,-0.3133,0,0,0.3133,0.9496,0,0,1.0046,0,1]},
{"frame":12,"values":[1,0,0,0,0,0.9561,-0.2931,0,0,0.2931,0.9561,0,0,1.0046,0,1]},
{"frame":13,"values":[1,0,0,0,0,0.9653,-0.2612,0,0,0.2612,0.9653,0,0,1.0046,0,1]},
{"frame":14,"values":[1,0,0,0,0,0.9746,-0.2239,0,0,0.2239,0.9746,0,0,1.0046,0,1]},
{"frame":15,"values":[1,0,0,0,0,0.982,-0.1891,0,0,0.1891,0.982,0,0,1.0046,0,1]},
{"frame":16,"values":[1,0,0,0,0,0.9868,-0.1621,0,0,0.1621,0.9868,0,0,1.0046,0,1]},
{"frame":17,"values":[1,0,0,0,0,0.9903,-0.1387,0,0,0.1387,0.9903,0,0,1.0046,0,1]},
{"frame":18,"values":[1,0,0,0,0,0.9935,-0.1137,0,0,0.1137,0.9935,0,0,1.0046,0,1]},
{"frame":19,"values":[1,0,0,0,0,0.9961,-0.088,0,0,0.088,0.9961,0,0,1.0046,0,1]},
{"frame":20,"values":[1,0,0,0,0,0.998,-0.0631,0,0,0.0631,0.998,0,0,1.0046,0,1]},
{"frame":21,"values":[1,0,0,0,0,0.9992,-0.0407,0,0,0.0407,0.9992,0,0,1.0046,0,1]},
{"frame":22,"values":[1,0,0,0,0,0.9997,-0.0227,0,0,0.0227,0.9997,0,0,1.0046,0,1]},
{"frame":23,"values":[1,0,0,0,0,1,-0.0098,0,0,0.0098,1,0,0,1.0046,0,1]},
{"frame":24,"values":[1,0,0,0,0,1,-0.0024,0,0,0.0024,1,0,0,1.0046,0,1]},
{"frame":25,"values":[1,0,0,0,0,1,0,0,0,0,1,0,0,1.0046,0,1]},
{"frame":31,"values":[1,0,0,0,0,1,0,0,0,0,1,0,0,1.0046,0,1]},
{"frame":32,"values":[0.9997,0.0043,-0.0251,0,-0.0025,0.9975,0.0713,0,0.0254,-0.0712,0.9971,0,0,1.0046,0,1]},
{"frame":33,"values":[0.9948,0.0281,-0.0983,0,0.001,0.9586,0.2846,0,0.1023,-0.2833,0.9536,0,0,1.0046,0,1]},
{"frame":34,"values":[0.9768,0.0925,-0.1931,0,0.0368,0.8158,0.5771,0,0.2109,-0.5708,0.7935,0,0,1.0046,0,1]},
{"frame":35,"values":[0.9481,0.1849,-0.2586,0,0.1056,0.5841,0.8048,0,0.2998,-0.7904,0.5343,0,0,1.0046,0,1]},
{"frame":36,"values":[0.9247,0.2581,-0.2798,0,0.1661,0.3878,0.9066,0,0.3425,-0.8849,0.3158,0,0,1.0046,0,1]},
{"frame":37,"values":[0.9163,0.2872,-0.279,0,0.1883,0.3058,0.9333,0,0.3533,-0.9078,0.2261,0,0,1.0046,0,1]},
{"frame":38,"values":[0.916,0.2933,-0.2736,0,0.1888,0.2867,0.9393,0,0.3539,-0.912,0.2072,0,0,1.0046,0,1]},
{"frame":39,"values":[0.9158,0.2988,-0.2684,0,0.1891,0.2687,0.9445,0,0.3543,-0.9157,0.1895,0,0,1.0046,0,1]},
{"frame":40,"values":[0.9156,0.3037,-0.2634,0,0.1894,0.252,0.949,0,0.3546,-0.9188,0.1732,0,0,1.0046,0,1]},
{"frame":41,"values":[0.9155,0.3081,-0.2587,0,0.1896,0.2368,0.9529,0,0.3548,-0.9214,0.1583,0,0,1.0046,0,1]},
{"frame":42,"values":[0.9154,0.3119,-0.2544,0,0.1897,0.2232,0.9561,0,0.355,-0.9235,0.1451,0,0,1.0046,0,1]},
{"frame":43,"values":[0.9154,0.315,-0.2506,0,0.1898,0.2113,0.9588,0,0.355,-0.9253,0.1336,0,0,1.0046,0,1]},
{"frame":44,"values":[0.9154,0.3176,-0.2472,0,0.1897,0.2012,0.961,0,0.3549,-0.9266,0.1239,0,0,1.0046,0,1]},
{"frame":45,"values":[0.9155,0.3196,-0.2444,0,0.1896,0.1929,0.9627,0,0.3548,-0.9277,0.116,0,0,1.0046,0,1]},
{"frame":46,"values":[0.9156,0.3211,-0.242,0,0.1895,0.1863,0.964,0,0.3546,-0.9285,0.1098,0,0,1.0046,0,1]},
{"frame":47,"values":[0.9157,0.3221,-0.2401,0,0.1893,0.1813,0.965,0,0.3544,-0.9292,0.1051,0,0,1.0046,0,1]},
{"frame":48,"values":[0.9159,0.3228,-0.2387,0,0.1891,0.1777,0.9657,0,0.3542,-0.9296,0.1017,0,0,1.0046,0,1]},
{"frame":49,"values":[0.916,0.3232,-0.2377,0,0.1889,0.1752,0.9662,0,0.354,-0.93,0.0995,0,0,1.0046,0,1]},
{"frame":50,"values":[0.9161,0.3234,-0.237,0,0.1887,0.1737,0.9666,0,0.3538,-0.9302,0.0981,0,0,1.0046,0,1]},
{"frame":51,"values":[0.9162,0.3235,-0.2365,0,0.1885,0.1728,0.9667,0,0.3536,-0.9303,0.0973,0,0,1.0046,0,1]},
{"frame":52,"values":[0.9163,0.3235,-0.2362,0,0.1884,0.1723,0.9668,0,0.3535,-0.9304,0.097,0,0,1.0046,0,1]},
{"frame":53,"values":[0.9163,0.3234,-0.2361,0,0.1884,0.1722,0.9669,0,0.3534,-0.9305,0.0969,0,0,1.0046,0,1]},
{"frame":54,"values":[0.9163,0.3234,-0.2361,0,0.1883,0.1722,0.9669,0,0.3533,-0.9305,0.0968,0,0,1.0046,0,1]},
{"frame":61,"values":[1,0,0,0,0,1,0,0,0,0,1,0,0,1.0046,0,1]},
{"frame":62,"values":[1,0,0,0,0,1,0,0,0,0,1,0,0,1.0046,0,1]},
{"frame":71,"values":[1,0,0,0,0,1,0,0,0,0,1,0,0,1.0046,0,1]},
{"frame":130,"values":[1,0,0,0,0,1,0,0,0,0,1,0,0,1.0046,0,1]},
{"frame":141,"values":[1,0,0,0,0,1,0,0,0,0,1,0,0,1.0046,0,1]},
{"frame":142,"values":[1,0,0,0,0,1,-0.0089,0,0,0.0089,1,0,0,1.0046,0,1]},
{"frame":143,"values":[1,0,0,0,0,0.9994,-0.0356,0,0,0.0356,0.9994,0,0,1.0046,0,1]},
{"frame":144,"values":[1,0,0,0,0,0.9969,-0.0784,0,0,0.0784,0.9969,0,0,1.0046,0,1]},
{"frame":145,"values":[1,0,0,0,0,0.9911,-0.1329,0,0,0.1329,0.9911,0,0,1.0046,0,1]},
{"frame":146,"values":[1,0,0,0,0,0.9816,-0.1912,0,0,0.1912,0.9816,0,0,1.0046,0,1]},
{"frame":147,"values":[1,0,0,0,0,0.9696,-0.2446,0,0,0.2446,0.9696,0,0,1.0046,0,1]},
{"frame":148,"values":[1,0,0,0,0,0.9582,-0.286,0,0,0.286,0.9582,0,0,1.0046,0,1]},
{"frame":149,"values":[1,0,0,0,0,0.9503,-0.3115,0,0,0.3115,0.9503,0,0,1.0046,0,1]},
{"frame":150,"values":[1,0,0,0,0,0.9474,-0.3199,0,0,0.3199,0.9474,0,0,1.0046,0,1]},
{"frame":151,"values":[1,0,0,0,0,0.948,-0.3182,0,0,0.3182,0.948,0,0,1.0046,0,1]},
{"frame":152,"values":[1,0,0,0,0,0.9497,-0.3131,0,0,0.3131,0.9497,0,0,1.0046,0,1]},
{"frame":153,"values":[1,0,0,0,0,0.9525,-0.3045,0,0,0.3045,0.9525,0,0,1.0046,0,1]},
{"frame":154,"values":[1,0,0,0,0,0.9563,-0.2925,0,0,0.2925,0.9563,0,0,1.0046,0,1]},
{"frame":155,"values":[1,0,0,0,0,0.9609,-0.2771,0,0,0.2771,0.9609,0,0,1.0046,0,1]},
{"frame":156,"values":[1,0,0,0,0,0.966,-0.2585,0,0,0.2585,0.966,0,0,1.0046,0,1]},
{"frame":157,"values":[1,0,0,0,0,0.9715,-0.2372,0,0,0.2372,0.9715,0,0,1.0046,0,1]},
{"frame":158,"values":[1,0,0,0,0,0.9769,-0.2136,0,0,0.2136,0.9769,0,0,1.0046,0,1]},
{"frame":159,"values":[1,0,0,0,0,0.9821,-0.1883,0,0,0.1883,0.9821,0,0,1.0046,0,1]},
{"frame":160,"values":[1,0,0,0,0,0.9868,-0.1621,0,0,0.1621,0.9868,0,0,1.0046,0,1]},
{"frame":161,"values":[1,0,0,0,0,0.9907,-0.1358,0,0,0.1358,0.9907,0,0,1.0046,0,1]},
{"frame":162,"values":[1,0,0,0,0,0.9939,-0.1101,0,0,0.1101,0.9939,0,0,1.0046,0,1]},
{"frame":163,"values":[1,0,0,0,0,0.9963,-0.086,0,0,0.086,0.9963,0,0,1.0046,0,1]},
{"frame":164,"values":[1,0,0,0,0,0.9979,-0.0641,0,0,0.0641,0.9979,0,0,1.0046,0,1]},
{"frame":165,"values":[1,0,0,0,0,0.999,-0.0449,0,0,0.0449,0.999,0,0,1.0046,0,1]},
{"frame":166,"values":[1,0,0,0,0,0.9996,-0.0288,0,0,0.0288,0.9996,0,0,1.0046,0,1]},
{"frame":167,"values":[1,0,0,0,0,0.9999,-0.0162,0,0,0.0162,0.9999,0,0,1.0046,0,1]},
{"frame":168,"values":[1,0,0,0,0,1,-0.0072,0,0,0.0072,1,0,0,1.0046,0,1]},
{"frame":169,"values":[1,0,0,0,0,1,-0.0018,0,0,0.0018,1,0,0,1.0046,0,1]},
{"frame":170,"values":[1,0,0,0,0,1,0,0,0,0,1,0,0,1.0046,0,1]},
{"frame":181,"values":[1,0,0,0,0,1,0,0,0,0,1,0,0,1.0046,0,1]},
{"frame":182,"values":[1,0,0,0,0,1,-0.0089,0,0,0.0089,1,0,0,1.0046,0,1]},
