{"producer":{"name":"Blender","version":"2.79 (sub 0)","exporter_version":"5.5.0","file":"Skeleton.babylon"},
"autoClear":true,"clearColor":[0,0,0],"ambientColor":[0,0,0],"gravity":[0,-9.81,0],"fogMode":3,"fogColor":[0,0,0],"fogStart":5,"fogEnd":25,"fogDensity":0.3,
"materials":[{"name":"Skeleton.Material.002","id":"Skeleton.Material.002","ambient":[0.5277,0.5153,0.4023],"diffuse":[0.4222,0.4122,0.3219],"specular":[0,0,0],"emissive":[0.0528,0.0515,0.0402],"specularPower":50,"alpha":1,"backFaceCulling":true,"checkReadyOnlyOnce":false,"maxSimultaneousLights":4},
{"name":"Skeleton.SkeletonLineUpSmall","id":"Skeleton.SkeletonLineUpSmall","ambient":[0.8,0.8,0.8],"diffuse":[0.8,0.8,0.8],"specular":[0,0,0],"emissive":[0,0,0],"specularPower":50,"alpha":1,"backFaceCulling":false,"checkReadyOnlyOnce":false,"maxSimultaneousLights":4, 
"diffuseTexture":{"name":"SkeletonLineUpSmall.jpg","level":1,"hasAlpha":1,"coordinatesMode":0,"uOffset":0,"vOffset":0,"uScale":1,"vScale":1,"uAng":0,"vAng":0,"wAng":0,"wrapU":0,"wrapV":0,"coordinatesIndex":0}},
{"name":"Skeleton.texture","id":"Skeleton.texture","ambient":[1,1,1],"diffuse":[1,1,1],"specular":[0,0,0],"emissive":[0.2,0.2,0.2],"specularPower":50,"alpha":1,"backFaceCulling":true,"checkReadyOnlyOnce":false,"maxSimultaneousLights":4, 
"diffuseTexture":{"name":"Character_texture.png","level":1,"hasAlpha":1,"coordinatesMode":0,"uOffset":0,"vOffset":0,"uScale":1,"vScale":1,"uAng":0,"vAng":0,"wAng":0,"wrapU":1,"wrapV":1,"coordinatesIndex":0}},
{"name":"Skeleton.Armor","id":"Skeleton.Armor","ambient":[0.0999,0.0639,0.0222],"diffuse":[0.0799,0.0511,0.0177],"specular":[0,0,0],"emissive":[0.01,0.0064,0.0022],"specularPower":50,"alpha":1,"backFaceCulling":true,"checkReadyOnlyOnce":false,"maxSimultaneousLights":4},
{"name":"Skeleton.Material.013","id":"Skeleton.Material.013","ambient":[0.8,0.8,0.8],"diffuse":[0.64,0.64,0.64],"specular":[0,0,0],"emissive":[0,0,0],"specularPower":50,"alpha":1,"backFaceCulling":true,"checkReadyOnlyOnce":false,"maxSimultaneousLights":4, 
"diffuseTexture":{"name":"Skirt.png","level":1,"hasAlpha":1,"coordinatesMode":0,"uOffset":0,"vOffset":0,"uScale":1,"vScale":1,"uAng":0,"vAng":0,"wAng":0,"wrapU":1,"wrapV":1,"coordinatesIndex":0}},
{"name":"Skeleton.Material.008","id":"Skeleton.Material.008","ambient":[0.42,0.42,0.42],"diffuse":[0.336,0.336,0.336],"specular":[0,0,0],"emissive":[0,0,0],"specularPower":50,"alpha":1,"backFaceCulling":true,"checkReadyOnlyOnce":false,"maxSimultaneousLights":4},
{"name":"Skeleton.Material.009","id":"Skeleton.Material.009","ambient":[0.0908,0.0635,0.0268],"diffuse":[0.0727,0.0508,0.0214],"specular":[0,0,0],"emissive":[0,0,0],"specularPower":50,"alpha":1,"backFaceCulling":true,"checkReadyOnlyOnce":false,"maxSimultaneousLights":4},
{"name":"Skeleton.Material.011","id":"Skeleton.Material.011","ambient":[0.0578,0.0365,0.0311],"diffuse":[0.0462,0.0292,0.0249],"specular":[0,0,0],"emissive":[0.0116,0.0073,0.0062],"specularPower":50,"alpha":1,"backFaceCulling":true,"checkReadyOnlyOnce":false,"maxSimultaneousLights":4},
{"name":"Skeleton.Material.004","id":"Skeleton.Material.004","ambient":[0.1107,0.1107,0.1107],"diffuse":[0.0885,0.0885,0.0885],"specular":[0,0,0],"emissive":[0.0221,0.0221,0.0221],"specularPower":50,"alpha":1,"backFaceCulling":true,"checkReadyOnlyOnce":false,"maxSimultaneousLights":4},
{"name":"Skeleton.Material.005","id":"Skeleton.Material.005","ambient":[0.8,0.8,0.8],"diffuse":[0.64,0.64,0.64],"specular":[0,0,0],"emissive":[0.16,0.16,0.16],"specularPower":50,"alpha":1,"backFaceCulling":true,"checkReadyOnlyOnce":false,"maxSimultaneousLights":4},
{"name":"Skeleton.Hair","id":"Skeleton.Hair","ambient":[0.8,0.8,0.8],"diffuse":[0.64,0.64,0.64],"specular":[0,0,0],"emissive":[0,0,0],"specularPower":50,"alpha":1,"backFaceCulling":true,"checkReadyOnlyOnce":false,"maxSimultaneousLights":4, 
"diffuseTexture":{"name":"Hair.png","level":1,"hasAlpha":1,"coordinatesMode":0,"uOffset":0,"vOffset":0,"uScale":1,"vScale":1,"uAng":0,"vAng":0,"wAng":0,"wrapU":1,"wrapV":1,"coordinatesIndex":0}},
{"name":"Skeleton.Gloves","id":"Skeleton.Gloves","ambient":[1,1,1],"diffuse":[0.8,0.8,0.8],"specular":[0,0,0],"emissive":[0.2,0.2,0.2],"specularPower":50,"alpha":1,"backFaceCulling":true,"checkReadyOnlyOnce":false,"maxSimultaneousLights":4, 
"diffuseTexture":{"name":"Gloves.png","level":1,"hasAlpha":1,"coordinatesMode":0,"uOffset":0,"vOffset":0,"uScale":1,"vScale":1,"uAng":0,"vAng":0,"wAng":0,"wrapU":1,"wrapV":1,"coordinatesIndex":0}},
{"name":"Skeleton.Material.007","id":"Skeleton.Material.007","ambient":[0.8,0.6827,0.5364],"diffuse":[0.64,0.5461,0.4291],"specular":[0,0,0],"emissive":[0,0,0],"specularPower":50,"alpha":1,"backFaceCulling":true,"checkReadyOnlyOnce":false,"maxSimultaneousLights":4},
{"name":"Skeleton.Material.006","id":"Skeleton.Material.006","ambient":[1,1,1],"diffuse":[0.8611,0.8611,0.8611],"specular":[0,0,0],"emissive":[0.2,0.2,0.2],"specularPower":50,"alpha":1,"backFaceCulling":true,"checkReadyOnlyOnce":false,"maxSimultaneousLights":4, 
"diffuseTexture":{"name":"Hood1.png","level":1,"hasAlpha":1,"coordinatesMode":0,"uOffset":0,"vOffset":0,"uScale":1,"vScale":1,"uAng":0,"vAng":0,"wAng":0,"wrapU":1,"wrapV":1,"coordinatesIndex":0}},
{"name":"Skeleton.Material.000","id":"Skeleton.Material.000","ambient":[0.8,0.8,0.8],"diffuse":[0.64,0.64,0.64],"specular":[0,0,0],"emissive":[0.456,0.456,0.456],"specularPower":50,"alpha":1,"backFaceCulling":true,"checkReadyOnlyOnce":false,"maxSimultaneousLights":4, 
"diffuseTexture":{"name":"Helm.png","level":1,"hasAlpha":1,"coordinatesMode":0,"uOffset":0,"vOffset":0,"uScale":1,"vScale":1,"uAng":0,"vAng":0,"wAng":0,"wrapU":1,"wrapV":1,"coordinatesIndex":0}},
{"name":"Skeleton.Sash","id":"Skeleton.Sash","ambient":[0.8,0.8,0.8],"diffuse":[0.64,0.64,0.64],"specular":[0,0,0],"emissive":[0.08,0.08,0.08],"specularPower":50,"alpha":1,"backFaceCulling":true,"checkReadyOnlyOnce":false,"maxSimultaneousLights":4, 
"diffuseTexture":{"name":"Sash.png","level":1,"hasAlpha":1,"coordinatesMode":0,"uOffset":0,"vOffset":0,"uScale":1,"vScale":1,"uAng":0,"vAng":0,"wAng":0,"wrapU":1,"wrapV":1,"coordinatesIndex":0}},
{"name":"Skeleton.Material.010","id":"Skeleton.Material.010","ambient":[0.8,0.8,0.8],"diffuse":[0.64,0.64,0.64],"specular":[0,0,0],"emissive":[0,0,0],"specularPower":50,"alpha":1,"backFaceCulling":true,"checkReadyOnlyOnce":false,"maxSimultaneousLights":4, 
"diffuseTexture":{"name":"long_sword.png","level":1,"hasAlpha":1,"coordinatesMode":0,"uOffset":0,"vOffset":0,"uScale":1,"vScale":1,"uAng":0,"vAng":0,"wAng":0,"wrapU":1,"wrapV":1,"coordinatesIndex":0}},
{"name":"Skeleton.Material.018","id":"Skeleton.Material.018","ambient":[0.5277,0.5153,0.4023],"diffuse":[0.4222,0.4122,0.3219],"specular":[0,0,0],"emissive":[0.0528,0.0515,0.0402],"specularPower":50,"alpha":1,"backFaceCulling":true,"checkReadyOnlyOnce":false,"maxSimultaneousLights":4},
{"name":"Skeleton.Sash.001","id":"Skeleton.Sash.001","ambient":[0.8,0.8,0.8],"diffuse":[0.64,0.64,0.64],"specular":[0,0,0],"emissive":[0.08,0.08,0.08],"specularPower":50,"alpha":1,"backFaceCulling":true,"checkReadyOnlyOnce":false,"maxSimultaneousLights":4, 
"diffuseTexture":{"name":"Sash.png","level":1,"hasAlpha":1,"coordinatesMode":0,"uOffset":0,"vOffset":0,"uScale":1,"vScale":1,"uAng":0,"vAng":0,"wAng":0,"wrapU":1,"wrapV":1,"coordinatesIndex":0}},
{"name":"Skeleton.Armor.001","id":"Skeleton.Armor.001","ambient":[0.0999,0.0639,0.0222],"diffuse":[0.0799,0.0511,0.0177],"specular":[0,0,0],"emissive":[0.01,0.0064,0.0022],"specularPower":50,"alpha":1,"backFaceCulling":true,"checkReadyOnlyOnce":false,"maxSimultaneousLights":4},
{"name":"Skeleton.Material.012","id":"Skeleton.Material.012","ambient":[0.8,0.8,0.8],"diffuse":[0.64,0.64,0.64],"specular":[0,0,0],"emissive":[0.08,0.08,0.08],"specularPower":50,"alpha":1,"backFaceCulling":true,"checkReadyOnlyOnce":false,"maxSimultaneousLights":4, 
"diffuseTexture":{"name":"long_sword.png","level":1,"hasAlpha":1,"coordinatesMode":0,"uOffset":0,"vOffset":0,"uScale":1,"vScale":1,"uAng":0,"vAng":0,"wAng":0,"wrapU":1,"wrapV":1,"coordinatesIndex":0}},
{"name":"Skeleton.Material.019","id":"Skeleton.Material.019","ambient":[0.8,0.8,0.8],"diffuse":[0.64,0.64,0.64],"specular":[0,0,0],"emissive":[0.456,0.456,0.456],"specularPower":50,"alpha":1,"backFaceCulling":true,"checkReadyOnlyOnce":false,"maxSimultaneousLights":4, 
"diffuseTexture":{"name":"Helm.png","level":1,"hasAlpha":1,"coordinatesMode":0,"uOffset":0,"vOffset":0,"uScale":1,"vScale":1,"uAng":0,"vAng":0,"wAng":0,"wrapU":1,"wrapV":1,"coordinatesIndex":0}},
{"name":"Skeleton.Material.022","id":"Skeleton.Material.022","ambient":[0.5277,0.5153,0.4023],"diffuse":[0.4222,0.4122,0.3219],"specular":[0,0,0],"emissive":[0.0528,0.0515,0.0402],"specularPower":50,"alpha":1,"backFaceCulling":true,"checkReadyOnlyOnce":false,"maxSimultaneousLights":4},
{"name":"Skeleton.Sash.002","id":"Skeleton.Sash.002","ambient":[0.8,0.8,0.8],"diffuse":[0.64,0.64,0.64],"specular":[0,0,0],"emissive":[0.08,0.08,0.08],"specularPower":50,"alpha":1,"backFaceCulling":true,"checkReadyOnlyOnce":false,"maxSimultaneousLights":4, 
"diffuseTexture":{"name":"Sash.png","level":1,"hasAlpha":1,"coordinatesMode":0,"uOffset":0,"vOffset":0,"uScale":1,"vScale":1,"uAng":0,"vAng":0,"wAng":0,"wrapU":1,"wrapV":1,"coordinatesIndex":0}},
{"name":"Skeleton.Armor.002","id":"Skeleton.Armor.002","ambient":[0.0999,0.0639,0.0222],"diffuse":[0.0799,0.0511,0.0177],"specular":[0,0,0],"emissive":[0.01,0.0064,0.0022],"specularPower":50,"alpha":1,"backFaceCulling":true,"checkReadyOnlyOnce":false,"maxSimultaneousLights":4},
{"name":"Skeleton.Material.021","id":"Skeleton.Material.021","ambient":[0.8,0.8,0.8],"diffuse":[0.64,0.64,0.64],"specular":[0,0,0],"emissive":[0.08,0.08,0.08],"specularPower":50,"alpha":1,"backFaceCulling":true,"checkReadyOnlyOnce":false,"maxSimultaneousLights":4, 
"diffuseTexture":{"name":"long_sword.png","level":1,"hasAlpha":1,"coordinatesMode":0,"uOffset":0,"vOffset":0,"uScale":1,"vScale":1,"uAng":0,"vAng":0,"wAng":0,"wrapU":1,"wrapV":1,"coordinatesIndex":0}},
{"name":"Skeleton.Material.020","id":"Skeleton.Material.020","ambient":[0.8,0.8,0.8],"diffuse":[0.64,0.64,0.64],"specular":[0,0,0],"emissive":[0.456,0.456,0.456],"specularPower":50,"alpha":1,"backFaceCulling":true,"checkReadyOnlyOnce":false,"maxSimultaneousLights":4, 
"diffuseTexture":{"name":"Helm.png","level":1,"hasAlpha":1,"coordinatesMode":0,"uOffset":0,"vOffset":0,"uScale":1,"vScale":1,"uAng":0,"vAng":0,"wAng":0,"wrapU":1,"wrapV":1,"coordinatesIndex":0}}],
"multiMaterials":[{"name":"Skeleton.Multimaterial#0","id":"Skeleton.Multimaterial#0","materials":["Skeleton.Material.008","Skeleton.Material.009"]},{"name":"Skeleton.Multimaterial#1","id":"Skeleton.Multimaterial#1","materials":["Skeleton.Material.011","Skeleton.Material.004","Skeleton.Material.005"]},{"name":"Skeleton.Multimaterial#2","id":"Skeleton.Multimaterial#2","materials":["Skeleton.Hair","Skeleton.Gloves","Skeleton.Material.007"]},{"name":"Skeleton.Multimaterial#3","id":"Skeleton.Multimaterial#3","materials":["Skeleton.Material.002","Skeleton.Sash","Skeleton.Armor","Skeleton.Material.010"]},{"name":"Skeleton.Multimaterial#4","id":"Skeleton.Multimaterial#4","materials":["Skeleton.Material.018","Skeleton.Sash.001","Skeleton.Armor.001","Skeleton.Material.012","Skeleton.Material.019"]},{"name":"Skeleton.Multimaterial#5","id":"Skeleton.Multimaterial#5","materials":["Skeleton.Material.022","Skeleton.Sash.002","Skeleton.Armor.002","Skeleton.Material.021","Skeleton.Material.020"]}],
"skeletons":[{"name":"metarig","id":0,"dimensionsAtRest":[2.6981,4.8573,1.3847],"bones":[
{"name":"root","index":0,"matrix":[1,0,0,0,0,0,-1,0,0,-1,0,0,0,0,0.3263,1],"rest":[1,0,0,0,0,0,-1,0,0,-1,0,0,0,0,0.3263,1],"parentBoneIndex":-1,"length":1.1261
,"animation":{"dataType":3,"framePerSecond":24,"keys":[
{"frame":0,"values":[1,0,0,0,0,0,-1,0,0,-1,0,0,0,0,0.3263,1]},
{"frame":18,"values":[1,0,0,0,0,0,-1,0,0,-1,0,0,0,0,0.3263,1]},
{"frame":30,"values":[1,0,0,0,0,0,-1,0,0,-1,0,0,0,0,0.3263,1]},
{"frame":48,"values":[1,0,0,0,0,0,-1,0,0,-1,0,0,0,0,0.3263,1]},
{"frame":60,"values":[1,0,0,0,0,0,-1,0,0,-1,0,0,0,0,0.3263,1]},
{"frame":78,"values":[1,0,0,0,0,0,-1,0,0,-1,0,0,0,0,0.3263,1]},
{"frame":90,"values":[1,0,0,0,0,0,-1,0,0,-1,0,0,0,0,0.3263,1]},
{"frame":108,"values":[1,0,0,0,0,0,-1,0,0,-1,0,0,0,0,0.3263,1]},
{"frame":120,"values":[1,0,0,0,0,0,-1,0,0,-1,0,0,0,0,0.3263,1]},
{"frame":138,"values":[1,0,0,0,0,0,-1,0,0,-1,0,0,0,0,0.3263,1]},
{"frame":150,"values":[1,0,0,0,0,0,-1,0,0,-1,0,0,0,0,0.3263,1]},
{"frame":156,"values":[0.9998,0,0.02,0,0.02,0,-0.9998,0,0,-1,0,0,0,0,0.3263,1]},
{"frame":157,"values":[0.9971,0,0.0764,0,0.0764,0,-0.9971,0,0,-1,0,0,0,0,0.3263,1]},
{"frame":158,"values":[0.9889,0,0.1485,0,0.1485,0,-0.9889,0,0,-1,0,0,0,0,0.3263,1]},
{"frame":159,"values":[0.979,0,0.2041,0,0.2041,0,-0.979,0,0,-1,0,0,0,0,0.3263,1]},
{"frame":160,"values":[0.9747,0,0.2236,0,0.2236,0,-0.9747,0,0,-1,0,0,0,0,0.3263,1]},
{"frame":161,"values":[1,0,0,0,0,0,-1,0,0,-1,0,0,0,0,0.3263,1]},
{"frame":167,"values":[1,0,0,0,0,0,-1,0,0,-1,0,0,0,0,0.3263,1]},
{"frame":180,"values":[1,0,0,0,0,0,-1,0,0,-1,0,0,0,0,0.3263,1]},
{"frame":186,"values":[0.9998,0,0.02,0,0.02,0,-0.9998,0,0,-1,0,0,0,0,0.3263,1]},
{"frame":187,"values":[0.9971,0,0.0764,0,0.0764,0,-0.9971,0,0,-1,0,0,0,0,0.3263,1]},
{"frame":188,"values":[0.9889,0,0.1485,0,0.1485,0,-0.9889,0,0,-1,0,0,0,0,0.3263,1]},
{"frame":189,"values":[0.979,0,0.2041,0,0.2041,0,-0.979,0,0,-1,0,0,0,0,0.3263,1]},
{"frame":190,"values":[0.9747,0,0.2236,0,0.2236,0,-0.9747,0,0,-1,0,0,0,0,0.3263,1]},
{"frame":191,"values":[1,0,0,0,0,0,-1,0,0,-1,0,0,0,0,0.3263,1]},
{"frame":197,"values":[1,0,0,0,0,0,-1,0,0,-1,0,0,0,0,0.3263,1]},
{"frame":210,"values":[1,0,0,0,0,0,-1,0,0,-1,0,0,0,0,0.3263,1]},
{"frame":216,"values":[0.9998,0,0.02,0,0.02,0,-0.9998,0,0,-1,0,0,0,0,0.3263,1]},
{"frame":217,"values":[0.9971,0,0.0764,0,0.0764,0,-0.9971,0,0,-1,0,0,0,0,0.3263,1]},
{"frame":218,"values":[0.9889,0,0.1485,0,0.1485,0,-0.9889,0,0,-1,0,0,0,0,0.3263,1]},
{"frame":219,"values":[0.979,0,0.2041,0,0.2041,0,-0.979,0,0,-1,0,0,0,0,0.3263,1]},
{"frame":220,"values":[0.9747,0,0.2236,0,0.2236,0,-0.9747,0,0,-1,0,0,0,0,0.3263,1]},
{"frame":221,"values":[1,0,0,0,0,0,-1,0,0,-1,0,0,0,0,0.3263,1]},
{"frame":227,"values":[1,0,0,0,0,0,-1,0,0,-1,0,0,0,0,0.3263,1]},
{"frame":240,"values":[1,0,0,0,0,0,-1,0,0,-1,0,0,0,0,0.3263,1]},
{"frame":246,"values":[0.9998,0,0.02,0,0.02,0,-0.9998,0,0,-1,0,0,0,0,0.3263,1]},
{"frame":247,"values":[0.9971,0,0.0764,0,0.0764,0,-0.9971,0,0,-1,0,0,0,0,0.3263,1]},
{"frame":248,"values":[0.9889,0,0.1485,0,0.1485,0,-0.9889,0,0,-1,0,0,0,0,0.3263,1]},
{"frame":249,"values":[0.979,0,0.2041,0,0.2041,0,-0.979,0,0,-1,0,0,0,0,0.3263,1]},
{"frame":250,"values":[0.9747,0,0.2236,0,0.2236,0,-0.9747,0,0,-1,0,0,0,0,0.3263,1]},
{"frame":251,"values":[1,0,0,0,0,0,-1,0,0,-1,0,0,0,0,0.3263,1]},
{"frame":257,"values":[1,0,0,0,0,0,-1,0,0,-1,0,0,0,0,0.3263,1]},
{"frame":270,"values":[1,0,0,0,0,0,-1,0,0,-1,0,0,0,0,0.3263,1]},
{"frame":290,"values":[1,0,0,0,0,0,-1,0,0,-1,0,0,0,0,0.3263,1]},
{"frame":300,"values":[1,0,0,0,0,0,-1,0,0,-1,0,0,0,0,0.3263,1]},
{"frame":320,"values":[1,0,0,0,0,0,-1,0,0,-1,0,0,0,0,0.3263,1]},
{"frame":330,"values":[1,0,0,0,0,0,-1,0,0,-1,0,0,0,0,0.3263,1]},
{"frame":350,"values":[1,0,0,0,0,0,-1,0,0,-1,0,0,0,0,0.3263,1]},
{"frame":360,"values":[1,0,0,0,0,0,-1,0,0,-1,0,0,0,0,0.3263,1]},
{"frame":380,"values":[1,0,0,0,0,0,-1,0,0,-1,0,0,0,0,0.3263,1]},
{"frame":390,"values":[1,0,0,0,0,0,-1,0,0,-1,0,0,0,0,0.3263,1]},
{"frame":410,"values":[1,0,0,0,0,0,-1,0,0,-1,0,0,0,0,0.3263,1]},
{"frame":420,"values":[1,0,0,0,0,0,-1,0,0,-1,0,0,0,0,0.3263,1]},
{"frame":440,"values":[1,0,0,0,0,0,-1,0,0,-1,0,0,0,0,0.3263,1]},
{"frame":450,"values":[1,0,0,0,0,0,-1,0,0,-1,0,0,0,0,0.3263,1]},
{"frame":470,"values":[1,0,0,0,0,0,-1,0,0,-1,0,0,0,0,0.3263,1]},
{"frame":480,"values":[1,0,0,0,0,0,-1,0,0,-1,0,0,0,0,0.3263,1]},
{"frame":498,"values":[1,0,0,0,0,0,-1,0,0,-1,0,0,0,0,0.3263,1]},
{"frame":510,"values":[1,0,0,0,0,0,-1,0,0,-1,0,0,0,0,0.3263,1]},
{"frame":528,"values":[1,0,0,0,0,0,-1,0,0,-1,0,0,0,0,0.3263,1]},
{"frame":540,"values":[1,0,0,0,0,0,-1,0,0,-1,0,0,0,0,0.3263,1]},
{"frame":558,"values":[1,0,0,0,0,0,-1,0,0,-1,0,0,0,0,0.3263,1]},
{"frame":570,"values":[1,0,0,0,0,0,-1,0,0,-1,0,0,0,0,0.3263,1]},
{"frame":588,"values":[1,0,0,0,0,0,-1,0,0,-1,0,0,0,0,0.3263,1]},
{"frame":600,"values":[1,0,0,0,0,0,-1,0,0,-1,0,0,0,0,0.3263,1]},
{"frame":618,"values":[1,0,0,0,0,0,-1,0,0,-1,0,0,0,0,0.3263,1]},
{"frame":630,"values":[1,0,0,0,0,0,-1,0,0,-1,0,0,0,0,0.3263,1]},
{"frame":631,"values":[0.9824,0,-0.1868,0,-0.1868,0,-0.9824,0,0,-1,0,0,0,0,0.3263,1]},
{"frame":632,"values":[0.6747,0,-0.7381,0,-0.7381,0,-0.6747,0,0,-1,0,0,0,0,0.3263,1]},
{"frame":633,"values":[-0.255,0,-0.9669,0,-0.9669,0,0.255,0,0,-1,0,0,0,0,0.3263,1]},
{"frame":634,"values":[-0.8779,0,-0.4788,0,-0.4788,0,0.8779,0,0,-1,0,0,0,0,0.3263,1]},
{"frame":635,"values":[-1,0,0,0,0,0,1,0,0,-1,0,0,0,0,0.3263,1]},
{"frame":636,"values":[-0.8779,0,0.4788,0,0.4788,0,0.8779,0,0,-1,0,0,0,0,0.3263,1]},
{"frame":637,"values":[-0.255,0,0.9669,0,0.9669,0,0.255,0,0,-1,0,0,0,0,0.3263,1]},
{"frame":638,"values":[0.6747,0,0.7381,0,0.7381,0,-0.6747,0,0,-1,0,0,0,0,0.3263,1]},
{"frame":639,"values":[0.9824,0,0.1868,0,0.1868,0,-0.9824,0,0,-1,0,0,0,0,0.3263,1]},
{"frame":640,"values":[1,0,0,0,0,0,-1,0,0,-1,0,0,0,0,0.3263,1]},
{"frame":650,"values":[1,0,0,0,0,0,-1,0,0,-1,0,0,0,0,0.3263,1]},
{"frame":651,"values":[0.9824,0,-0.1868,0,-0.1868,0,-0.9824,0,0,-1,0,0,0,0,0.3263,1]},
{"frame":652,"values":[0.6747,0,-0.7381,0,-0.7381,0,-0.6747,0,0,-1,0,0,0,0,0.3263,1]},
{"frame":653,"values":[-0.255,0,-0.9669,0,-0.9669,0,0.255,0,0,-1,0,0,0,0,0.3263,1]},
{"frame":654,"values":[-0.8779,0,-0.4788,0,-0.4788,0,0.8779,0,0,-1,0,0,0,0,0.3263,1]},
{"frame":655,"values":[-1,0,0,0,0,0,1,0,0,-1,0,0,0,0,0.3263,1]},
{"frame":656,"values":[-0.8779,0,0.4788,0,0.4788,0,0.8779,0,0,-1,0,0,0,0,0.3263,1]},
{"frame":657,"values":[-0.255,0,0.9669,0,0.9669,0,0.255,0,0,-1,0,0,0,0,0.3263,1]},
{"frame":658,"values":[0.6747,0,0.7381,0,0.7381,0,-0.6747,0,0,-1,0,0,0,0,0.3263,1]},
{"frame":659,"values":[0.9824,0,0.1868,0,0.1868,0,-0.9824,0,0,-1,0,0,0,0,0.3263,1]},
{"frame":660,"values":[1,0,0,0,0,0,-1,0,0,-1,0,0,0,0,0.3263,1]},
{"frame":670,"values":[1,0,0,0,0,0,-1,0,0,-1,0,0,0,0,0.3263,1]},
{"frame":671,"values":[0.9824,0,-0.1868,0,-0.1868,0,-0.9824,0,0,-1,0,0,0,0,0.3263,1]},
{"frame":672,"values":[0.6747,0,-0.7381,0,-0.7381,0,-0.6747,0,0,-1,0,0,0,0,0.3263,1]},
{"frame":673,"values":[-0.255,0,-0.9669,0,-0.9669,0,0.255,0,0,-1,0,0,0,0,0.3263,1]},
{"frame":674,"values":[-0.8779,0,-0.4788,0,-0.4788,0,0.8779,0,0,-1,0,0,0,0,0.3263,1]},
{"frame":675,"values":[-1,0,0,0,0,0,1,0,0,-1,0,0,0,0,0.3263,1]},
{"frame":676,"values":[-0.8779,0,0.4788,0,0.4788,0,0.8779,0,0,-1,0,0,0,0,0.3263,1]},
{"frame":677,"values":[-0.255,0,0.9669,0,0.9669,0,0.255,0,0,-1,0,0,0,0,0.3263,1]},
{"frame":678,"values":[0.6747,0,0.7381,0,0.7381,0,-0.6747,0,0,-1,0,0,0,0,0.3263,1]},
{"frame":679,"values":[0.9824,0,0.1868,0,0.1868,0,-0.9824,0,0,-1,0,0,0,0,0.3263,1]},
{"frame":680,"values":[1,0,0,0,0,0,-1,0,0,-1,0,0,0,0,0.3263,1]},
{"frame":690,"values":[1,0,0,0,0,0,-1,0,0,-1,0,0,0,0,0.3263,1]},
{"frame":691,"values":[0.9824,0,-0.1868,0,-0.1868,0,-0.9824,0,0,-1,0,0,0,0,0.3263,1]},
{"frame":692,"values":[0.6747,0,-0.7381,0,-0.7381,0,-0.6747,0,0,-1,0,0,0,0,0.3263,1]},
{"frame":693,"values":[-0.255,0,-0.9669,0,-0.9669,0,0.255,0,0,-1,0,0,0,0,0.3263,1]},
{"frame":694,"values":[-0.8779,0,-0.4788,0,-0.4788,0,0.8779,0,0,-1,0,0,0,0,0.3263,1]},
{"frame":695,"values":[-1,0,0,0,0,0,1,0,0,-1,0,0,0,0,0.3263,1]},
{"frame":696,"values":[-0.8779,0,0.4788,0,0.4788,0,0.8779,0,0,-1,0,0,0,0,0.3263,1]},
{"frame":697,"values":[-0.255,0,0.9669,0,0.9669,0,0.255,0,0,-1,0,0,0,0,0.3263,1]},
{"frame":698,"values":[0.6747,0,0.7381,0,0.7381,0,-0.6747,0,0,-1,0,0,0,0,0.3263,1]},
{"frame":699,"values":[0.9824,0,0.1868,0,0.1868,0,-0.9824,0,0,-1,0,0,0,0,0.3263,1]},
{"frame":700,"values":[1,0,0,0,0,0,-1,0,0,-1,0,0,0,0,0.3263,1]},
{"frame":710,"values":[1,0,0,0,0,0,-1,0,0,-1,0,0,0,0,0.3263,1]},
{"frame":711,"values":[1,0,0,0,0,0,-1,0,0,-1,0,0,0,0,0.3263,1]},
{"frame":720,"values":[1,0,0,0,0,0,-1,0,0,-1,0,0,0,0,0.3263,1]},
{"frame":721,"values":[1,0,0,0,0,0,-1,0,0,-1,0,0,0,0,0.3263,1]},
{"frame":730,"values":[1,0,0,0,0,0,-1,0,0,-1,0,0,0,0,0.3263,1]},
{"frame":731,"values":[1,0,0,0,0,0,-1,0,0,-1,0,0,0,0,0.3263,1]},
{"frame":740,"values":[1,0,0,0,0,0,-1,0,0,-1,0,0,0,0,0.3263,1]},
{"frame":741,"values":[1,0,0,0,0,0,-1,0,0,-1,0,0,0,0,0.3263,1]},
{"frame":750,"values":[1,0,0,0,0,0,-1,0,0,-1,0,0,0,0,0.3263,1]},
{"frame":812,"values":[1,0,0,0,0,0,-1,0,0,-1,0,0,0,0,0.3263,1]},
{"frame":820,"values":[1,0,0,0,0,0,-1,0,0,-1,0,0,0,0,0.3263,1]},
{"frame":880,"values":[1,0,0,0,0,0,-1,0,0,-1,0,0,0,0,0.3263,1]},
{"frame":890,"values":[1,0,0,0,0,0,-1,0,0,-1,0,0,0,0,0.3263,1]},
{"frame":950,"values":[1,0,0,0,0,0,-1,0,0,-1,0,0,0,0,0.3263,1]},
{"frame":960,"values":[1,0,0,0,0,0,-1,0,0,-1,0,0,0,0,0.3263,1]},
{"frame":1020,"values":[1,0,0,0,0,0,-1,0,0,-1,0,0,0,0,0.3263,1]},
{"frame":1030,"values":[1,0,0,0,0,0,-1,0,0,-1,0,0,0,0,0.3263,1]},
{"frame":1092,"values":[1,0,0,0,0,0,-1,0,0,-1,0,0,0,0,0.3263,1]},
{"frame":1100,"values":[1,0,0,0,0,0,-1,0,0,-1,0,0,0,0,0.3263,1]},
{"frame":1160,"values":[1,0,0,0,0,0,-1,0,0,-1,0,0,0,0,0.3263,1]},
{"frame":1170,"values":[1,0,0,0,0,0,-1,0,0,-1,0,0,0,0,0.3263,1]},
{"frame":1190,"values":[1,0,0,0,0,0,-1,0,0,-1,0,0,0,0,0.3263,1]},
{"frame":1200,"values":[1,0,0,0,0,0,-1,0,0,-1,0,0,0,0,0.3263,1]},
{"frame":1220,"values":[1,0,0,0,0,0,-1,0,0,-1,0,0,0,0,0.3263,1]},
{"frame":1230,"values":[1,0,0,0,0,0,-1,0,0,-1,0,0,0,0,0.3263,1]},
{"frame":1250,"values":[1,0,0,0,0,0,-1,0,0,-1,0,0,0,0,0.3263,1]}],"loopBehavior":1,"name":"anim","property":"_matrix"}},
{"name":"heel.L","index":1,"matrix":[-1,0,0,0,0,-0.9103,-0.4139,0,0,-0.4139,0.9103,0,0.2699,-1.0515,-1.3797,1],"rest":[-1,0,0,0,0,-0.9518,0.3067,0,0,0.3067,0.9518,0,0.3253,0.2268,-0.1367,1],"parentBoneIndex":0,"length":0.51
,"animation":{"dataType":3,"framePerSecond":24,"keys":[
{"frame":0,"values":[-1,0,0,0,0,-0.9518,0.3067,0,0,0.3067,0.9518,0,0.9165,0.8398,-0.1367,1]},
{"frame":1,"values":[-1,0,0,0,0,-0.9518,0.3067,0,0,0.3067,0.9518,0,0.9165,0.8415,-0.1352,1]},
{"frame":2,"values":[-1,0,0,0,0,-0.9518,0.3067,0,0,0.3067,0.9518,0,0.9165,0.8502,-0.1343,1]},
{"frame":3,"values":[-1,0,0,0,0,-0.9518,0.3067,0,0,0.3067,0.9518,0,0.9165,0.8683,-0.1364,1]},
{"frame":4,"values":[-1,0,0,0,0,-0.9518,0.3067,0,0,0.3067,0.9518,0,0.9165,0.9043,-0.146,1]},
{"frame":5,"values":[-1,0,0,0,0,-0.9786,0.2057,0,0,0.2057,0.9786,0,0.672,0.9412,-0.2351,1]},
{"frame":6,"values":[-1,0,0,0,0,-0.9946,0.1041,0,0,0.1041,0.9946,0,0.5362,0.9897,-0.2952,1]},
{"frame":7,"values":[-1,0,0,0,0,-0.9944,0.1056,0,0,0.1056,0.9944,0,0.4612,0.9895,-0.2942,1]},
{"frame":8,"values":[-1,0,0,0,0,-0.9928,0.1196,0,0,0.1196,0.9928,0,0.4228,0.9874,-0.2856,1]},
{"frame":9,"values":[-1,0,0,0,0,-0.9881,0.154,0,0,0.154,0.9881,0,0.4151,0.9824,-0.2645,1]},
{"frame":10,"values":[-1,0,0,0,0,-0.9518,0.3067,0,0,0.3067,0.9518,0,0.9165,0.8398,-0.1367,1]},
{"frame":18,"values":[-1,0,0,0,0,-0.9518,0.3067,0,0,0.3067,0.9518,0,0.9165,0.8398,-0.1367,1]},
{"frame":30,"values":[-1,0,0,0,0,-0.9518,0.3067,0,0,0.3067,0.9518,0,0.9165,0.8398,-0.1367,1]},
{"frame":31,"values":[-1,0,0,0,0,-0.9518,0.3067,0,0,0.3067,0.9518,0,0.9165,0.8415,-0.1352,1]},
{"frame":32,"values":[-1,0,0,0,0,-0.9518,0.3067,0,0,0.3067,0.9518,0,0.9165,0.8502,-0.1343,1]},
{"frame":33,"values":[-1,0,0,0,0,-0.9518,0.3067,0,0,0.3067,0.9518,0,0.9165,0.8683,-0.1364,1]},
{"frame":34,"values":[-1,0,0,0,0,-0.9518,0.3067,0,0,0.3067,0.9518,0,0.9165,0.9043,-0.146,1]},
{"frame":35,"values":[-1,0,0,0,0,-0.9786,0.2057,0,0,0.2057,0.9786,0,0.672,0.9412,-0.2351,1]},
{"frame":36,"values":[-1,0,0,0,0,-0.9946,0.1041,0,0,0.1041,0.9946,0,0.5362,0.9897,-0.2952,1]},
{"frame":37,"values":[-1,0,0,0,0,-0.9944,0.1056,0,0,0.1056,0.9944,0,0.4612,0.9895,-0.2942,1]},
{"frame":38,"values":[-1,0,0,0,0,-0.9928,0.1196,0,0,0.1196,0.9928,0,0.4228,0.9874,-0.2856,1]},
{"frame":39,"values":[-1,0,0,0,0,-0.9881,0.154,0,0,0.154,0.9881,0,0.4151,0.9824,-0.2645,1]},
{"frame":40,"values":[-1,0,0,0,0,-0.9518,0.3067,0,0,0.3067,0.9518,0,0.9165,0.8398,-0.1367,1]},
{"frame":48,"values":[-1,0,0,0,0,-0.9518,0.3067,0,0,0.3067,0.9518,0,0.9165,0.8398,-0.1367,1]},
{"frame":60,"values":[-1,0,0,0,0,-0.9518,0.3067,0,0,0.3067,0.9518,0,0.9165,0.8398,-0.1367,1]},
{"frame":61,"values":[-1,0,0,0,0,-0.9518,0.3067,0,0,0.3067,0.9518,0,0.9165,0.8415,-0.1352,1]},
{"frame":62,"values":[-1,0,0,0,0,-0.9518,0.3067,0,0,0.3067,0.9518,0,0.9165,0.8502,-0.1343,1]},
{"frame":63,"values":[-1,0,0,0,0,-0.9518,0.3067,0,0,0.3067,0.9518,0,0.9165,0.8683,-0.1364,1]},
{"frame":64,"values":[-1,0,0,0,0,-0.9518,0.3067,0,0,0.3067,0.9518,0,0.9165,0.9043,-0.146,1]},
{"frame":65,"values":[-1,0,0,0,0,-0.9786,0.2057,0,0,0.2057,0.9786,0,0.672,0.9412,-0.2351,1]},
{"frame":66,"values":[-1,0,0,0,0,-0.9946,0.1041,0,0,0.1041,0.9946,0,0.5362,0.9897,-0.2952,1]},
{"frame":67,"values":[-1,0,0,0,0,-0.9944,0.1056,0,0,0.1056,0.9944,0,0.4612,0.9895,-0.2942,1]},
{"frame":68,"values":[-1,0,0,0,0,-0.9928,0.1196,0,0,0.1196,0.9928,0,0.4228,0.9874,-0.2856,1]},
{"frame":69,"values":[-1,0,0,0,0,-0.9881,0.154,0,0,0.154,0.9881,0,0.4151,0.9824,-0.2645,1]},
{"frame":70,"values":[-1,0,0,0,0,-0.9518,0.3067,0,0,0.3067,0.9518,0,0.9165,0.8398,-0.1367,1]},
{"frame":78,"values":[-1,0,0,0,0,-0.9518,0.3067,0,0,0.3067,0.9518,0,0.9165,0.8398,-0.1367,1]},
{"frame":90,"values":[-1,0,0,0,0,-0.9518,0.3067,0,0,0.3067,0.9518,0,0.9165,0.8398,-0.1367,1]},
{"frame":91,"values":[-1,0,0,0,0,-0.9518,0.3067,0,0,0.3067,0.9518,0,0.9165,0.8415,-0.1352,1]},
{"frame":92,"values":[-1,0,0,0,0,-0.9518,0.3067,0,0,0.3067,0.9518,0,0.9165,0.8502,-0.1343,1]},
{"frame":93,"values":[-1,0,0,0,0,-0.9518,0.3067,0,0,0.3067,0.9518,0,0.9165,0.8683,-0.1364,1]},
{"frame":94,"values":[-1,0,0,0,0,-0.9518,0.3067,0,0,0.3067,0.9518,0,0.9165,0.9043,-0.146,1]},
{"frame":95,"values":[-1,0,0,0,0,-0.9786,0.2057,0,0,0.2057,0.9786,0,0.672,0.9412,-0.2351,1]},
{"frame":96,"values":[-1,0,0,0,0,-0.9946,0.1041,0,0,0.1041,0.9946,0,0.5362,0.9897,-0.2952,1]},
{"frame":97,"values":[-1,0,0,0,0,-0.9939,0.1101,0,0,0.1101,0.9939,0,0.4469,0.9888,-0.2914,1]},
{"frame":98,"values":[-1,0,0,0,0,-0.9881,0.154,0,0,0.154,0.9881,0,0.4151,0.9824,-0.2645,1]},
{"frame":99,"values":[-1,0,0,0,0,-0.9518,0.3067,0,0,0.3067,0.9518,0,0.9165,0.8398,-0.1367,1]},
{"frame":108,"values":[-1,0,0,0,0,-0.9518,0.3067,0,0,0.3067,0.9518,0,0.9165,0.8398,-0.1367,1]},
{"frame":120,"values":[-1,0,0,0,0,-0.9518,0.3067,0,0,0.3067,0.9518,0,0.9165,0.8398,-0.1367,1]},
{"frame":121,"values":[-1,0,0,0,0,-0.9518,0.3067,0,0,0.3067,0.9518,0,0.9165,0.8415,-0.1352,1]},
{"frame":122,"values":[-1,0,0,0,0,-0.9518,0.3067,0,0,0.3067,0.9518,0,0.9165,0.8502,-0.1343,1]},
{"frame":123,"values":[-1,0,0,0,0,-0.9518,0.3067,0,0,0.3067,0.9518,0,0.9165,0.8683,-0.1364,1]},
{"frame":124,"values":[-1,0,0,0,0,-0.9518,0.3067,0,0,0.3067,0.9518,0,0.9165,0.9043,-0.146,1]},
{"frame":125,"values":[-1,0,0,0,0,-0.9786,0.2057,0,0,0.2057,0.9786,0,0.672,0.9412,-0.2351,1]},
{"frame":126,"values":[-1,0,0,0,0,-0.9946,0.1041,0,0,0.1041,0.9946,0,0.5362,0.9897,-0.2952,1]},
{"frame":127,"values":[-1,0,0,0,0,-0.9944,0.1056,0,0,0.1056,0.9944,0,0.4612,0.9895,-0.2942,1]},
{"frame":128,"values":[-1,0,0,0,0,-0.9928,0.1196,0,0,0.1196,0.9928,0,0.4228,0.9874,-0.2856,1]},
{"frame":129,"values":[-1,0,0,0,0,-0.9881,0.154,0,0,0.154,0.9881,0,0.4151,0.9824,-0.2645,1]},
{"frame":130,"values":[-1,0,0,0,0,-0.9518,0.3067,0,0,0.3067,0.9518,0,0.9165,0.8398,-0.1367,1]},
{"frame":138,"values":[-1,0,0,0,0,-0.9518,0.3067,0,0,0.3067,0.9518,0,0.9165,0.8398,-0.1367,1]},
{"frame":150,"values":[-1,0,0,0,0,-0.9518,0.3067,0,0,0.3067,0.9518,0,0.9165,0.8398,-0.1367,1]},
{"frame":167,"values":[-1,0,0,0,0,-0.9518,0.3067,0,0,0.3067,0.9518,0,0.9165,0.8398,-0.1367,1]},
{"frame":180,"values":[-1,0,0,0,0,-0.9518,0.3067,0,0,0.3067,0.9518,0,0.9165,0.8398,-0.1367,1]},
{"frame":197,"values":[-1,0,0,0,0,-0.9518,0.3067,0,0,0.3067,0.9518,0,0.9165,0.8398,-0.1367,1]},
{"frame":210,"values":[-1,0,0,0,0,-0.9518,0.3067,0,0,0.3067,0.9518,0,0.9165,0.8398,-0.1367,1]},
{"frame":227,"values":[-1,0,0,0,0,-0.9518,0.3067,0,0,0.3067,0.9518,0,0.9165,0.8398,-0.1367,1]},
{"frame":240,"values":[-1,0,0,0,0,-0.9518,0.3067,0,0,0.3067,0.9518,0,0.9165,0.8398,-0.1367,1]},
{"frame":257,"values":[-1,0,0,0,0,-0.9518,0.3067,0,0,0.3067,0.9518,0,0.9165,0.8398,-0.1367,1]},
{"frame":270,"values":[-1,0,0,0,0,-0.9103,-0.4139,0,0,-0.4139,0.9103,0,0.2699,-1.0515,-1.3797,1]},
{"frame":271,"values":[-1,0,0,0,0,-0.8579,-0.5137,0,0,-0.5137,0.8579,0,0.2699,-0.8476,-1.3832,1]},
{"frame":272,"values":[-1,0,0,0,0,-0.7941,-0.6077,0,0,-0.6077,0.7941,0,0.2699,-0.4581,-1.3411,1]},
{"frame":273,"values":[-1,0,0,0,0,-0.8404,-0.542,0,0,-0.542,0.8404,0,0.2664,-0.1165,-1.2064,1]},
{"frame":274,"values":[-1,0,0,0,0,-0.9403,-0.3402,0,0,-0.3402,0.9403,0,0.2566,0.2464,-1.0108,1]},
{"frame":275,"values":[-1,0,0,0,0,-0.9952,-0.0981,0,0,-0.0981,0.9952,0,0.2462,0.587,-0.826,1]},
{"frame":276,"values":[-1,0,0,0,0,-0.9722,0.2341,0,0,0.2341,0.9722,0,0.2373,0.888,-0.6479,1]},
{"frame":277,"values":[-1,0,0,0,0,-0.9047,0.4261,0,0,0.4261,0.9047,0,0.2262,1.1761,-0.5251,1]},
{"frame":278,"values":[-1,0,0,0,0,-0.9229,0.385,0,0,0.385,0.9229,0,0.2132,1.4807,-0.5417,1]},
{"frame":279,"values":[-1,0,0,0,0,-0.9737,0.2279,0,0,0.2279,0.9737,0,0.196,1.3654,-0.4246,1]},
{"frame":280,"values":[-1,0,0,0,0,-0.9969,-0.0783,0,0,-0.0783,0.9969,0,0.1715,1.2165,-0.1367,1]},
{"frame":281,"values":[-1,0,0,0,0,-0.9992,-0.04,0,0,-0.04,0.9992,0,0.1779,0.9425,-0.0917,1]},
{"frame":282,"values":[-1,0,0,0,0,-1,-0.0017,0,0,-0.0017,1,0,0.1915,0.613,-0.1065,1]},
{"frame":283,"values":[-1,0,0,0,0,-0.9986,-0.0532,0,0,-0.0532,0.9986,0,0.2047,0.2226,-0.1297,1]},
{"frame":284,"values":[-1,0,0,0,0,-0.9866,-0.1631,0,0,-0.1631,0.9866,0,0.2196,-0.204,-0.1803,1]},
{"frame":285,"values":[-1,0,0,0,0,-0.9769,-0.2138,0,0,-0.2138,0.9769,0,0.2355,-0.5396,-0.2838,1]},
{"frame":286,"values":[-1,0,0,0,0,-0.9993,0.0379,0,0,0.0379,0.9993,0,0.2545,-0.7367,-0.4556,1]},
{"frame":287,"values":[-1,0,0,0,0,-0.9579,0.2871,0,0,0.2871,0.9579,0,0.2699,-0.8562,-0.6738,1]},
{"frame":288,"values":[-1,0,0,0,0,-0.9925,0.1223,0,0,0.1223,0.9925,0,0.2767,-0.9946,-0.8849,1]},
{"frame":289,"values":[-1,0,0,0,0,-0.9828,-0.1844,0,0,-0.1844,0.9828,0,0.2776,-1.0954,-1.1108,1]},
{"frame":290,"values":[-1,0,0,0,0,-0.9103,-0.4139,0,0,-0.4139,0.9103,0,0.2699,-1.0515,-1.3797,1]},
{"frame":300,"values":[-1,0,0,0,0,-0.9103,-0.4139,0,0,-0.4139,0.9103,0,0.2699,-1.0515,-1.3797,1]},
{"frame":301,"values":[-1,0,0,0,0,-0.8579,-0.5137,0,0,-0.5137,0.8579,0,0.2699,-0.8476,-1.3832,1]},
{"frame":302,"values":[-1,0,0,0,0,-0.7941,-0.6077,0,0,-0.6077,0.7941,0,0.2699,-0.4581,-1.3411,1]},
{"frame":303,"values":[-1,0,0,0,0,-0.8404,-0.542,0,0,-0.542,0.8404,0,0.2664,-0.1165,-1.2064,1]},
{"frame":304,"values":[-1,0,0,0,0,-0.9403,-0.3402,0,0,-0.3402,0.9403,0,0.2566,0.2464,-1.0108,1]},
{"frame":305,"values":[-1,0,0,0,0,-0.9952,-0.0981,0,0,-0.0981,0.9952,0,0.2462,0.587,-0.826,1]},
{"frame":306,"values":[-1,0,0,0,0,-0.9722,0.2341,0,0,0.2341,0.9722,0,0.2373,0.888,-0.6479,1]},
{"frame":307,"values":[-1,0,0,0,0,-0.9047,0.4261,0,0,0.4261,0.9047,0,0.2262,1.1761,-0.5251,1]},
{"frame":308,"values":[-1,0,0,0,0,-0.9229,0.385,0,0,0.385,0.9229,0,0.2132,1.4807,-0.5417,1]},
{"frame":309,"values":[-1,0,0,0,0,-0.9737,0.2279,0,0,0.2279,0.9737,0,0.196,1.3654,-0.4246,1]},
{"frame":310,"values":[-1,0,0,0,0,-0.9969,-0.0783,0,0,-0.0783,0.9969,0,0.1715,1.2165,-0.1367,1]},
{"frame":311,"values":[-1,0,0,0,0,-0.9992,-0.04,0,0,-0.04,0.9992,0,0.1779,0.9425,-0.0917,1]},
{"frame":312,"values":[-1,0,0,0,0,-1,-0.0017,0,0,-0.0017,1,0,0.1915,0.613,-0.1065,1]},
{"frame":313,"values":[-1,0,0,0,0,-0.9986,-0.0532,0,0,-0.0532,0.9986,0,0.2047,0.2226,-0.1297,1]},
{"frame":314,"values":[-1,0,0,0,0,-0.9866,-0.1631,0,0,-0.1631,0.9866,0,0.2196,-0.204,-0.1803,1]},
{"frame":315,"values":[-1,0,0,0,0,-0.9769,-0.2138,0,0,-0.2138,0.9769,0,0.2355,-0.5396,-0.2838,1]},
{"frame":316,"values":[-1,0,0,0,0,-0.9993,0.0379,0,0,0.0379,0.9993,0,0.2545,-0.7367,-0.4556,1]},
{"frame":317,"values":[-1,0,0,0,0,-0.9579,0.2871,0,0,0.2871,0.9579,0,0.2699,-0.8562,-0.6738,1]},
{"frame":318,"values":[-1,0,0,0,0,-0.9925,0.1223,0,0,0.1223,0.9925,0,0.2767,-0.9946,-0.8849,1]},
{"frame":319,"values":[-1,0,0,0,0,-0.9828,-0.1844,0,0,-0.1844,0.9828,0,0.2776,-1.0954,-1.1108,1]},
{"frame":320,"values":[-1,0,0,0,0,-0.9103,-0.4139,0,0,-0.4139,0.9103,0,0.2699,-1.0515,-1.3797,1]},
{"frame":330,"values":[-1,0,0,0,0,-0.9103,-0.4139,0,0,-0.4139,0.9103,0,0.2699,-1.0515,-1.3797,1]},
{"frame":331,"values":[-1,0,0,0,0,-0.8579,-0.5137,0,0,-0.5137,0.8579,0,0.2699,-0.8476,-1.3832,1]},
{"frame":332,"values":[-1,0,0,0,0,-0.7941,-0.6077,0,0,-0.6077,0.7941,0,0.2699,-0.4581,-1.3411,1]},
{"frame":333,"values":[-1,0,0,0,0,-0.8404,-0.542,0,0,-0.542,0.8404,0,0.2664,-0.1165,-1.2064,1]},
{"frame":334,"values":[-1,0,0,0,0,-0.9403,-0.3402,0,0,-0.3402,0.9403,0,0.2566,0.2464,-1.0108,1]},
{"frame":335,"values":[-1,0,0,0,0,-0.9952,-0.0981,0,0,-0.0981,0.9952,0,0.2462,0.587,-0.826,1]},
{"frame":336,"values":[-1,0,0,0,0,-0.9722,0.2341,0,0,0.2341,0.9722,0,0.2373,0.888,-0.6479,1]},
{"frame":337,"values":[-1,0,0,0,0,-0.9047,0.4261,0,0,0.4261,0.9047,0,0.2262,1.1761,-0.5251,1]},
{"frame":338,"values":[-1,0,0,0,0,-0.9229,0.385,0,0,0.385,0.9229,0,0.2132,1.4807,-0.5417,1]},
{"frame":339,"values":[-1,0,0,0,0,-0.9737,0.2279,0,0,0.2279,0.9737,0,0.196,1.3654,-0.4246,1]},
{"frame":340,"values":[-1,0,0,0,0,-0.9969,-0.0783,0,0,-0.0783,0.9969,0,0.1715,1.2165,-0.1367,1]},
{"frame":341,"values":[-1,0,0,0,0,-0.9992,-0.04,0,0,-0.04,0.9992,0,0.1779,0.9425,-0.0917,1]},
{"frame":342,"values":[-1,0,0,0,0,-1,-0.0017,0,0,-0.0017,1,0,0.1915,0.613,-0.1065,1]},
{"frame":343,"values":[-1,0,0,0,0,-0.9986,-0.0532,0,0,-0.0532,0.9986,0,0.2047,0.2226,-0.1297,1]},
{"frame":344,"values":[-1,0,0,0,0,-0.9866,-0.1631,0,0,-0.1631,0.9866,0,0.2196,-0.204,-0.1803,1]},
{"frame":345,"values":[-1,0,0,0,0,-0.9769,-0.2138,0,0,-0.2138,0.9769,0,0.2355,-0.5396,-0.2838,1]},
{"frame":346,"values":[-1,0,0,0,0,-0.9993,0.0379,0,0,0.0379,0.9993,0,0.2545,-0.7367,-0.4556,1]},
{"frame":347,"values":[-1,0,0,0,0,-0.9579,0.2871,0,0,0.2871,0.9579,0,0.2699,-0.8562,-0.6738,1]},
{"frame":348,"values":[-1,0,0,0,0,-0.9925,0.1223,0,0,0.1223,0.9925,0,0.2767,-0.9946,-0.8849,1]},
{"frame":349,"values":[-1,0,0,0,0,-0.9828,-0.1844,0,0,-0.1844,0.9828,0,0.2776,-1.0954,-1.1108,1]},
{"frame":350,"values":[-1,0,0,0,0,-0.9103,-0.4139,0,0,-0.4139,0.9103,0,0.2699,-1.0515,-1.3797,1]},
{"frame":360,"values":[-1,0,0,0,0,-0.9103,-0.4139,0,0,-0.4139,0.9103,0,0.2699,-1.0515,-1.3797,1]},
{"frame":361,"values":[-1,0,0,0,0,-0.8579,-0.5137,0,0,-0.5137,0.8579,0,0.2699,-0.8476,-1.3832,1]},
{"frame":362,"values":[-1,0,0,0,0,-0.7941,-0.6077,0,0,-0.6077,0.7941,0,0.2699,-0.4581,-1.3411,1]},
{"frame":363,"values":[-1,0,0,0,0,-0.8404,-0.542,0,0,-0.542,0.8404,0,0.2664,-0.1165,-1.2064,1]},
{"frame":364,"values":[-1,0,0,0,0,-0.9403,-0.3402,0,0,-0.3402,0.9403,0,0.2566,0.2464,-1.0108,1]},
{"frame":365,"values":[-1,0,0,0,0,-0.9952,-0.0981,0,0,-0.0981,0.9952,0,0.2462,0.587,-0.826,1]},
{"frame":366,"values":[-1,0,0,0,0,-0.9722,0.2341,0,0,0.2341,0.9722,0,0.2373,0.888,-0.6479,1]},
{"frame":367,"values":[-1,0,0,0,0,-0.9047,0.4261,0,0,0.4261,0.9047,0,0.2262,1.1761,-0.5251,1]},
{"frame":368,"values":[-1,0,0,0,0,-0.9229,0.385,0,0,0.385,0.9229,0,0.2132,1.4807,-0.5417,1]},
{"frame":369,"values":[-1,0,0,0,0,-0.9737,0.2279,0,0,0.2279,0.9737,0,0.196,1.3654,-0.4246,1]},
{"frame":370,"values":[-1,0,0,0,0,-0.9969,-0.0783,0,0,-0.0783,0.9969,0,0.1715,1.2165,-0.1367,1]},
{"frame":371,"values":[-1,0,0,0,0,-0.9992,-0.04,0,0,-0.04,0.9992,0,0.1779,0.9425,-0.0917,1]},
{"frame":372,"values":[-1,0,0,0,0,-1,-0.0017,0,0,-0.0017,1,0,0.1915,0.613,-0.1065,1]},
{"frame":373,"values":[-1,0,0,0,0,-0.9986,-0.0532,0,0,-0.0532,0.9986,0,0.2047,0.2226,-0.1297,1]},
{"frame":374,"values":[-1,0,0,0,0,-0.9866,-0.1631,0,0,-0.1631,0.9866,0,0.2196,-0.204,-0.1803,1]},
{"frame":375,"values":[-1,0,0,0,0,-0.9769,-0.2138,0,0,-0.2138,0.9769,0,0.2355,-0.5396,-0.2838,1]},
{"frame":376,"values":[-1,0,0,0,0,-0.9993,0.0379,0,0,0.0379,0.9993,0,0.2545,-0.7367,-0.4556,1]},
{"frame":377,"values":[-1,0,0,0,0,-0.9579,0.2871,0,0,0.2871,0.9579,0,0.2699,-0.8562,-0.6738,1]},
{"frame":378,"values":[-1,0,0,0,0,-0.9925,0.1223,0,0,0.1223,0.9925,0,0.2767,-0.9946,-0.8849,1]},
{"frame":379,"values":[-1,0,0,0,0,-0.9828,-0.1844,0,0,-0.1844,0.9828,0,0.2776,-1.0954,-1.1108,1]},
{"frame":380,"values":[-1,0,0,0,0,-0.9103,-0.4139,0,0,-0.4139,0.9103,0,0.2699,-1.0515,-1.3797,1]},
{"frame":390,"values":[-1,0,0,0,0,-0.9103,-0.4139,0,0,-0.4139,0.9103,0,0.2699,-1.0515,-1.3797,1]},
{"frame":391,"values":[-1,0,0,0,0,-0.8579,-0.5137,0,0,-0.5137,0.8579,0,0.2699,-0.8476,-1.3832,1]},
{"frame":392,"values":[-1,0,0,0,0,-0.7941,-0.6077,0,0,-0.6077,0.7941,0,0.2699,-0.4581,-1.3411,1]},
{"frame":393,"values":[-1,0,0,0,0,-0.8404,-0.542,0,0,-0.542,0.8404,0,0.2664,-0.1165,-1.2064,1]},
{"frame":394,"values":[-1,0,0,0,0,-0.9403,-0.3402,0,0,-0.3402,0.9403,0,0.2566,0.2464,-1.0108,1]},
{"frame":395,"values":[-1,0,0,0,0,-0.9952,-0.0981,0,0,-0.0981,0.9952,0,0.2462,0.587,-0.826,1]},
{"frame":396,"values":[-1,0,0,0,0,-0.9722,0.2341,0,0,0.2341,0.9722,0,0.2373,0.888,-0.6479,1]},
{"frame":397,"values":[-1,0,0,0,0,-0.9047,0.4261,0,0,0.4261,0.9047,0,0.2262,1.1761,-0.5251,1]},
{"frame":398,"values":[-1,0,0,0,0,-0.9229,0.385,0,0,0.385,0.9229,0,0.2132,1.4807,-0.5417,1]},
{"frame":399,"values":[-1,0,0,0,0,-0.9737,0.2279,0,0,0.2279,0.9737,0,0.196,1.3654,-0.4246,1]},
{"frame":400,"values":[-1,0,0,0,0,-0.9969,-0.0783,0,0,-0.0783,0.9969,0,0.1715,1.2165,-0.1367,1]},
{"frame":401,"values":[-1,0,0,0,0,-0.9992,-0.04,0,0,-0.04,0.9992,0,0.1779,0.9425,-0.0917,1]},
{"frame":402,"values":[-1,0,0,0,0,-1,-0.0017,0,0,-0.0017,1,0,0.1915,0.613,-0.1065,1]},
{"frame":403,"values":[-1,0,0,0,0,-0.9986,-0.0532,0,0,-0.0532,0.9986,0,0.2047,0.2226,-0.1297,1]},
{"frame":404,"values":[-1,0,0,0,0,-0.9866,-0.1631,0,0,-0.1631,0.9866,0,0.2196,-0.204,-0.1803,1]},
{"frame":405,"values":[-1,0,0,0,0,-0.9769,-0.2138,0,0,-0.2138,0.9769,0,0.2355,-0.5396,-0.2838,1]},
{"frame":406,"values":[-1,0,0,0,0,-0.9993,0.0379,0,0,0.0379,0.9993,0,0.2545,-0.7367,-0.4556,1]},
{"frame":407,"values":[-1,0,0,0,0,-0.9579,0.2871,0,0,0.2871,0.9579,0,0.2699,-0.8562,-0.6738,1]},
{"frame":408,"values":[-1,0,0,0,0,-0.9925,0.1223,0,0,0.1223,0.9925,0,0.2767,-0.9946,-0.8849,1]},
{"frame":409,"values":[-1,0,0,0,0,-0.9828,-0.1844,0,0,-0.1844,0.9828,0,0.2776,-1.0954,-1.1108,1]},
{"frame":410,"values":[-1,0,0,0,0,-0.9103,-0.4139,0,0,-0.4139,0.9103,0,0.2699,-1.0515,-1.3797,1]},
{"frame":420,"values":[-1,0,0,0,0,-0.9103,-0.4139,0,0,-0.4139,0.9103,0,0.2699,-1.0515,-1.3797,1]},
{"frame":421,"values":[-1,0,0,0,0,-0.8579,-0.5137,0,0,-0.5137,0.8579,0,0.2699,-0.8476,-1.3832,1]},
{"frame":422,"values":[-1,0,0,0,0,-0.7941,-0.6077,0,0,-0.6077,0.7941,0,0.2699,-0.4581,-1.3411,1]},
{"frame":423,"values":[-1,0,0,0,0,-0.8404,-0.542,0,0,-0.542,0.8404,0,0.2664,-0.1165,-1.2064,1]},
{"frame":424,"values":[-1,0,0,0,0,-0.9403,-0.3402,0,0,-0.3402,0.9403,0,0.2566,0.2464,-1.0108,1]},
{"frame":425,"values":[-1,0,0,0,0,-0.9952,-0.0981,0,0,-0.0981,0.9952,0,0.2462,0.587,-0.826,1]},
{"frame":426,"values":[-1,0,0,0,0,-0.9722,0.2341,0,0,0.2341,0.9722,0,0.2373,0.888,-0.6479,1]},
{"frame":427,"values":[-1,0,0,0,0,-0.9047,0.4261,0,0,0.4261,0.9047,0,0.2262,1.1761,-0.5251,1]},
{"frame":428,"values":[-1,0,0,0,0,-0.9229,0.385,0,0,0.385,0.9229,0,0.2132,1.4807,-0.5417,1]},
{"frame":429,"values":[-1,0,0,0,0,-0.9737,0.2279,0,0,0.2279,0.9737,0,0.196,1.3654,-0.4246,1]},
{"frame":430,"values":[-1,0,0,0,0,-0.9969,-0.0783,0,0,-0.0783,0.9969,0,0.1715,1.2165,-0.1367,1]},
{"frame":431,"values":[-1,0,0,0,0,-0.9992,-0.04,0,0,-0.04,0.9992,0,0.1779,0.9425,-0.0917,1]},
{"frame":432,"values":[-1,0,0,0,0,-1,-0.0017,0,0,-0.0017,1,0,0.1915,0.613,-0.1065,1]},
{"frame":433,"values":[-1,0,0,0,0,-0.9986,-0.0532,0,0,-0.0532,0.9986,0,0.2047,0.2226,-0.1297,1]},
{"frame":434,"values":[-1,0,0,0,0,-0.9866,-0.1631,0,0,-0.1631,0.9866,0,0.2196,-0.204,-0.1803,1]},
