// File generated with Tower of Babel version: 5.3-beta on 06/23/17
var __extends = this.__extends || function (d, b) {
    for (var p in b) if (b.hasOwnProperty(p)) d[p] = b[p];
    function __() { this.constructor = d; }
    d.prototype = b === null ? Object.create(b) : (__.prototype = b.prototype, new __());
};
var worm;
(function (worm) {
    var _B = BABYLON;
    var _M = _B.Matrix.FromValues;
    var _Q = _B.Quaternion;
    var _V = _B.Vector3;
    function CONTIG(array, offset, begin, end) {
        for(var i = 0, len = 1 + end - begin; i < len; i++) {
            array[offset + i] = begin + i;
        }
    }
    function REPEAT(array, offset, nRepeats, val) {
        for(var i = 0; i < nRepeats; i++) {
            array[offset + i] = val;
        }
    }
    function UNPACK(compressed) {
        var len = compressed.length * 4;
        ret = new Float32Array(compressed.length * 4);
        for(var i = 0, j = 0; i < len; i += 4, j++) {
            ret[i    ] =  compressed[j] & 0x000000FF;
            ret[i + 1] = (compressed[j] & 0x0000FF00) >> 8;
            ret[i + 2] = (compressed[j] & 0x00FF0000) >> 16;
            ret[i + 3] =  compressed[j] >> 24;
        }
        return ret;
    }

    function initScene(scene, resourcesRootDir, positionOffset) {
        if (!resourcesRootDir) { resourcesRootDir = "./"; }
        if (!positionOffset) { positionOffset = null; }
        scene.autoClear = true;
        scene.clearColor    = new _B.Color3(.0509,.0509,.0509);
        scene.ambientColor  = new _B.Color3(0,0,0);
        scene.gravity = new _V(0,-9.81,0);

        // define materials before meshes
        defineMaterials(scene, resourcesRootDir);

        // instance all root meshes
        var mesh;
        if (typeof (TOWER_OF_BABEL) !== 'undefined'){
            TOWER_OF_BABEL.MeshFactory.MODULES.push(new MeshFactory(scene));
            mesh = TOWER_OF_BABEL.MeshFactory.instance("worm", "Worm", true);
            if (positionOffset) mesh.position.addInPlace(positionOffset);
        } else {
            mesh = new Worm("Worm", scene);
            if (positionOffset) mesh.position.addInPlace(positionOffset);
        }
    }
    worm.initScene = initScene;
    var meshLib = new Array(1);
    var cloneCount = 1;

    var originalVerts = 0;
    var clonedVerts = 0;
    var MeshFactory = (function () {
        function MeshFactory(_scene, materialsRootDir) {
            this._scene = _scene;
            if (!materialsRootDir) { materialsRootDir = "./"; }
            defineMaterials(_scene, materialsRootDir); //embedded version check
        }

        MeshFactory.prototype.getModuleName = function () { return "worm";};

        MeshFactory.prototype.instance = function (meshName, cloneSkeleton) {
            var ret = null;
            var src;
            switch (meshName){
                case "Worm":
                    src = getViable(0);
                    if (src === null){
                        ret = new Worm("Worm", this._scene);
                        originalVerts += ret.getTotalVertices();
                        meshLib[0].push(ret);
                    }else{
                        ret = new Worm("Worm" + "_" + cloneCount++, this._scene, null, src);
                        clonedVerts += ret.getTotalVertices();
                    }
                    break;
            }
            if (ret !== null){
                if (cloneSkeleton && src && src.skeleton){
                    var skelName = src.skeleton.name + cloneCount;
                    ret.skeleton = src.skeleton.clone(skelName, skelName);
                }
            }
            else _B.Tools.Error("Mesh not found: " + meshName);
            return ret;
        };
        return MeshFactory;
    })();
    worm.MeshFactory = MeshFactory;
    function getViable(libIdx, isNode) {
        var meshes = meshLib[libIdx];
        if (!meshes || meshes === null){
            if (!meshes) meshLib[libIdx] = new Array();
            return null;
        }

        for (var i = meshes.length - 1; i >= 0; i--){
            if (meshes[i].geometry || isNode) return meshes[i];
        }
        return null;
    }

    function clean(libIdx) {
        var meshes = meshLib[libIdx];
        if (!meshes  || meshes === null) return;

        var stillViable = false;
        for (var i = meshes.length - 1; i >= 0; i--){
            if (!meshes[i].geometry) meshes[i] = null;
            else stillViable = true;
        }
        if (!stillViable) meshLib[libIdx] = null;
    }

    function getStats() { return [cloneCount, originalVerts, clonedVerts]; }
    worm.getStats = getStats;


    var waitingMeshes = [];
    var pendingTextures = 0;
    function onTexturesLoaded(){
        if (--pendingTextures > 0) return;
        for (var i = 0, len = waitingMeshes.length; i < len; i++){
            if (typeof waitingMeshes[i].grandEntrance == "function") waitingMeshes[i].grandEntrance();
            else makeVisible(waitingMeshes[i]);
        }
        waitingMeshes = [];
        matLoaded = true;
    }

    function makeVisible(mesh){
        var children = mesh.getChildMeshes();
        mesh.isVisible = true;
        for (var i = 0, len = children.length; i < len; i++){
            children[i].isVisible = true;
        }
    }

    var aheadQueued = false;
    function matReadAhead(materialsRootDir) {
        if (aheadQueued) return;
        var txBuffer;
        var fName;

        fName = "worm.png";
        if (!TOWER_OF_BABEL.Preloader.findTextureBuffer(fName)) {
            txtBuffer = new TOWER_OF_BABEL.TextureBuffer(materialsRootDir, fName);
            txtBuffer.hasAlpha = true;
            txtBuffer.level = 1;
            txtBuffer.coordinatesIndex = 0;
            txtBuffer.coordinatesMode = 0;
            txtBuffer.uOffset = 0;
            txtBuffer.vOffset = 0;
            txtBuffer.uScale = 1;
            txtBuffer.vScale = 1;
            txtBuffer.uAng = 0;
            txtBuffer.vAng = 0;
            txtBuffer.wAng = 0;
            txtBuffer.wrapU = 1;
            txtBuffer.wrapV = 1;
            pendingTextures++;
            TOWER_OF_BABEL.Preloader.addtextureBuffer(txtBuffer);
        }

        aheadQueued = true;
    }
    worm.matReadAhead = matReadAhead;

    var matLoaded = false;
    function defineMaterials(scene, materialsRootDir) {
        if (!materialsRootDir) { materialsRootDir = "./"; }
        if (materialsRootDir.lastIndexOf("/") + 1  !== materialsRootDir.length) { materialsRootDir  += "/"; }
        TOWER_OF_BABEL.Preloader.SCENE = scene;
        matReadAhead(materialsRootDir);
        var material;
        var texture;
        var txBuffer;


        material = scene.getMaterialByID("worm.Material");
        if (!material){
            material = new _B.StandardMaterial("worm.Material", scene);
            material.ambientColor  = new _B.Color3(.8,.8,.8);
            material.diffuseColor  = new _B.Color3(.64,.64,.64);
            material.emissiveColor = new _B.Color3(0,0,0);
            material.specularColor = new _B.Color3(0,0,0);
            material.specularPower = 50;
            material.alpha =  1;
            material.backFaceCulling = true;
            material.checkReadyOnlyOnce = false;
            material.maxSimultaneousLights = 4;
        txtBuffer = TOWER_OF_BABEL.Preloader.findTextureBuffer("worm.png");
        txtBuffer.applyWhenReady(material, TOWER_OF_BABEL.TextureBuffer.DIFFUSE_TEX, onTexturesLoaded);
        } else material.markDirty();
        if (pendingTextures === 0) matLoaded = true;
    }
    worm.defineMaterials = defineMaterials;

    function skel_Armature(name, scene){
        var bone;
        var animation;

        var skeleton = new QI.Skeleton(name, "0", scene);
        skeleton.dimensionsAtRest = new _V(0,0,4.5054);
        bone = new QI.Bone("Bone", skeleton,null, _M(1,0,0,0,0,0,-1,0,0,-1,0,0,0,0,2.1029,1), _M(1,0,0,0,0,0,-1,0,0,-1,0,0,0,0,2.1029,1));
        bone.length = 1.0864;
        animation = new _B.Animation("anim", "_matrix", 24, 3, 1);
        animation.setKeys([
        {frame: 1, value: _M(1,0,0,0,0,0,-1,0,0,-1,0,0,0,0,2.1029,1)},
        {frame: 11, value: _M(1,0,0,0,0,0,-1,0,0,-1,0,0,0,0,2.0319,1)},
        {frame: 12, value: _M(1,0,0,0,0,0,-1,0,0,-1,0,0,0,0,1.8252,1)},
        {frame: 13, value: _M(1,0,0,0,0,0,-1,0,0,-1,0,0,0,0,1.5282,1)},
        {frame: 14, value: _M(1,0,0,0,0,0,-1,0,0,-1,0,0,0,0,1.2312,1)},
        {frame: 15, value: _M(1,0,0,0,0,0,-1,0,0,-1,0,0,0,0,1.0245,1)},
        {frame: 16, value: _M(1,0,0,0,0,0,-1,0,0,-1,0,0,0,0,.9535,1)},
        {frame: 17, value: _M(1,0,0,0,0,0,-1,0,0,-1,0,0,0,0,.985,1)},
        {frame: 18, value: _M(1,0,0,0,0,0,-1,0,0,-1,0,0,0,0,1.0795,1)},
        {frame: 19, value: _M(1,0,0,0,0,0,-1,0,0,-1,0,0,0,0,1.2312,1)},
        {frame: 20, value: _M(1,0,0,0,0,0,-1,0,0,-1,0,0,0,0,1.4241,1)},
        {frame: 21, value: _M(1,0,0,0,0,0,-1,0,0,-1,0,0,0,0,1.6323,1)},
        {frame: 22, value: _M(1,0,0,0,0,0,-1,0,0,-1,0,0,0,0,1.8252,1)},
        {frame: 23, value: _M(1,0,0,0,0,0,-1,0,0,-1,0,0,0,0,1.9769,1)},
        {frame: 24, value: _M(1,0,0,0,0,0,-1,0,0,-1,0,0,0,0,2.0714,1)},
        {frame: 25, value: _M(1,0,0,0,0,0,-1,0,0,-1,0,0,0,0,2.1029,1)},
        {frame: 31, value: _M(1,0,0,0,0,0,-1,0,0,-1,0,0,0,0,2.1029,1)},
        {frame: 32, value: _M(.996,.0794,-.0408,0,-.0441,.0408,-.9982,0,.0776,-.996,-.0441,0,0,0,2.048,1)},
        {frame: 33, value: _M(.9323,.3322,-.1431,0,-.1998,.1431,-.9693,0,.3016,-.9323,-.1998,0,0,0,1.8884,1)},
        {frame: 34, value: _M(.6917,.6917,-.2075,0,-.4655,.2075,-.8604,0,.5521,-.6917,-.4655,0,0,0,1.6589,1)},
        {frame: 35, value: _M(.3322,.9323,-.1431,0,-.7021,.1431,-.6975,0,.6298,-.3322,-.7021,0,0,0,1.4294,1)},
        {frame: 36, value: _M(.0794,.996,-.0408,0,-.8114,.0408,-.583,0,.579,-.0794,-.8114,0,0,0,1.2697,1)},
        {frame: 37, value: _M(0,1,0,0,-.8371,0,-.5471,0,.5471,0,-.8371,0,0,0,1.2149,1)},
        {frame: 54, value: _M(0,1,0,0,-.8371,0,-.5471,0,.5471,0,-.8371,0,0,0,1.2149,1)},
        {frame: 61, value: _M(1,0,0,0,0,0,-1,0,0,-1,0,0,0,0,2.1029,1)},
        {frame: 62, value: _M(1,0,0,0,0,0,-1,0,0,-1,0,0,0,0,2.1029,1)},
        {frame: 71, value: _M(1,0,0,0,0,0,-1,0,0,-1,0,0,0,0,2.1029,1)},
        {frame: 72, value: _M(1,0,0,0,0,0,-1,0,0,-1,0,0,0,0,2.1033,1)},
        {frame: 73, value: _M(1,0,0,0,0,0,-1,0,0,-1,0,0,0,0,2.1045,1)},
        {frame: 74, value: _M(1,0,0,0,0,0,-1,0,0,-1,0,0,0,0,2.1066,1)},
        {frame: 75, value: _M(1,0,0,0,0,0,-1,0,0,-1,0,0,0,0,2.1095,1)},
        {frame: 76, value: _M(1,0,0,0,0,0,-1,0,0,-1,0,0,0,0,2.1132,1)},
        {frame: 77, value: _M(1,0,0,0,0,0,-1,0,0,-1,0,0,0,0,2.1177,1)},
        {frame: 78, value: _M(1,0,0,0,0,0,-1,0,0,-1,0,0,0,0,2.1229,1)},
        {frame: 79, value: _M(1,0,0,0,0,0,-1,0,0,-1,0,0,0,0,2.129,1)},
        {frame: 80, value: _M(1,0,0,0,0,0,-1,0,0,-1,0,0,0,0,2.1357,1)},
        {frame: 81, value: _M(1,0,0,0,0,0,-1,0,0,-1,0,0,0,0,2.1429,1)},
        {frame: 82, value: _M(1,0,0,0,0,0,-1,0,0,-1,0,0,0,0,2.1508,1)},
        {frame: 83, value: _M(1,0,0,0,0,0,-1,0,0,-1,0,0,0,0,2.159,1)},
        {frame: 84, value: _M(1,0,0,0,0,0,-1,0,0,-1,0,0,0,0,2.1675,1)},
        {frame: 85, value: _M(1,0,0,0,0,0,-1,0,0,-1,0,0,0,0,2.1763,1)},
        {frame: 86, value: _M(1,0,0,0,0,0,-1,0,0,-1,0,0,0,0,2.1851,1)},
        {frame: 87, value: _M(1,0,0,0,0,0,-1,0,0,-1,0,0,0,0,2.1938,1)},
        {frame: 88, value: _M(1,0,0,0,0,0,-1,0,0,-1,0,0,0,0,2.2023,1)},
        {frame: 89, value: _M(1,0,0,0,0,0,-1,0,0,-1,0,0,0,0,2.2106,1)},
        {frame: 90, value: _M(1,0,0,0,0,0,-1,0,0,-1,0,0,0,0,2.2184,1)},
        {frame: 91, value: _M(1,0,0,0,0,0,-1,0,0,-1,0,0,0,0,2.2257,1)},
        {frame: 92, value: _M(1,0,0,0,0,0,-1,0,0,-1,0,0,0,0,2.2324,1)},
        {frame: 93, value: _M(1,0,0,0,0,0,-1,0,0,-1,0,0,0,0,2.2384,1)},
        {frame: 94, value: _M(1,0,0,0,0,0,-1,0,0,-1,0,0,0,0,2.2436,1)},
        {frame: 95, value: _M(1,0,0,0,0,0,-1,0,0,-1,0,0,0,0,2.2482,1)},
        {frame: 96, value: _M(1,0,0,0,0,0,-1,0,0,-1,0,0,0,0,2.2519,1)},
        {frame: 97, value: _M(1,0,0,0,0,0,-1,0,0,-1,0,0,0,0,2.2547,1)},
        {frame: 98, value: _M(1,0,0,0,0,0,-1,0,0,-1,0,0,0,0,2.2568,1)},
        {frame: 99, value: _M(1,0,0,0,0,0,-1,0,0,-1,0,0,0,0,2.258,1)},
        {frame: 100, value: _M(1,0,0,0,0,0,-1,0,0,-1,0,0,0,0,2.2584,1)},
        {frame: 101, value: _M(1,0,0,0,0,0,-1,0,0,-1,0,0,0,0,2.2581,1)},
        {frame: 102, value: _M(1,0,0,0,0,0,-1,0,0,-1,0,0,0,0,2.2569,1)},
        {frame: 103, value: _M(1,0,0,0,0,0,-1,0,0,-1,0,0,0,0,2.255,1)},
        {frame: 104, value: _M(1,0,0,0,0,0,-1,0,0,-1,0,0,0,0,2.2523,1)},
        {frame: 105, value: _M(1,0,0,0,0,0,-1,0,0,-1,0,0,0,0,2.2488,1)},
        {frame: 106, value: _M(1,0,0,0,0,0,-1,0,0,-1,0,0,0,0,2.2446,1)},
        {frame: 107, value: _M(1,0,0,0,0,0,-1,0,0,-1,0,0,0,0,2.2397,1)},
        {frame: 108, value: _M(1,0,0,0,0,0,-1,0,0,-1,0,0,0,0,2.234,1)},
        {frame: 109, value: _M(1,0,0,0,0,0,-1,0,0,-1,0,0,0,0,2.2277,1)},
        {frame: 110, value: _M(1,0,0,0,0,0,-1,0,0,-1,0,0,0,0,2.2209,1)},
        {frame: 111, value: _M(1,0,0,0,0,0,-1,0,0,-1,0,0,0,0,2.2135,1)},
        {frame: 112, value: _M(1,0,0,0,0,0,-1,0,0,-1,0,0,0,0,2.2057,1)},
        {frame: 113, value: _M(1,0,0,0,0,0,-1,0,0,-1,0,0,0,0,2.1975,1)},
        {frame: 114, value: _M(1,0,0,0,0,0,-1,0,0,-1,0,0,0,0,2.1891,1)},
        {frame: 115, value: _M(1,0,0,0,0,0,-1,0,0,-1,0,0,0,0,2.1807,1)},
        {frame: 116, value: _M(1,0,0,0,0,0,-1,0,0,-1,0,0,0,0,2.1722,1)},
        {frame: 117, value: _M(1,0,0,0,0,0,-1,0,0,-1,0,0,0,0,2.1638,1)},
        {frame: 118, value: _M(1,0,0,0,0,0,-1,0,0,-1,0,0,0,0,2.1557,1)},
        {frame: 119, value: _M(1,0,0,0,0,0,-1,0,0,-1,0,0,0,0,2.1478,1)},
        {frame: 120, value: _M(1,0,0,0,0,0,-1,0,0,-1,0,0,0,0,2.1405,1)},
        {frame: 121, value: _M(1,0,0,0,0,0,-1,0,0,-1,0,0,0,0,2.1336,1)},
        {frame: 122, value: _M(1,0,0,0,0,0,-1,0,0,-1,0,0,0,0,2.1273,1)},
        {frame: 123, value: _M(1,0,0,0,0,0,-1,0,0,-1,0,0,0,0,2.1216,1)},
        {frame: 124, value: _M(1,0,0,0,0,0,-1,0,0,-1,0,0,0,0,2.1167,1)},
        {frame: 125, value: _M(1,0,0,0,0,0,-1,0,0,-1,0,0,0,0,2.1125,1)},
        {frame: 126, value: _M(1,0,0,0,0,0,-1,0,0,-1,0,0,0,0,2.109,1)},
        {frame: 127, value: _M(1,0,0,0,0,0,-1,0,0,-1,0,0,0,0,2.1063,1)},
        {frame: 128, value: _M(1,0,0,0,0,0,-1,0,0,-1,0,0,0,0,2.1044,1)},
        {frame: 129, value: _M(1,0,0,0,0,0,-1,0,0,-1,0,0,0,0,2.1033,1)},
        {frame: 130, value: _M(1,0,0,0,0,0,-1,0,0,-1,0,0,0,0,2.1029,1)},
        {frame: 141, value: _M(1,0,0,0,0,0,-1,0,0,-1,0,0,0,0,2.1029,1)},
        {frame: 142, value: _M(1,0,0,0,0,0,-1,0,0,-1,0,0,0,0,2.0992,1)},
        {frame: 143, value: _M(1,0,0,0,0,0,-1,0,0,-1,0,0,0,0,2.0881,1)},
        {frame: 144, value: _M(1,0,0,0,0,0,-1,0,0,-1,0,0,0,0,2.0702,1)},
        {frame: 145, value: _M(1,0,0,0,0,0,-1,0,0,-1,0,0,0,0,2.0476,1)},
        {frame: 146, value: _M(1,0,0,0,0,0,-1,0,0,-1,0,0,0,0,2.0231,1)},
        {frame: 147, value: _M(1,0,0,0,0,0,-1,0,0,-1,0,0,0,0,2.0004,1)},
        {frame: 148, value: _M(1,0,0,0,0,0,-1,0,0,-1,0,0,0,0,1.9826,1)},
        {frame: 149, value: _M(1,0,0,0,0,0,-1,0,0,-1,0,0,0,0,1.9715,1)},
        {frame: 150, value: _M(1,0,0,0,0,0,-1,0,0,-1,0,0,0,0,1.9678,1)},
        {frame: 151, value: _M(1,0,0,0,0,0,-1,0,0,-1,0,0,0,0,1.9685,1)},
        {frame: 152, value: _M(1,0,0,0,0,0,-1,0,0,-1,0,0,0,0,1.9708,1)},
        {frame: 153, value: _M(1,0,0,0,0,0,-1,0,0,-1,0,0,0,0,1.9746,1)},
        {frame: 154, value: _M(1,0,0,0,0,0,-1,0,0,-1,0,0,0,0,1.9798,1)},
        {frame: 155, value: _M(1,0,0,0,0,0,-1,0,0,-1,0,0,0,0,1.9865,1)},
        {frame: 156, value: _M(1,0,0,0,0,0,-1,0,0,-1,0,0,0,0,1.9945,1)},
        {frame: 157, value: _M(1,0,0,0,0,0,-1,0,0,-1,0,0,0,0,2.0036,1)},
        {frame: 158, value: _M(1,0,0,0,0,0,-1,0,0,-1,0,0,0,0,2.0136,1)},
        {frame: 159, value: _M(1,0,0,0,0,0,-1,0,0,-1,0,0,0,0,2.0243,1)},
        {frame: 160, value: _M(1,0,0,0,0,0,-1,0,0,-1,0,0,0,0,2.0353,1)},
        {frame: 161, value: _M(1,0,0,0,0,0,-1,0,0,-1,0,0,0,0,2.0464,1)},
        {frame: 162, value: _M(1,0,0,0,0,0,-1,0,0,-1,0,0,0,0,2.057,1)},
        {frame: 163, value: _M(1,0,0,0,0,0,-1,0,0,-1,0,0,0,0,2.0671,1)},
        {frame: 164, value: _M(1,0,0,0,0,0,-1,0,0,-1,0,0,0,0,2.0762,1)},
        {frame: 165, value: _M(1,0,0,0,0,0,-1,0,0,-1,0,0,0,0,2.0842,1)},
        {frame: 166, value: _M(1,0,0,0,0,0,-1,0,0,-1,0,0,0,0,2.0909,1)},
        {frame: 167, value: _M(1,0,0,0,0,0,-1,0,0,-1,0,0,0,0,2.0961,1)},
        {frame: 168, value: _M(1,0,0,0,0,0,-1,0,0,-1,0,0,0,0,2.0999,1)},
        {frame: 169, value: _M(1,0,0,0,0,0,-1,0,0,-1,0,0,0,0,2.1021,1)},
        {frame: 170, value: _M(1,0,0,0,0,0,-1,0,0,-1,0,0,0,0,2.1029,1)}
        ]);
        bone.animations.push(animation);

        bone = new QI.Bone("Bone.001", skeleton,skeleton.bones[0], _M(1,0,0,0,0,1,0,0,0,0,1,0,0,1.0864,0,1), _M(1,0,0,0,0,1,0,0,0,0,1,0,0,1.0864,0,1));
        bone.length = 1.01;
        animation = new _B.Animation("anim", "_matrix", 24, 3, 1);
        animation.setKeys([
        {frame: 1, value: _M(1,0,0,0,0,1,0,0,0,0,1,0,0,1.0864,0,1)},
        {frame: 2, value: _M(1,0,0,0,0,.9999,-.0166,0,0,.0166,.9999,0,0,1.0864,0,1)},
        {frame: 3, value: _M(1,0,0,0,0,.9978,-.0665,0,0,.0665,.9978,0,0,1.0864,0,1)},
        {frame: 4, value: _M(1,0,0,0,0,.9892,-.1468,0,0,.1468,.9892,0,0,1.0864,0,1)},
        {frame: 5, value: _M(1,0,0,0,0,.9687,-.2482,0,0,.2482,.9687,0,0,1.0864,0,1)},
        {frame: 6, value: _M(1,0,0,0,0,.9349,-.355,0,0,.355,.9349,0,0,1.0864,0,1)},
        {frame: 7, value: _M(1,0,0,0,0,.8932,-.4497,0,0,.4497,.8932,0,0,1.0864,0,1)},
        {frame: 8, value: _M(1,0,0,0,0,.854,-.5203,0,0,.5203,.854,0,0,1.0864,0,1)},
        {frame: 9, value: _M(1,0,0,0,0,.8269,-.5623,0,0,.5623,.8269,0,0,1.0864,0,1)},
        {frame: 10, value: _M(1,0,0,0,0,.8175,-.5759,0,0,.5759,.8175,0,0,1.0864,0,1)},
        {frame: 11, value: _M(1,0,0,0,0,.8249,-.5653,0,0,.5653,.8249,0,0,1.0864,0,1)},
        {frame: 12, value: _M(1,0,0,0,0,.8467,-.5321,0,0,.5321,.8467,0,0,1.0864,0,1)},
        {frame: 13, value: _M(1,0,0,0,0,.8782,-.4783,0,0,.4783,.8782,0,0,1.0864,0,1)},
        {frame: 14, value: _M(1,0,0,0,0,.9106,-.4133,0,0,.4133,.9106,0,0,1.0864,0,1)},
        {frame: 15, value: _M(1,0,0,0,0,.9363,-.3512,0,0,.3512,.9363,0,0,1.0864,0,1)},
        {frame: 16, value: _M(1,0,0,0,0,.9533,-.3021,0,0,.3021,.9533,0,0,1.0864,0,1)},
        {frame: 17, value: _M(1,0,0,0,0,.9659,-.2591,0,0,.2591,.9659,0,0,1.0864,0,1)},
        {frame: 18, value: _M(1,0,0,0,0,.9771,-.2126,0,0,.2126,.9771,0,0,1.0864,0,1)},
        {frame: 19, value: _M(1,0,0,0,0,.9864,-.1646,0,0,.1646,.9864,0,0,1.0864,0,1)},
        {frame: 20, value: _M(1,0,0,0,0,.993,-.118,0,0,.118,.993,0,0,1.0864,0,1)},
        {frame: 21, value: _M(1,0,0,0,0,.9971,-.0762,0,0,.0762,.9971,0,0,1.0864,0,1)},
        {frame: 22, value: _M(1,0,0,0,0,.9991,-.0423,0,0,.0423,.9991,0,0,1.0864,0,1)},
        {frame: 23, value: _M(1,0,0,0,0,.9998,-.0183,0,0,.0183,.9998,0,0,1.0864,0,1)},
        {frame: 24, value: _M(1,0,0,0,0,1,-.0044,0,0,.0044,1,0,0,1.0864,0,1)},
        {frame: 25, value: _M(1,0,0,0,0,1,0,0,0,0,1,0,0,1.0864,0,1)},
        {frame: 31, value: _M(1,0,0,0,0,1,0,0,0,0,1,0,0,1.0864,0,1)},
        {frame: 32, value: _M(1,0,0,0,0,.9988,.05,0,0,-.05,.9988,0,0,1.0864,0,1)},
        {frame: 33, value: _M(1,0,0,0,0,.9805,.1966,0,0,-.1966,.9805,0,0,1.0864,0,1)},
        {frame: 34, value: _M(1,0,0,0,0,.9154,.4026,0,0,-.4026,.9154,0,0,1.0864,0,1)},
        {frame: 35, value: _M(1,0,0,0,0,.8076,.5897,0,0,-.5897,.8076,0,0,1.0864,0,1)},
        {frame: 36, value: _M(1,0,0,0,0,.7119,.7023,0,0,-.7023,.7119,0,0,1.0864,0,1)},
        {frame: 37, value: _M(1,0,0,0,0,.6759,.737,0,0,-.737,.6759,0,0,1.0864,0,1)},
        {frame: 54, value: _M(1,0,0,0,0,.6759,.737,0,0,-.737,.6759,0,0,1.0864,0,1)},
        {frame: 61, value: _M(1,0,0,0,0,1,0,0,0,0,1,0,0,1.0864,0,1)},
        {frame: 62, value: _M(1,0,0,0,0,1,0,0,0,0,1,0,0,1.0864,0,1)},
        {frame: 71, value: _M(1,0,0,0,0,1,0,0,0,0,1,0,0,1.0864,0,1)},
        {frame: 72, value: _M(1.0003,0,0,0,0,1.0003,0,0,0,0,1.0003,0,0,1.0864,0,1)},
        {frame: 73, value: _M(1.0011,0,0,0,0,1.0011,0,0,0,0,1.0011,0,0,1.0864,0,1)},
        {frame: 74, value: _M(1.0025,0,0,0,0,1.0025,0,0,0,0,1.0025,0,0,1.0864,0,1)},
        {frame: 75, value: _M(1.0044,0,0,0,0,1.0044,0,0,0,0,1.0044,0,0,1.0864,0,1)},
        {frame: 76, value: _M(1.0068,0,0,0,0,1.0068,0,0,0,0,1.0068,0,0,1.0864,0,1)},
        {frame: 77, value: _M(1.0098,0,0,0,0,1.0098,0,0,0,0,1.0098,0,0,1.0864,0,1)},
        {frame: 78, value: _M(1.0133,0,0,0,0,1.0133,0,0,0,0,1.0133,0,0,1.0864,0,1)},
        {frame: 79, value: _M(1.0173,0,0,0,0,1.0173,0,0,0,0,1.0173,0,0,1.0864,0,1)},
        {frame: 80, value: _M(1.0218,0,0,0,0,1.0218,0,0,0,0,1.0218,0,0,1.0864,0,1)},
        {frame: 81, value: _M(1.0266,0,0,0,0,1.0266,0,0,0,0,1.0266,0,0,1.0864,0,1)},
        {frame: 82, value: _M(1.0318,0,0,0,0,1.0318,0,0,0,0,1.0318,0,0,1.0864,0,1)},
        {frame: 83, value: _M(1.0373,0,0,0,0,1.0373,0,0,0,0,1.0373,0,0,1.0864,0,1)},
        {frame: 84, value: _M(1.043,0,0,0,0,1.043,0,0,0,0,1.043,0,0,1.0864,0,1)},
        {frame: 85, value: _M(1.0488,0,0,0,0,1.0488,0,0,0,0,1.0488,0,0,1.0864,0,1)},
        {frame: 86, value: _M(1.0546,0,0,0,0,1.0546,0,0,0,0,1.0546,0,0,1.0864,0,1)},
        {frame: 87, value: _M(1.0604,0,0,0,0,1.0604,0,0,0,0,1.0604,0,0,1.0864,0,1)},
        {frame: 88, value: _M(1.0661,0,0,0,0,1.0661,0,0,0,0,1.0661,0,0,1.0864,0,1)},
        {frame: 89, value: _M(1.0716,0,0,0,0,1.0716,0,0,0,0,1.0716,0,0,1.0864,0,1)},
        {frame: 90, value: _M(1.0767,0,0,0,0,1.0767,0,0,0,0,1.0767,0,0,1.0864,0,1)},
        {frame: 91, value: _M(1.0816,0,0,0,0,1.0816,0,0,0,0,1.0816,0,0,1.0864,0,1)},
        {frame: 92, value: _M(1.086,0,0,0,0,1.086,0,0,0,0,1.086,0,0,1.0864,0,1)},
        {frame: 93, value: _M(1.09,0,0,0,0,1.09,0,0,0,0,1.09,0,0,1.0864,0,1)},
        {frame: 94, value: _M(1.0935,0,0,0,0,1.0935,0,0,0,0,1.0935,0,0,1.0864,0,1)},
        {frame: 95, value: _M(1.0965,0,0,0,0,1.0965,0,0,0,0,1.0965,0,0,1.0864,0,1)},
        {frame: 96, value: _M(1.099,0,0,0,0,1.099,0,0,0,0,1.099,0,0,1.0864,0,1)},
        {frame: 97, value: _M(1.1009,0,0,0,0,1.1009,0,0,0,0,1.1009,0,0,1.0864,0,1)},
        {frame: 98, value: _M(1.1023,0,0,0,0,1.1023,0,0,0,0,1.1023,0,0,1.0864,0,1)},
        {frame: 99, value: _M(1.1031,0,0,0,0,1.1031,0,0,0,0,1.1031,0,0,1.0864,0,1)},
        {frame: 100, value: _M(1.1034,0,0,0,0,1.1034,0,0,0,0,1.1034,0,0,1.0864,0,1)},
        {frame: 101, value: _M(1.1031,0,0,0,0,1.1031,0,0,0,0,1.1031,0,0,1.0864,0,1)},
        {frame: 102, value: _M(1.1024,0,0,0,0,1.1024,0,0,0,0,1.1024,0,0,1.0864,0,1)},
        {frame: 103, value: _M(1.1011,0,0,0,0,1.1011,0,0,0,0,1.1011,0,0,1.0864,0,1)},
        {frame: 104, value: _M(1.0993,0,0,0,0,1.0993,0,0,0,0,1.0993,0,0,1.0864,0,1)},
        {frame: 105, value: _M(1.097,0,0,0,0,1.097,0,0,0,0,1.097,0,0,1.0864,0,1)},
        {frame: 106, value: _M(1.0942,0,0,0,0,1.0942,0,0,0,0,1.0942,0,0,1.0864,0,1)},
        {frame: 107, value: _M(1.0909,0,0,0,0,1.0909,0,0,0,0,1.0909,0,0,1.0864,0,1)},
        {frame: 108, value: _M(1.0872,0,0,0,0,1.0872,0,0,0,0,1.0872,0,0,1.0864,0,1)},
        {frame: 109, value: _M(1.083,0,0,0,0,1.083,0,0,0,0,1.083,0,0,1.0864,0,1)},
        {frame: 110, value: _M(1.0784,0,0,0,0,1.0784,0,0,0,0,1.0784,0,0,1.0864,0,1)},
        {frame: 111, value: _M(1.0735,0,0,0,0,1.0735,0,0,0,0,1.0735,0,0,1.0864,0,1)},
        {frame: 112, value: _M(1.0683,0,0,0,0,1.0683,0,0,0,0,1.0683,0,0,1.0864,0,1)},
        {frame: 113, value: _M(1.0629,0,0,0,0,1.0629,0,0,0,0,1.0629,0,0,1.0864,0,1)},
        {frame: 114, value: _M(1.0573,0,0,0,0,1.0573,0,0,0,0,1.0573,0,0,1.0864,0,1)},
        {frame: 115, value: _M(1.0517,0,0,0,0,1.0517,0,0,0,0,1.0517,0,0,1.0864,0,1)},
        {frame: 116, value: _M(1.046,0,0,0,0,1.046,0,0,0,0,1.046,0,0,1.0864,0,1)},
        {frame: 117, value: _M(1.0405,0,0,0,0,1.0405,0,0,0,0,1.0405,0,0,1.0864,0,1)},
        {frame: 118, value: _M(1.0351,0,0,0,0,1.0351,0,0,0,0,1.0351,0,0,1.0864,0,1)},
        {frame: 119, value: _M(1.0299,0,0,0,0,1.0299,0,0,0,0,1.0299,0,0,1.0864,0,1)},
        {frame: 120, value: _M(1.025,0,0,0,0,1.025,0,0,0,0,1.025,0,0,1.0864,0,1)},
        {frame: 121, value: _M(1.0204,0,0,0,0,1.0204,0,0,0,0,1.0204,0,0,1.0864,0,1)},
        {frame: 122, value: _M(1.0162,0,0,0,0,1.0162,0,0,0,0,1.0162,0,0,1.0864,0,1)},
        {frame: 123, value: _M(1.0125,0,0,0,0,1.0125,0,0,0,0,1.0125,0,0,1.0864,0,1)},
        {frame: 124, value: _M(1.0092,0,0,0,0,1.0092,0,0,0,0,1.0092,0,0,1.0864,0,1)},
        {frame: 125, value: _M(1.0064,0,0,0,0,1.0064,0,0,0,0,1.0064,0,0,1.0864,0,1)},
        {frame: 126, value: _M(1.0041,0,0,0,0,1.0041,0,0,0,0,1.0041,0,0,1.0864,0,1)},
        {frame: 127, value: _M(1.0023,0,0,0,0,1.0023,0,0,0,0,1.0023,0,0,1.0864,0,1)},
        {frame: 128, value: _M(1.001,0,0,0,0,1.001,0,0,0,0,1.001,0,0,1.0864,0,1)},
        {frame: 129, value: _M(1.0003,0,0,0,0,1.0003,0,0,0,0,1.0003,0,0,1.0864,0,1)},
        {frame: 130, value: _M(1,0,0,0,0,1,0,0,0,0,1,0,0,1.0864,0,1)},
        {frame: 141, value: _M(1,0,0,0,0,1,0,0,0,0,1,0,0,1.0864,0,1)},
        {frame: 142, value: _M(1,0,0,0,0,.9999,-.0166,0,0,.0166,.9999,0,0,1.0864,0,1)},
        {frame: 143, value: _M(1,0,0,0,0,.9978,-.0665,0,0,.0665,.9978,0,0,1.0864,0,1)},
        {frame: 144, value: _M(1,0,0,0,0,.9892,-.1468,0,0,.1468,.9892,0,0,1.0864,0,1)},
        {frame: 145, value: _M(1,0,0,0,0,.9687,-.2482,0,0,.2482,.9687,0,0,1.0864,0,1)},
        {frame: 146, value: _M(1,0,0,0,0,.9349,-.355,0,0,.355,.9349,0,0,1.0864,0,1)},
        {frame: 147, value: _M(1,0,0,0,0,.8932,-.4497,0,0,.4497,.8932,0,0,1.0864,0,1)},
        {frame: 148, value: _M(1,0,0,0,0,.854,-.5203,0,0,.5203,.854,0,0,1.0864,0,1)},
        {frame: 149, value: _M(1,0,0,0,0,.8269,-.5623,0,0,.5623,.8269,0,0,1.0864,0,1)},
        {frame: 150, value: _M(1,0,0,0,0,.8175,-.5759,0,0,.5759,.8175,0,0,1.0864,0,1)},
        {frame: 151, value: _M(1,0,0,0,0,.8194,-.5732,0,0,.5732,.8194,0,0,1.0864,0,1)},
        {frame: 152, value: _M(1,0,0,0,0,.8252,-.5649,0,0,.5649,.8252,0,0,1.0864,0,1)},
        {frame: 153, value: _M(1,0,0,0,0,.8346,-.5509,0,0,.5509,.8346,0,0,1.0864,0,1)},
        {frame: 154, value: _M(1,0,0,0,0,.8473,-.531,0,0,.531,.8473,0,0,1.0864,0,1)},
        {frame: 155, value: _M(1,0,0,0,0,.863,-.5053,0,0,.5053,.863,0,0,1.0864,0,1)},
        {frame: 156, value: _M(1,0,0,0,0,.8807,-.4737,0,0,.4737,.8807,0,0,1.0864,0,1)},
        {frame: 157, value: _M(1,0,0,0,0,.8996,-.4368,0,0,.4368,.8996,0,0,1.0864,0,1)},
        {frame: 158, value: _M(1,0,0,0,0,.9186,-.3951,0,0,.3951,.9186,0,0,1.0864,0,1)},
        {frame: 159, value: _M(1,0,0,0,0,.9368,-.3498,0,0,.3498,.9368,0,0,1.0864,0,1)},
        {frame: 160, value: _M(1,0,0,0,0,.9533,-.3021,0,0,.3021,.9533,0,0,1.0864,0,1)},
        {frame: 161, value: _M(1,0,0,0,0,.9673,-.2536,0,0,.2536,.9673,0,0,1.0864,0,1)},
        {frame: 162, value: _M(1,0,0,0,0,.9785,-.206,0,0,.206,.9785,0,0,1.0864,0,1)},
        {frame: 163, value: _M(1,0,0,0,0,.987,-.161,0,0,.161,.987,0,0,1.0864,0,1)},
        {frame: 164, value: _M(1,0,0,0,0,.9928,-.1199,0,0,.1199,.9928,0,0,1.0864,0,1)},
        {frame: 165, value: _M(1,0,0,0,0,.9965,-.0839,0,0,.0839,.9965,0,0,1.0864,0,1)},
        {frame: 166, value: _M(1,0,0,0,0,.9985,-.0539,0,0,.0539,.9985,0,0,1.0864,0,1)},
        {frame: 167, value: _M(1,0,0,0,0,.9995,-.0303,0,0,.0303,.9995,0,0,1.0864,0,1)},
        {frame: 168, value: _M(1,0,0,0,0,.9999,-.0134,0,0,.0134,.9999,0,0,1.0864,0,1)},
        {frame: 169, value: _M(1,0,0,0,0,1,-.0033,0,0,.0033,1,0,0,1.0864,0,1)},
        {frame: 170, value: _M(1,0,0,0,0,1,0,0,0,0,1,0,0,1.0864,0,1)}
        ]);
        bone.animations.push(animation);

        bone = new QI.Bone("Bone.002", skeleton,skeleton.bones[1], _M(1,0,0,0,0,1,0,0,0,0,1,0,0,1.01,0,1), _M(1,0,0,0,0,1,0,0,0,0,1,0,0,1.01,0,1));
        bone.length = 1.0046;
        animation = new _B.Animation("anim", "_matrix", 24, 3, 1);
        animation.setKeys([
        {frame: 1, value: _M(1,0,0,0,0,1,0,0,0,0,1,0,0,1.01,0,1)},
        {frame: 2, value: _M(1,0,0,0,0,.9996,.0289,0,0,-.0289,.9996,0,0,1.01,0,1)},
        {frame: 3, value: _M(1,0,0,0,0,.9932,.1167,0,0,-.1167,.9932,0,0,1.01,0,1)},
        {frame: 4, value: _M(1,0,0,0,0,.9659,.2589,0,0,-.2589,.9659,0,0,1.01,0,1)},
        {frame: 5, value: _M(1,0,0,0,0,.9002,.4355,0,0,-.4355,.9002,0,0,1.01,0,1)},
        {frame: 6, value: _M(1,0,0,0,0,.7923,.6101,0,0,-.6101,.7923,0,0,1.01,0,1)},
        {frame: 7, value: _M(1,0,0,0,0,.6638,.7479,0,0,-.7479,.6638,0,0,1.01,0,1)},
        {frame: 8, value: _M(1,0,0,0,0,.5488,.836,0,0,-.836,.5488,0,0,1.01,0,1)},
        {frame: 9, value: _M(1,0,0,0,0,.4731,.881,0,0,-.881,.4731,0,0,1.01,0,1)},
        {frame: 10, value: _M(1,0,0,0,0,.4475,.8943,0,0,-.8943,.4475,0,0,1.01,0,1)},
        {frame: 11, value: _M(1,0,0,0,0,.489,.8723,0,0,-.8723,.489,0,0,1.01,0,1)},
        {frame: 12, value: _M(1,0,0,0,0,.6085,.7935,0,0,-.7935,.6085,0,0,1.01,0,1)},
        {frame: 13, value: _M(1,0,0,0,0,.7679,.6406,0,0,-.6406,.7679,0,0,1.01,0,1)},
        {frame: 14, value: _M(1,0,0,0,0,.8982,.4396,0,0,-.4396,.8982,0,0,1.01,0,1)},
        {frame: 15, value: _M(1,0,0,0,0,.9643,.2647,0,0,-.2647,.9643,0,0,1.01,0,1)},
        {frame: 16, value: _M(1,0,0,0,0,.9855,.1695,0,0,-.1695,.9855,0,0,1.01,0,1)},
        {frame: 17, value: _M(1,0,0,0,0,.9924,.1231,0,0,-.1231,.9924,0,0,1.01,0,1)},
        {frame: 18, value: _M(1,0,0,0,0,.9965,.0837,0,0,-.0837,.9965,0,0,1.01,0,1)},
        {frame: 19, value: _M(1,0,0,0,0,.9986,.0522,0,0,-.0522,.9986,0,0,1.01,0,1)},
        {frame: 20, value: _M(1,0,0,0,0,.9996,.0291,0,0,-.0291,.9996,0,0,1.01,0,1)},
        {frame: 21, value: _M(1,0,0,0,0,.9999,.0139,0,0,-.0139,.9999,0,0,1.01,0,1)},
        {frame: 22, value: _M(1,0,0,0,0,1,.0054,0,0,-.0054,1,0,0,1.01,0,1)},
        {frame: 23, value: _M(1,0,0,0,0,1,.0014,0,0,-.0014,1,0,0,1.01,0,1)},
        {frame: 24, value: _M(1,0,0,0,0,1,.0002,0,0,-.0002,1,0,0,1.01,0,1)},
        {frame: 25, value: _M(1,0,0,0,0,1,0,0,0,0,1,0,0,1.01,0,1)},
        {frame: 31, value: _M(1,0,0,0,0,1,0,0,0,0,1,0,0,1.01,0,1)},
        {frame: 32, value: _M(1,0,0,0,0,.9987,.0503,0,0,-.0503,.9987,0,0,1.01,0,1)},
        {frame: 33, value: _M(1,0,0,0,0,.9798,.1998,0,0,-.1998,.9798,0,0,1.01,0,1)},
        {frame: 34, value: _M(1,0,0,0,0,.9102,.4141,0,0,-.4141,.9102,0,0,1.01,0,1)},
        {frame: 35, value: _M(1,0,0,0,0,.788,.6157,0,0,-.6157,.788,0,0,1.01,0,1)},
        {frame: 36, value: _M(1,0,0,0,0,.6656,.7463,0,0,-.7463,.6656,0,0,1.01,0,1)},
        {frame: 37, value: _M(1,0,0,0,0,.5944,.8041,0,0,-.8041,.5944,0,0,1.01,0,1)},
        {frame: 38, value: _M(1,0,0,0,0,.5575,.8302,0,0,-.8302,.5575,0,0,1.01,0,1)},
        {frame: 39, value: _M(1,0,0,0,0,.5218,.853,0,0,-.853,.5218,0,0,1.01,0,1)},
        {frame: 40, value: _M(1,0,0,0,0,.488,.8728,0,0,-.8728,.488,0,0,1.01,0,1)},
        {frame: 41, value: _M(1,0,0,0,0,.4566,.8897,0,0,-.8897,.4566,0,0,1.01,0,1)},
        {frame: 42, value: _M(1,0,0,0,0,.428,.9038,0,0,-.9038,.428,0,0,1.01,0,1)},
        {frame: 43, value: _M(1,0,0,0,0,.4027,.9153,0,0,-.9153,.4027,0,0,1.01,0,1)},
        {frame: 44, value: _M(1,0,0,0,0,.381,.9246,0,0,-.9246,.381,0,0,1.01,0,1)},
        {frame: 45, value: _M(1,0,0,0,0,.3629,.9318,0,0,-.9318,.3629,0,0,1.01,0,1)},
        {frame: 46, value: _M(1,0,0,0,0,.3484,.9374,0,0,-.9374,.3484,0,0,1.01,0,1)},
        {frame: 47, value: _M(1,0,0,0,0,.3371,.9415,0,0,-.9415,.3371,0,0,1.01,0,1)},
        {frame: 48, value: _M(1,0,0,0,0,.3289,.9444,0,0,-.9444,.3289,0,0,1.01,0,1)},
        {frame: 49, value: _M(1,0,0,0,0,.3232,.9463,0,0,-.9463,.3232,0,0,1.01,0,1)},
        {frame: 50, value: _M(1,0,0,0,0,.3194,.9476,0,0,-.9476,.3194,0,0,1.01,0,1)},
        {frame: 51, value: _M(1,0,0,0,0,.3172,.9484,0,0,-.9484,.3172,0,0,1.01,0,1)},
        {frame: 52, value: _M(1,0,0,0,0,.316,.9488,0,0,-.9488,.316,0,0,1.01,0,1)},
        {frame: 53, value: _M(1,0,0,0,0,.3156,.9489,0,0,-.9489,.3156,0,0,1.01,0,1)},
        {frame: 54, value: _M(1,0,0,0,0,.3155,.9489,0,0,-.9489,.3155,0,0,1.01,0,1)},
        {frame: 61, value: _M(1,0,0,0,0,1,0,0,0,0,1,0,0,1.01,0,1)},
        {frame: 62, value: _M(1,0,0,0,0,1,0,0,0,0,1,0,0,1.01,0,1)},
        {frame: 71, value: _M(1,0,0,0,0,1,0,0,0,0,1,0,0,1.01,0,1)},
        {frame: 130, value: _M(1,0,0,0,0,1,0,0,0,0,1,0,0,1.01,0,1)},
        {frame: 141, value: _M(1,0,0,0,0,1,0,0,0,0,1,0,0,1.01,0,1)},
        {frame: 142, value: _M(1,0,0,0,0,.9996,.0289,0,0,-.0289,.9996,0,0,1.01,0,1)},
        {frame: 143, value: _M(1,0,0,0,0,.9932,.1167,0,0,-.1167,.9932,0,0,1.01,0,1)},
        {frame: 144, value: _M(1,0,0,0,0,.9659,.2589,0,0,-.2589,.9659,0,0,1.01,0,1)},
        {frame: 145, value: _M(1,0,0,0,0,.9002,.4355,0,0,-.4355,.9002,0,0,1.01,0,1)},
        {frame: 146, value: _M(1,0,0,0,0,.7923,.6101,0,0,-.6101,.7923,0,0,1.01,0,1)},
        {frame: 147, value: _M(1,0,0,0,0,.6638,.7479,0,0,-.7479,.6638,0,0,1.01,0,1)},
        {frame: 148, value: _M(1,0,0,0,0,.5488,.836,0,0,-.836,.5488,0,0,1.01,0,1)},
        {frame: 149, value: _M(1,0,0,0,0,.4731,.881,0,0,-.881,.4731,0,0,1.01,0,1)},
        {frame: 150, value: _M(1,0,0,0,0,.4475,.8943,0,0,-.8943,.4475,0,0,1.01,0,1)},
        {frame: 151, value: _M(1,0,0,0,0,.4526,.8917,0,0,-.8917,.4526,0,0,1.01,0,1)},
        {frame: 152, value: _M(1,0,0,0,0,.4683,.8836,0,0,-.8836,.4683,0,0,1.01,0,1)},
        {frame: 153, value: _M(1,0,0,0,0,.4942,.8694,0,0,-.8694,.4942,0,0,1.01,0,1)},
        {frame: 154, value: _M(1,0,0,0,0,.53,.848,0,0,-.848,.53,0,0,1.01,0,1)},
        {frame: 155, value: _M(1,0,0,0,0,.5746,.8184,0,0,-.8184,.5746,0,0,1.01,0,1)},
        {frame: 156, value: _M(1,0,0,0,0,.6264,.7795,0,0,-.7795,.6264,0,0,1.01,0,1)},
        {frame: 157, value: _M(1,0,0,0,0,.683,.7304,0,0,-.7304,.683,0,0,1.01,0,1)},
        {frame: 158, value: _M(1,0,0,0,0,.7415,.671,0,0,-.671,.7415,0,0,1.01,0,1)},
        {frame: 159, value: _M(1,0,0,0,0,.7985,.6021,0,0,-.6021,.7985,0,0,1.01,0,1)},
        {frame: 160, value: _M(1,0,0,0,0,.8507,.5256,0,0,-.5256,.8507,0,0,1.01,0,1)},
        {frame: 161, value: _M(1,0,0,0,0,.8957,.4447,0,0,-.4447,.8957,0,0,1.01,0,1)},
        {frame: 162, value: _M(1,0,0,0,0,.9318,.3629,0,0,-.3629,.9318,0,0,1.01,0,1)},
        {frame: 163, value: _M(1,0,0,0,0,.9588,.284,0,0,-.284,.9588,0,0,1.01,0,1)},
        {frame: 164, value: _M(1,0,0,0,0,.9774,.2114,0,0,-.2114,.9774,0,0,1.01,0,1)},
        {frame: 165, value: _M(1,0,0,0,0,.989,.1476,0,0,-.1476,.989,0,0,1.01,0,1)},
        {frame: 166, value: _M(1,0,0,0,0,.9955,.0945,0,0,-.0945,.9955,0,0,1.01,0,1)},
        {frame: 167, value: _M(1,0,0,0,0,.9986,.0529,0,0,-.0529,.9986,0,0,1.01,0,1)},
        {frame: 168, value: _M(1,0,0,0,0,.9997,.0234,0,0,-.0234,.9997,0,0,1.01,0,1)},
        {frame: 169, value: _M(1,0,0,0,0,1,.0058,0,0,-.0058,1,0,0,1.01,0,1)},
        {frame: 170, value: _M(1,0,0,0,0,1,0,0,0,0,1,0,0,1.01,0,1)}
        ]);
        bone.animations.push(animation);

        bone = new QI.Bone("Bone.003", skeleton,skeleton.bones[2], _M(1,0,0,0,0,1,0,0,0,0,1,0,0,1.0046,0,1), _M(1,0,0,0,0,1,0,0,0,0,1,0,0,1.0046,0,1));
        bone.length = .9776;
        animation = new _B.Animation("anim", "_matrix", 24, 3, 1);
        animation.setKeys([
        {frame: 1, value: _M(1,0,0,0,0,1,0,0,0,0,1,0,0,1.0046,0,1)},
        {frame: 2, value: _M(1,0,0,0,0,1,-.0089,0,0,.0089,1,0,0,1.0046,0,1)},
        {frame: 3, value: _M(1,0,0,0,0,.9994,-.0356,0,0,.0356,.9994,0,0,1.0046,0,1)},
        {frame: 4, value: _M(1,0,0,0,0,.9969,-.0784,0,0,.0784,.9969,0,0,1.0046,0,1)},
        {frame: 5, value: _M(1,0,0,0,0,.9911,-.1329,0,0,.1329,.9911,0,0,1.0046,0,1)},
        {frame: 6, value: _M(1,0,0,0,0,.9816,-.1912,0,0,.1912,.9816,0,0,1.0046,0,1)},
        {frame: 7, value: _M(1,0,0,0,0,.9696,-.2446,0,0,.2446,.9696,0,0,1.0046,0,1)},
        {frame: 8, value: _M(1,0,0,0,0,.9582,-.286,0,0,.286,.9582,0,0,1.0046,0,1)},
        {frame: 9, value: _M(1,0,0,0,0,.9503,-.3115,0,0,.3115,.9503,0,0,1.0046,0,1)},
        {frame: 10, value: _M(1,0,0,0,0,.9474,-.3199,0,0,.3199,.9474,0,0,1.0046,0,1)},
        {frame: 11, value: _M(1,0,0,0,0,.9496,-.3133,0,0,.3133,.9496,0,0,1.0046,0,1)},
        {frame: 12, value: _M(1,0,0,0,0,.9561,-.2931,0,0,.2931,.9561,0,0,1.0046,0,1)},
        {frame: 13, value: _M(1,0,0,0,0,.9653,-.2612,0,0,.2612,.9653,0,0,1.0046,0,1)},
        {frame: 14, value: _M(1,0,0,0,0,.9746,-.2239,0,0,.2239,.9746,0,0,1.0046,0,1)},
        {frame: 15, value: _M(1,0,0,0,0,.982,-.1891,0,0,.1891,.982,0,0,1.0046,0,1)},
        {frame: 16, value: _M(1,0,0,0,0,.9868,-.1621,0,0,.1621,.9868,0,0,1.0046,0,1)},
        {frame: 17, value: _M(1,0,0,0,0,.9903,-.1387,0,0,.1387,.9903,0,0,1.0046,0,1)},
        {frame: 18, value: _M(1,0,0,0,0,.9935,-.1137,0,0,.1137,.9935,0,0,1.0046,0,1)},
        {frame: 19, value: _M(1,0,0,0,0,.9961,-.088,0,0,.088,.9961,0,0,1.0046,0,1)},
        {frame: 20, value: _M(1,0,0,0,0,.998,-.0631,0,0,.0631,.998,0,0,1.0046,0,1)},
        {frame: 21, value: _M(1,0,0,0,0,.9992,-.0407,0,0,.0407,.9992,0,0,1.0046,0,1)},
        {frame: 22, value: _M(1,0,0,0,0,.9997,-.0227,0,0,.0227,.9997,0,0,1.0046,0,1)},
        {frame: 23, value: _M(1,0,0,0,0,1,-.0098,0,0,.0098,1,0,0,1.0046,0,1)},
        {frame: 24, value: _M(1,0,0,0,0,1,-.0024,0,0,.0024,1,0,0,1.0046,0,1)},
        {frame: 25, value: _M(1,0,0,0,0,1,0,0,0,0,1,0,0,1.0046,0,1)},
        {frame: 31, value: _M(1,0,0,0,0,1,0,0,0,0,1,0,0,1.0046,0,1)},
        {frame: 32, value: _M(.9997,.0043,-.0251,0,-.0025,.9975,.0713,0,.0254,-.0712,.9971,0,0,1.0046,0,1)},
        {frame: 33, value: _M(.9948,.0281,-.0983,0,.001,.9586,.2846,0,.1023,-.2833,.9536,0,0,1.0046,0,1)},
        {frame: 34, value: _M(.9768,.0925,-.1931,0,.0368,.8158,.5771,0,.2109,-.5708,.7935,0,0,1.0046,0,1)},
        {frame: 35, value: _M(.9481,.1849,-.2586,0,.1056,.5841,.8048,0,.2998,-.7904,.5343,0,0,1.0046,0,1)},
        {frame: 36, value: _M(.9247,.2581,-.2798,0,.1661,.3878,.9066,0,.3425,-.8849,.3158,0,0,1.0046,0,1)},
        {frame: 37, value: _M(.9163,.2872,-.279,0,.1883,.3058,.9333,0,.3533,-.9078,.2261,0,0,1.0046,0,1)},
        {frame: 38, value: _M(.916,.2933,-.2736,0,.1888,.2867,.9393,0,.3539,-.912,.2072,0,0,1.0046,0,1)},
        {frame: 39, value: _M(.9158,.2988,-.2684,0,.1891,.2687,.9445,0,.3543,-.9157,.1895,0,0,1.0046,0,1)},
        {frame: 40, value: _M(.9156,.3037,-.2634,0,.1894,.252,.949,0,.3546,-.9188,.1732,0,0,1.0046,0,1)},
        {frame: 41, value: _M(.9155,.3081,-.2587,0,.1896,.2368,.9529,0,.3548,-.9214,.1583,0,0,1.0046,0,1)},
        {frame: 42, value: _M(.9154,.3119,-.2544,0,.1897,.2232,.9561,0,.355,-.9235,.1451,0,0,1.0046,0,1)},
        {frame: 43, value: _M(.9154,.315,-.2506,0,.1898,.2113,.9588,0,.355,-.9253,.1336,0,0,1.0046,0,1)},
        {frame: 44, value: _M(.9154,.3176,-.2472,0,.1897,.2012,.961,0,.3549,-.9266,.1239,0,0,1.0046,0,1)},
        {frame: 45, value: _M(.9155,.3196,-.2444,0,.1896,.1929,.9627,0,.3548,-.9277,.116,0,0,1.0046,0,1)},
        {frame: 46, value: _M(.9156,.3211,-.242,0,.1895,.1863,.964,0,.3546,-.9285,.1098,0,0,1.0046,0,1)},
        {frame: 47, value: _M(.9157,.3221,-.2401,0,.1893,.1813,.965,0,.3544,-.9292,.1051,0,0,1.0046,0,1)},
        {frame: 48, value: _M(.9159,.3228,-.2387,0,.1891,.1777,.9657,0,.3542,-.9296,.1017,0,0,1.0046,0,1)},
        {frame: 49, value: _M(.916,.3232,-.2377,0,.1889,.1752,.9662,0,.354,-.93,.0995,0,0,1.0046,0,1)},
        {frame: 50, value: _M(.9161,.3234,-.237,0,.1887,.1737,.9666,0,.3538,-.9302,.0981,0,0,1.0046,0,1)},
        {frame: 51, value: _M(.9162,.3235,-.2365,0,.1885,.1728,.9667,0,.3536,-.9303,.0973,0,0,1.0046,0,1)},
        {frame: 52, value: _M(.9163,.3235,-.2362,0,.1884,.1723,.9668,0,.3535,-.9304,.097,0,0,1.0046,0,1)},
        {frame: 53, value: _M(.9163,.3234,-.2361,0,.1884,.1722,.9669,0,.3534,-.9305,.0969,0,0,1.0046,0,1)},
        {frame: 54, value: _M(.9163,.3234,-.2361,0,.1883,.1722,.9669,0,.3533,-.9305,.0968,0,0,1.0046,0,1)},
        {frame: 61, value: _M(1,0,0,0,0,1,0,0,0,0,1,0,0,1.0046,0,1)},
        {frame: 62, value: _M(1,0,0,0,0,1,0,0,0,0,1,0,0,1.0046,0,1)},
        {frame: 71, value: _M(1,0,0,0,0,1,0,0,0,0,1,0,0,1.0046,0,1)},
