{"producer":{"name":"Blender","version":"2.78 (sub 0)","exporter_version":"5.3-beta","file":"avatar1_animations.babylon"},
"autoClear":true,"clearColor":[0.0509,0.0509,0.0509],"ambientColor":[0,0,0],"gravity":[0,-9.81,0],
"materials":[{"name":"avatar1_animations.hair.001","id":"avatar1_animations.hair.001","ambient":[0.0237,0.0237,0.0237],"diffuse":[0.0237,0.0237,0.0237],"specular":[0,0,0],"emissive":[0,0,0],"specularPower":50,"alpha":1,"backFaceCulling":true,"checkReadyOnlyOnce":false,"maxSimultaneousLights":4},
{"name":"avatar1_animations.skin.002","id":"avatar1_animations.skin.002","ambient":[0.8007,0.5622,0.4194],"diffuse":[0.8007,0.5622,0.4194],"specular":[0,0,0],"emissive":[0,0,0],"specularPower":50,"alpha":1,"backFaceCulling":true,"checkReadyOnlyOnce":false,"maxSimultaneousLights":4}],
"multiMaterials":[{"name":"avatar1_animations.Multimaterial#0","id":"avatar1_animations.Multimaterial#0","materials":["avatar1_animations.hair.001","avatar1_animations.skin.002"]}],
"skeletons":[{"name":"metarig","id":0,"dimensionsAtRest":[1.4547,3.4894,0.9974],"bones":[
{"name":"root","index":0,"matrix":[1,0,0,0,0,0,-1,0,0,-1,0,0,0,0.0266,0.3411,1],"rest":[1,0,0,0,0,0,-1,0,0,-1,0,0,0,0.0266,0.3411,1],"parentBoneIndex":-1,"length":0.8111
,"animation":{"dataType":3,"framePerSecond":24,"keys":[
{"frame":1,"values":[1,0,0,0,0,0,-1,0,0,-1,0,0,0,0.0266,0.3411,1]},
{"frame":2,"values":[1,0,0,0,0,0,-1,0,0,-1,0,0,0,0.0266,0.3411,1]},
{"frame":11,"values":[1,0,0,0,0,0,-1,0,0,-1,0,0,0,0.0266,0.3411,1]},
{"frame":90,"values":[1,0,0,0,0,0,-1,0,0,-1,0,0,0,0.0266,0.3411,1]},
{"frame":101,"values":[1,0,0,0,0,0,-1,0,0,-1,0,0,0,0.0266,0.3411,1]},
{"frame":120,"values":[1,0,0,0,0,0,-1,0,0,-1,0,0,0,0.0266,0.3411,1]}],"loopBehavior":1,"name":"anim","property":"_matrix"}},
{"name":"heel.L","index":1,"matrix":[-1,0,0,0,0,-0.9518,0.3067,0,0,0.3067,0.9518,0,0.2026,0.1634,-0.1455,1],"rest":[-1,0,0,0,0,-0.9518,0.3067,0,0,0.3067,0.9518,0,0.2026,0.1634,-0.1455,1],"parentBoneIndex":0,"length":0.3673
,"animation":{"dataType":3,"framePerSecond":24,"keys":[
{"frame":1,"values":[-1,0,0,0,0,-0.9518,0.3067,0,0,0.3067,0.9518,0,0.2026,0.1634,-0.1455,1]},
{"frame":2,"values":[-1,0,0,0,0,-0.9518,0.3067,0,0,0.3067,0.9518,0,0.2026,0.1634,-0.1455,1]},
{"frame":11,"values":[-1,0,0,0,0,-0.9518,0.3067,0,0,0.3067,0.9518,0,0.2026,0.1634,-0.1455,1]},
{"frame":90,"values":[-1,0,0,0,0,-0.9518,0.3067,0,0,0.3067,0.9518,0,0.2026,0.1634,-0.1455,1]},
{"frame":101,"values":[-1,0,0,0,0,-0.9518,0.3067,0,0,0.3067,0.9518,0,0.2026,0.1634,-0.1455,1]},
{"frame":120,"values":[-1,0,0,0,0,-0.9518,0.3067,0,0,0.3067,0.9518,0,0.2026,0.1634,-0.1455,1]}],"loopBehavior":1,"name":"anim","property":"_matrix"}},
{"name":"foot.L","index":2,"matrix":[-1,0,0,0,0,-0.7132,0.701,0,0,0.701,0.7132,0,0,0,0,1],"rest":[-1,0,0,0,0,-0.7132,0.701,0,0,0.701,0.7132,0,0,0,0,1],"parentBoneIndex":1,"length":0.3349
,"animation":{"dataType":3,"framePerSecond":24,"keys":[
{"frame":1,"values":[-1,0,0,0,0,-0.7132,0.701,0,0,0.701,0.7132,0,0,0,0,1]},
{"frame":2,"values":[-1,0,0,0,0,-0.7132,0.701,0,0,0.701,0.7132,0,0,0,0,1]},
{"frame":11,"values":[-1,0,0,0,0,-0.7132,0.701,0,0,0.701,0.7132,0,0,0,0,1]},
{"frame":90,"values":[-1,0,0,0,0,-0.7132,0.701,0,0,0.701,0.7132,0,0,0,0,1]},
{"frame":101,"values":[-1,0,0,0,0,-0.7132,0.701,0,0,0.701,0.7132,0,0,0,0,1]},
{"frame":120,"values":[-1,0,0,0,0,-0.7132,0.701,0,0,0.701,0.7132,0,0,0,0,1]}],"loopBehavior":1,"name":"anim","property":"_matrix"}},
{"name":"heel.R","index":3,"matrix":[-1,0,0,0,0,-0.9518,0.3067,0,0,0.3067,0.9518,0,-0.2026,0.1634,-0.1455,1],"rest":[-1,0,0,0,0,-0.9518,0.3067,0,0,0.3067,0.9518,0,-0.2026,0.1634,-0.1455,1],"parentBoneIndex":0,"length":0.3673
,"animation":{"dataType":3,"framePerSecond":24,"keys":[
{"frame":1,"values":[-1,0,0,0,0,-0.9518,0.3067,0,0,0.3067,0.9518,0,-0.2026,0.1634,-0.1455,1]},
{"frame":2,"values":[-1,0,0,0,0,-0.9518,0.3067,0,0,0.3067,0.9518,0,-0.2026,0.1634,-0.1455,1]},
{"frame":11,"values":[-1,0,0,0,0,-0.9518,0.3067,0,0,0.3067,0.9518,0,-0.2026,0.1634,-0.1455,1]},
{"frame":90,"values":[-1,0,0,0,0,-0.9518,0.3067,0,0,0.3067,0.9518,0,-0.2026,0.1634,-0.1455,1]},
{"frame":101,"values":[-1,0,0,0,0,-0.9518,0.3067,0,0,0.3067,0.9518,0,-0.2026,0.1634,-0.1455,1]},
{"frame":120,"values":[-1,0,0,0,0,-0.9518,0.3067,0,0,0.3067,0.9518,0,-0.2026,0.1634,-0.1455,1]}],"loopBehavior":1,"name":"anim","property":"_matrix"}},
{"name":"foot.R","index":4,"matrix":[-1,0,0,0,0,-0.7132,0.701,0,0,0.701,0.7132,0,0,0,0,1],"rest":[-1,0,0,0,0,-0.7132,0.701,0,0,0.701,0.7132,0,0,0,0,1],"parentBoneIndex":3,"length":0.3349
,"animation":{"dataType":3,"framePerSecond":24,"keys":[
{"frame":1,"values":[-1,0,0,0,0,-0.7132,0.701,0,0,0.701,0.7132,0,0,0,0,1]},
{"frame":2,"values":[-1,0,0,0,0,-0.7132,0.701,0,0,0.701,0.7132,0,0,0,0,1]},
{"frame":11,"values":[-1,0,0,0,0,-0.7132,0.701,0,0,0.701,0.7132,0,0,0,0,1]},
{"frame":90,"values":[-1,0,0,0,0,-0.7132,0.701,0,0,0.701,0.7132,0,0,0,0,1]},
{"frame":101,"values":[-1,0,0,0,0,-0.7132,0.701,0,0,0.701,0.7132,0,0,0,0,1]},
{"frame":120,"values":[-1,0,0,0,0,-0.7132,0.701,0,0,0.701,0.7132,0,0,0,0,1]}],"loopBehavior":1,"name":"anim","property":"_matrix"}},
{"name":"hips","index":5,"matrix":[1,0,0,0,0,0.102,-0.9948,0,0,0.9948,0.102,0,0,0.1565,-1.8208,1],"rest":[1,0,0,0,0,0.102,-0.9948,0,0,0.9948,0.102,0,0,0.1565,-1.8208,1],"parentBoneIndex":0,"length":0.3084
,"animation":{"dataType":3,"framePerSecond":24,"keys":[
{"frame":1,"values":[1,0,0,0,0,0.102,-0.9948,0,0,0.9948,0.102,0,0,0.1565,-1.8208,1]},
{"frame":2,"values":[1,0,0,0,0,0.102,-0.9948,0,0,0.9948,0.102,0,0,0.1565,-1.8208,1]},
{"frame":11,"values":[1,0,0,0,0,0.102,-0.9948,0,0,0.9948,0.102,0,0,0.1565,-1.8208,1]},
{"frame":90,"values":[1,0,0,0,0,0.102,-0.9948,0,0,0.9948,0.102,0,0,0.1565,-1.8208,1]},
{"frame":101,"values":[1,0,0,0,0,0.102,-0.9948,0,0,0.9948,0.102,0,0,0.1565,-1.8208,1]},
{"frame":120,"values":[1,0,0,0,0,0.102,-0.9948,0,0,0.9948,0.102,0,0,0.1565,-1.8208,1]}],"loopBehavior":1,"name":"anim","property":"_matrix"}},
{"name":"spine","index":6,"matrix":[1,0,0,0,0,0.9946,-0.1037,0,0,0.1037,0.9946,0,0,0.3084,0,1],"rest":[1,0,0,0,0,0.9946,-0.1037,0,0,0.1037,0.9946,0,0,0.3084,0,1],"parentBoneIndex":5,"length":0.2791
,"animation":{"dataType":3,"framePerSecond":24,"keys":[
{"frame":1,"values":[1,0,0,0,0,0.9946,-0.1037,0,0,0.1037,0.9946,0,0,0.3084,0,1]},
{"frame":2,"values":[1,0,0,0,0,0.9946,-0.1037,0,0,0.1037,0.9946,0,0,0.3084,0,1]},
{"frame":11,"values":[1,0,0,0,0,0.9946,-0.1037,0,0,0.1037,0.9946,0,0,0.3084,0,1]},
{"frame":90,"values":[1,0,0,0,0,0.9946,-0.1037,0,0,0.1037,0.9946,0,0,0.3084,0,1]},
{"frame":101,"values":[1,0,0,0,0,0.9946,-0.1037,0,0,0.1037,0.9946,0,0,0.3084,0,1]},
{"frame":120,"values":[1,0,0,0,0,0.9946,-0.1037,0,0,0.1037,0.9946,0,0,0.3084,0,1]}],"loopBehavior":1,"name":"anim","property":"_matrix"}},
{"name":"chest","index":7,"matrix":[1,0,0,0,0,0.9921,-0.1254,0,0,0.1254,0.9921,0,0,0.2791,0,1],"rest":[1,0,0,0,0,0.9921,-0.1254,0,0,0.1254,0.9921,0,0,0.2791,0,1],"parentBoneIndex":6,"length":0.5631
,"animation":{"dataType":3,"framePerSecond":24,"keys":[
{"frame":1,"values":[1,0,0,0,0,0.9921,-0.1254,0,0,0.1254,0.9921,0,0,0.2791,0,1]},
{"frame":2,"values":[1,0,0,0,0,0.9921,-0.1254,0,0,0.1254,0.9921,0,0,0.2791,0,1]},
{"frame":11,"values":[1,0,0,0,0,0.9921,-0.1254,0,0,0.1254,0.9921,0,0,0.2791,0,1]},
{"frame":90,"values":[1,0,0,0,0,0.9921,-0.1254,0,0,0.1254,0.9921,0,0,0.2791,0,1]},
{"frame":101,"values":[1,0,0,0,0,0.9921,-0.1254,0,0,0.1254,0.9921,0,0,0.2791,0,1]},
{"frame":120,"values":[1,0,0,0,0,0.9921,-0.1254,0,0,0.1254,0.9921,0,0,0.2791,0,1]}],"loopBehavior":1,"name":"anim","property":"_matrix"}},
{"name":"neck","index":8,"matrix":[1,0,0,0,0,0.9161,0.401,0,0,-0.401,0.9161,0,0,0.5625,0.0045,1],"rest":[1,0,0,0,0,0.9161,0.401,0,0,-0.401,0.9161,0,0,0.5625,0.0045,1],"parentBoneIndex":7,"length":0.2264
,"animation":{"dataType":3,"framePerSecond":24,"keys":[
{"frame":1,"values":[1,0,0,0,0,0.9161,0.401,0,0,-0.401,0.9161,0,0,0.5625,0.0045,1]},
{"frame":2,"values":[1,0,0,0,0,0.9161,0.401,0,0,-0.401,0.9161,0,0,0.5625,0.0045,1]},
{"frame":11,"values":[1,0,0,0,0,0.9161,0.401,0,0,-0.401,0.9161,0,0,0.5625,0.0045,1]},
{"frame":90,"values":[1,0,0,0,0,0.9161,0.401,0,0,-0.401,0.9161,0,0,0.5625,0.0045,1]},
{"frame":101,"values":[1,0,0,0,0,0.9161,0.401,0,0,-0.401,0.9161,0,0,0.5625,0.0045,1]},
{"frame":120,"values":[1,0,0,0,0,0.9161,0.401,0,0,-0.401,0.9161,0,0,0.5625,0.0045,1]}],"loopBehavior":1,"name":"anim","property":"_matrix"}},
{"name":"head","index":9,"matrix":[1,0,0,0,0,0.9984,-0.0558,0,0,0.0558,0.9984,0,0,0.2264,0,1],"rest":[1,0,0,0,0,0.9984,-0.0558,0,0,0.0558,0.9984,0,0,0.2264,0,1],"parentBoneIndex":8,"length":0.3104
,"animation":{"dataType":3,"framePerSecond":24,"keys":[
{"frame":1,"values":[1,0,0,0,0,0.9984,-0.0558,0,0,0.0558,0.9984,0,0,0.2264,0,1]},
{"frame":2,"values":[1,0,0,0,0,0.9984,-0.0558,0,0,0.0558,0.9984,0,0,0.2264,0,1]},
{"frame":11,"values":[1,0,0,0,0,0.9984,-0.0558,0,0,0.0558,0.9984,0,0,0.2264,0,1]},
{"frame":90,"values":[1,0,0,0,0,0.9984,-0.0558,0,0,0.0558,0.9984,0,0,0.2264,0,1]},
{"frame":101,"values":[1,0,0,0,0,0.9984,-0.0558,0,0,0.0558,0.9984,0,0,0.2264,0,1]},
{"frame":120,"values":[1,0,0,0,0,0.9984,-0.0558,0,0,0.0558,0.9984,0,0,0.2264,0,1]}],"loopBehavior":1,"name":"anim","property":"_matrix"}},
{"name":"shoulder.L","index":10,"matrix":[0.0529,-0.1267,0.9905,0,0.9986,0.0063,-0.0526,0,0.0005,0.9919,0.1269,0,0.0323,0.459,0.0747,1],"rest":[0.0529,-0.1267,0.9905,0,0.9986,0.0063,-0.0526,0,0.0005,0.9919,0.1269,0,0.0323,0.459,0.0747,1],"parentBoneIndex":7,"length":0.3722
,"animation":{"dataType":3,"framePerSecond":24,"keys":[
{"frame":1,"values":[0.0529,-0.1267,0.9905,0,0.9986,0.0063,-0.0526,0,0.0005,0.9919,0.1269,0,0.0323,0.459,0.0747,1]},
{"frame":2,"values":[0.0529,-0.1267,0.9905,0,0.9986,0.0063,-0.0526,0,0.0005,0.9919,0.1269,0,0.0323,0.459,0.0747,1]},
{"frame":11,"values":[0.0529,-0.1267,0.9905,0,0.9986,0.0063,-0.0526,0,0.0005,0.9919,0.1269,0,0.0323,0.459,0.0747,1]},
{"frame":90,"values":[0.0529,-0.1267,0.9905,0,0.9986,0.0063,-0.0526,0,0.0005,0.9919,0.1269,0,0.0323,0.459,0.0747,1]},
{"frame":101,"values":[0.0529,-0.1267,0.9905,0,0.9986,0.0063,-0.0526,0,0.0005,0.9919,0.1269,0,0.0323,0.459,0.0747,1]},
{"frame":120,"values":[0.0529,-0.1267,0.9905,0,0.9986,0.0063,-0.0526,0,0.0005,0.9919,0.1269,0,0.0323,0.459,0.0747,1]}],"loopBehavior":1,"name":"anim","property":"_matrix"}},
{"name":"upper_arm.L","index":11,"matrix":[0.199,-0.9385,-0.2822,0,-0.0861,0.2701,-0.959,0,0.9762,0.2151,-0.027,0,-0.0195,0.419,-0.036,1],"rest":[0.199,-0.9385,-0.2822,0,-0.0861,0.2701,-0.959,0,0.9762,0.2151,-0.027,0,-0.0195,0.419,-0.036,1],"parentBoneIndex":10,"length":0.6386
,"animation":{"dataType":3,"framePerSecond":24,"keys":[
{"frame":1,"values":[0.199,-0.9385,-0.2822,0,-0.0861,0.2701,-0.959,0,0.9762,0.2151,-0.027,0,-0.0195,0.419,-0.036,1]},
{"frame":2,"values":[0.199,-0.9385,-0.2822,0,-0.0861,0.2701,-0.959,0,0.9762,0.2151,-0.027,0,-0.0195,0.419,-0.036,1]},
{"frame":11,"values":[0.199,-0.9385,-0.2822,0,-0.0861,0.2701,-0.959,0,0.9762,0.2151,-0.027,0,-0.0195,0.419,-0.036,1]},
{"frame":90,"values":[0.199,-0.9385,-0.2822,0,-0.0861,0.2701,-0.959,0,0.9762,0.2151,-0.027,0,-0.0195,0.419,-0.036,1]},
{"frame":101,"values":[0.199,-0.9385,-0.2822,0,-0.0861,0.2701,-0.959,0,0.9762,0.2151,-0.027,0,-0.0195,0.419,-0.036,1]},
{"frame":120,"values":[0.199,-0.9385,-0.2822,0,-0.0861,0.2701,-0.959,0,0.9762,0.2151,-0.027,0,-0.0195,0.419,-0.036,1]}],"loopBehavior":1,"name":"anim","property":"_matrix"}},
{"name":"forearm.L","index":12,"matrix":[0.9431,-0.0544,-0.3281,0,0.0883,0.9921,0.0894,0,0.3206,-0.1133,0.9404,0,0,0.6386,0,1],"rest":[0.9431,-0.0544,-0.3281,0,0.0883,0.9921,0.0894,0,0.3206,-0.1133,0.9404,0,0,0.6386,0,1],"parentBoneIndex":11,"length":0.5307
,"animation":{"dataType":3,"framePerSecond":24,"keys":[
{"frame":1,"values":[0.9431,-0.0544,-0.3281,0,0.0883,0.9921,0.0894,0,0.3206,-0.1133,0.9404,0,0,0.6386,0,1]},
{"frame":2,"values":[0.9431,-0.0544,-0.3281,0,0.0883,0.9921,0.0894,0,0.3206,-0.1133,0.9404,0,0,0.6386,0,1]},
{"frame":11,"values":[0.9431,-0.0544,-0.3281,0,0.0883,0.9921,0.0894,0,0.3206,-0.1133,0.9404,0,0,0.6386,0,1]},
{"frame":90,"values":[0.9431,-0.0544,-0.3281,0,0.0883,0.9921,0.0894,0,0.3206,-0.1133,0.9404,0,0,0.6386,0,1]},
{"frame":101,"values":[0.9431,-0.0544,-0.3281,0,0.0883,0.9921,0.0894,0,0.3206,-0.1133,0.9404,0,0,0.6386,0,1]},
{"frame":120,"values":[0.9431,-0.0544,-0.3281,0,0.0883,0.9921,0.0894,0,0.3206,-0.1133,0.9404,0,0,0.6386,0,1]}],"loopBehavior":1,"name":"anim","property":"_matrix"}},
{"name":"hand.L","index":13,"matrix":[0.1524,0.0378,-0.9876,0,0.2005,0.9773,0.0683,0,0.9678,-0.2085,0.1413,0,0,0.5307,0,1],"rest":[0.1524,0.0378,-0.9876,0,0.2005,0.9773,0.0683,0,0.9678,-0.2085,0.1413,0,0,0.5307,0,1],"parentBoneIndex":12,"length":0.23
,"animation":{"dataType":3,"framePerSecond":24,"keys":[
{"frame":1,"values":[0.1524,0.0378,-0.9876,0,0.2005,0.9773,0.0683,0,0.9678,-0.2085,0.1413,0,0,0.5307,0,1]},
{"frame":2,"values":[0.1524,0.0378,-0.9876,0,0.2005,0.9773,0.0683,0,0.9678,-0.2085,0.1413,0,0,0.5307,0,1]},
{"frame":11,"values":[0.1524,0.0378,-0.9876,0,0.2005,0.9773,0.0683,0,0.9678,-0.2085,0.1413,0,0,0.5307,0,1]},
{"frame":90,"values":[0.1524,0.0378,-0.9876,0,0.2005,0.9773,0.0683,0,0.9678,-0.2085,0.1413,0,0,0.5307,0,1]},
{"frame":101,"values":[0.1524,0.0378,-0.9876,0,0.2005,0.9773,0.0683,0,0.9678,-0.2085,0.1413,0,0,0.5307,0,1]},
{"frame":120,"values":[0.1524,0.0378,-0.9876,0,0.2005,0.9773,0.0683,0,0.9678,-0.2085,0.1413,0,0,0.5307,0,1]}],"loopBehavior":1,"name":"anim","property":"_matrix"}},
{"name":"shoulder.R","index":14,"matrix":[0.0529,0.1267,-0.9905,0,-0.9986,0.0063,-0.0526,0,-0.0005,0.9919,0.1269,0,-0.0323,0.459,0.0747,1],"rest":[0.0529,0.1267,-0.9905,0,-0.9986,0.0063,-0.0526,0,-0.0005,0.9919,0.1269,0,-0.0323,0.459,0.0747,1],"parentBoneIndex":7,"length":0.3722
,"animation":{"dataType":3,"framePerSecond":24,"keys":[
{"frame":1,"values":[0.0529,0.1267,-0.9905,0,-0.9986,0.0063,-0.0526,0,-0.0005,0.9919,0.1269,0,-0.0323,0.459,0.0747,1]},
{"frame":2,"values":[0.0529,0.1267,-0.9905,0,-0.9986,0.0063,-0.0526,0,-0.0005,0.9919,0.1269,0,-0.0323,0.459,0.0747,1]},
{"frame":11,"values":[0.0529,0.1267,-0.9905,0,-0.9986,0.0063,-0.0526,0,-0.0005,0.9919,0.1269,0,-0.0323,0.459,0.0747,1]},
{"frame":90,"values":[0.0529,0.1267,-0.9905,0,-0.9986,0.0063,-0.0526,0,-0.0005,0.9919,0.1269,0,-0.0323,0.459,0.0747,1]},
{"frame":101,"values":[0.0529,0.1267,-0.9905,0,-0.9986,0.0063,-0.0526,0,-0.0005,0.9919,0.1269,0,-0.0323,0.459,0.0747,1]},
{"frame":120,"values":[0.0529,0.1267,-0.9905,0,-0.9986,0.0063,-0.0526,0,-0.0005,0.9919,0.1269,0,-0.0323,0.459,0.0747,1]}],"loopBehavior":1,"name":"anim","property":"_matrix"}},
{"name":"upper_arm.R","index":15,"matrix":[0.199,0.9385,0.2822,0,0.0861,0.2701,-0.959,0,-0.9762,0.2151,-0.027,0,0.0195,0.419,-0.036,1],"rest":[0.199,0.9385,0.2822,0,0.0861,0.2701,-0.959,0,-0.9762,0.2151,-0.027,0,0.0195,0.419,-0.036,1],"parentBoneIndex":14,"length":0.6386
,"animation":{"dataType":3,"framePerSecond":24,"keys":[
{"frame":1,"values":[0.199,0.9385,0.2822,0,0.0861,0.2701,-0.959,0,-0.9762,0.2151,-0.027,0,0.0195,0.419,-0.036,1]},
{"frame":2,"values":[0.199,0.9385,0.2822,0,0.0861,0.2701,-0.959,0,-0.9762,0.2151,-0.027,0,0.0195,0.419,-0.036,1]},
{"frame":11,"values":[0.199,0.9385,0.2822,0,0.0861,0.2701,-0.959,0,-0.9762,0.2151,-0.027,0,0.0195,0.419,-0.036,1]},
{"frame":90,"values":[0.199,0.9385,0.2822,0,0.0861,0.2701,-0.959,0,-0.9762,0.2151,-0.027,0,0.0195,0.419,-0.036,1]},
{"frame":101,"values":[0.199,0.9385,0.2822,0,0.0861,0.2701,-0.959,0,-0.9762,0.2151,-0.027,0,0.0195,0.419,-0.036,1]},
{"frame":120,"values":[0.199,0.9385,0.2822,0,0.0861,0.2701,-0.959,0,-0.9762,0.2151,-0.027,0,0.0195,0.419,-0.036,1]}],"loopBehavior":1,"name":"anim","property":"_matrix"}},
{"name":"forearm.R","index":16,"matrix":[0.9431,0.0544,0.3281,0,-0.0883,0.9921,0.0894,0,-0.3206,-0.1133,0.9404,0,0,0.6386,0,1],"rest":[0.9431,0.0544,0.3281,0,-0.0883,0.9921,0.0894,0,-0.3206,-0.1133,0.9404,0,0,0.6386,0,1],"parentBoneIndex":15,"length":0.5307
,"animation":{"dataType":3,"framePerSecond":24,"keys":[
{"frame":1,"values":[0.9431,0.0544,0.3281,0,-0.0883,0.9921,0.0894,0,-0.3206,-0.1133,0.9404,0,0,0.6386,0,1]},
{"frame":2,"values":[0.9431,0.0544,0.3281,0,-0.0883,0.9921,0.0894,0,-0.3206,-0.1133,0.9404,0,0,0.6386,0,1]},
{"frame":11,"values":[0.9431,0.0544,0.3281,0,-0.0883,0.9921,0.0894,0,-0.3206,-0.1133,0.9404,0,0,0.6386,0,1]},
{"frame":90,"values":[0.9431,0.0544,0.3281,0,-0.0883,0.9921,0.0894,0,-0.3206,-0.1133,0.9404,0,0,0.6386,0,1]},
{"frame":101,"values":[0.9431,0.0544,0.3281,0,-0.0883,0.9921,0.0894,0,-0.3206,-0.1133,0.9404,0,0,0.6386,0,1]},
{"frame":120,"values":[0.9431,0.0544,0.3281,0,-0.0883,0.9921,0.0894,0,-0.3206,-0.1133,0.9404,0,0,0.6386,0,1]}],"loopBehavior":1,"name":"anim","property":"_matrix"}},
{"name":"hand.R","index":17,"matrix":[0.1524,-0.0378,0.9876,0,-0.2005,0.9773,0.0683,0,-0.9678,-0.2085,0.1413,0,0,0.5307,0,1],"rest":[0.1524,-0.0378,0.9876,0,-0.2005,0.9773,0.0683,0,-0.9678,-0.2085,0.1413,0,0,0.5307,0,1],"parentBoneIndex":16,"length":0.23
,"animation":{"dataType":3,"framePerSecond":24,"keys":[
{"frame":1,"values":[0.1524,-0.0378,0.9876,0,-0.2005,0.9773,0.0683,0,-0.9678,-0.2085,0.1413,0,0,0.5307,0,1]},
{"frame":2,"values":[0.1524,-0.0378,0.9876,0,-0.2005,0.9773,0.0683,0,-0.9678,-0.2085,0.1413,0,0,0.5307,0,1]},
{"frame":11,"values":[0.1524,-0.0378,0.9876,0,-0.2005,0.9773,0.0683,0,-0.9678,-0.2085,0.1413,0,0,0.5307,0,1]},
{"frame":90,"values":[0.1524,-0.0378,0.9876,0,-0.2005,0.9773,0.0683,0,-0.9678,-0.2085,0.1413,0,0,0.5307,0,1]},
{"frame":101,"values":[0.1524,-0.0378,0.9876,0,-0.2005,0.9773,0.0683,0,-0.9678,-0.2085,0.1413,0,0,0.5307,0,1]},
{"frame":120,"values":[0.1524,-0.0378,0.9876,0,-0.2005,0.9773,0.0683,0,-0.9678,-0.2085,0.1413,0,0,0.5307,0,1]}],"loopBehavior":1,"name":"anim","property":"_matrix"}},
{"name":"thigh.L","index":18,"matrix":[0.9997,0.0257,-0.0016,0,0.0257,-0.991,0.1312,0,0.0018,-0.1312,-0.9914,0,0.173,0.1101,-0.0009,1],"rest":[0.9997,0.0257,-0.0016,0,0.0257,-0.991,0.1312,0,0.0018,-0.1312,-0.9914,0,0.173,0.1101,-0.0009,1],"parentBoneIndex":5,"length":0.9447
,"animation":{"dataType":3,"framePerSecond":24,"keys":[
{"frame":1,"values":[0.9997,0.0257,-0.0016,0,0.0257,-0.991,0.1312,0,0.0018,-0.1312,-0.9914,0,0.173,0.1101,-0.0009,1]},
{"frame":2,"values":[0.9997,0.0257,-0.0016,0,0.0257,-0.991,0.1312,0,0.0018,-0.1312,-0.9914,0,0.173,0.1101,-0.0009,1]},
{"frame":11,"values":[0.9997,0.0257,-0.0016,0,0.0257,-0.991,0.1312,0,0.0018,-0.1312,-0.9914,0,0.173,0.1101,-0.0009,1]},
{"frame":90,"values":[0.9997,0.0257,-0.0016,0,0.0257,-0.991,0.1312,0,0.0018,-0.1312,-0.9914,0,0.173,0.1101,-0.0009,1]},
{"frame":101,"values":[0.9997,0.0257,-0.0016,0,0.0257,-0.991,0.1312,0,0.0018,-0.1312,-0.9914,0,0.173,0.1101,-0.0009,1]},
{"frame":120,"values":[0.9997,0.0257,-0.0016,0,0.0257,-0.991,0.1312,0,0.0018,-0.1312,-0.9914,0,0.173,0.1101,-0.0009,1]}],"loopBehavior":1,"name":"anim","property":"_matrix"}},
{"name":"shin.L","index":19,"matrix":[0.9994,0.0173,0.0305,0,-0.0193,0.9976,0.0664,0,-0.0293,-0.0669,0.9973,0,0,0.9447,0,1],"rest":[0.9994,0.0173,0.0305,0,-0.0193,0.9976,0.0664,0,-0.0293,-0.0669,0.9973,0,0,0.9447,0,1],"parentBoneIndex":18,"length":0.8416
,"animation":{"dataType":3,"framePerSecond":24,"keys":[
{"frame":1,"values":[0.9994,0.0173,0.0305,0,-0.0193,0.9976,0.0664,0,-0.0293,-0.0669,0.9973,0,0,0.9447,0,1]},
{"frame":2,"values":[0.9994,0.0173,0.0305,0,-0.0193,0.9976,0.0664,0,-0.0293,-0.0669,0.9973,0,0,0.9447,0,1]},
{"frame":11,"values":[0.9994,0.0173,0.0305,0,-0.0193,0.9976,0.0664,0,-0.0293,-0.0669,0.9973,0,0,0.9447,0,1]},
{"frame":90,"values":[0.9994,0.0173,0.0305,0,-0.0193,0.9976,0.0664,0,-0.0293,-0.0669,0.9973,0,0,0.9447,0,1]},
{"frame":101,"values":[0.9994,0.0173,0.0305,0,-0.0193,0.9976,0.0664,0,-0.0293,-0.0669,0.9973,0,0,0.9447,0,1]},
{"frame":120,"values":[0.9994,0.0173,0.0305,0,-0.0193,0.9976,0.0664,0,-0.0293,-0.0669,0.9973,0,0,0.9447,0,1]}],"loopBehavior":1,"name":"anim","property":"_matrix"}},
{"name":"thigh.R","index":20,"matrix":[0.9997,-0.0257,0.0016,0,-0.0257,-0.991,0.1312,0,-0.0018,-0.1312,-0.9914,0,-0.173,0.1101,-0.0009,1],"rest":[0.9997,-0.0257,0.0016,0,-0.0257,-0.991,0.1312,0,-0.0018,-0.1312,-0.9914,0,-0.173,0.1101,-0.0009,1],"parentBoneIndex":5,"length":0.9447
,"animation":{"dataType":3,"framePerSecond":24,"keys":[
{"frame":1,"values":[0.9997,-0.0257,0.0016,0,-0.0257,-0.991,0.1312,0,-0.0018,-0.1312,-0.9914,0,-0.173,0.1101,-0.0009,1]},
{"frame":2,"values":[0.9997,-0.0257,0.0016,0,-0.0257,-0.991,0.1312,0,-0.0018,-0.1312,-0.9914,0,-0.173,0.1101,-0.0009,1]},
{"frame":11,"values":[0.9997,-0.0257,0.0016,0,-0.0257,-0.991,0.1312,0,-0.0018,-0.1312,-0.9914,0,-0.173,0.1101,-0.0009,1]},
{"frame":90,"values":[0.9997,-0.0257,0.0016,0,-0.0257,-0.991,0.1312,0,-0.0018,-0.1312,-0.9914,0,-0.173,0.1101,-0.0009,1]},
{"frame":101,"values":[0.9997,-0.0257,0.0016,0,-0.0257,-0.991,0.1312,0,-0.0018,-0.1312,-0.9914,0,-0.173,0.1101,-0.0009,1]},
{"frame":120,"values":[0.9997,-0.0257,0.0016,0,-0.0257,-0.991,0.1312,0,-0.0018,-0.1312,-0.9914,0,-0.173,0.1101,-0.0009,1]}],"loopBehavior":1,"name":"anim","property":"_matrix"}},
{"name":"shin.R","index":21,"matrix":[0.9994,-0.0173,-0.0305,0,0.0193,0.9976,0.0664,0,0.0293,-0.0669,0.9973,0,0,0.9447,0,1],"rest":[0.9994,-0.0173,-0.0305,0,0.0193,0.9976,0.0664,0,0.0293,-0.0669,0.9973,0,0,0.9447,0,1],"parentBoneIndex":20,"length":0.8416
,"animation":{"dataType":3,"framePerSecond":24,"keys":[
{"frame":1,"values":[0.9994,-0.0173,-0.0305,0,0.0193,0.9976,0.0664,0,0.0293,-0.0669,0.9973,0,0,0.9447,0,1]},
{"frame":2,"values":[0.9994,-0.0173,-0.0305,0,0.0193,0.9976,0.0664,0,0.0293,-0.0669,0.9973,0,0,0.9447,0,1]},
{"frame":11,"values":[0.9994,-0.0173,-0.0305,0,0.0193,0.9976,0.0664,0,0.0293,-0.0669,0.9973,0,0,0.9447,0,1]},
{"frame":90,"values":[0.9994,-0.0173,-0.0305,0,0.0193,0.9976,0.0664,0,0.0293,-0.0669,0.9973,0,0,0.9447,0,1]},
{"frame":101,"values":[0.9994,-0.0173,-0.0305,0,0.0193,0.9976,0.0664,0,0.0293,-0.0669,0.9973,0,0,0.9447,0,1]},
{"frame":120,"values":[0.9994,-0.0173,-0.0305,0,0.0193,0.9976,0.0664,0,0.0293,-0.0669,0.9973,0,0,0.9447,0,1]}],"loopBehavior":1,"name":"anim","property":"_matrix"}}]
,"ranges":[{"name":"relax","from":0,"to":2},{"name":"stand","from":10,"to":90},{"name":"walk","from":100,"to":120}]}],
"meshes":[{"name":"character","id":"character","materialId":"avatar1_animations.Multimaterial#0","billboardMode":0,"position":[0,1.9029,0.1383],"rotation":[0,0,0],"scaling":[1,1,1],"isVisible":true,"freezeWorldMatrix":false,"isEnabled":true,"checkCollisions":false,"receiveShadows":false,"tags":"","skeletonId":0,"numBoneInfluencers":6
,"positions":[0.0348,1.3258,-0.1987,0.1615,1.2868,-0.0769,0.0361,1.2837,-0.2,0.1615,1.2868,-0.0769,0.1004,1.2891,-0.2382,0.1074,1.2485,-0.252,0.0952,1.0285,-0.1795,0.0478,1.0266,-0.2665,0.0478,0.9582,-0.1905,0,1.3134,-0.2351,0.0301,1.3253,-0.2414,0.0348,1.3258,-0.1987,0.0312,1.2914,-0.2789,0,1.3133,-0.2428,0,1.2909,-0.2787,0.0389,1.1675,-0.2731,0,1.2909,-0.2787
,0,1.1585,-0.2747,0.1925,1.1485,-0.1289,0.1074,1.2485,-0.252,0.1578,1.1336,-0.2215,0.0361,1.2837,-0.2,0.1925,1.1485,-0.1289,0.0416,1.1313,-0.1956,0,1.2827,-0.2396,0.0416,1.1313,-0.1956,0,1.1193,-0.2196,0.1074,1.2485,-0.252,0.0389,1.1675,-0.2731,0.1578,1.1336,-0.2215,0.1004,1.2891,-0.2382,0.0312,1.2914,-0.2789,0.1074,1.2485,-0.252,0.0348,1.3258,-0.1987
,0.1004,1.2891,-0.2382,0.1558,1.3961,-0.0684,0.0478,0.9582,-0.1905,0,1.008,-0.2701,0,0.9338,-0.1969,0,1.3134,-0.2351,0.0361,1.2837,-0.2,0,1.2827,-0.2396,0.0826,1.0577,-0.2545,0.0389,1.1675,-0.2731,0.0478,1.0266,-0.2665,0,1.1193,-0.2196,0.0478,0.9582,-0.1905,0,0.9338,-0.1969,0.0416,1.1313,-0.1956,0.0952,1.0285,-0.1795,0.0478,0.9582,-0.1905
,0.0952,1.0285,-0.1795,0.1578,1.1336,-0.2215,0.0826,1.0577,-0.2545,0.0478,1.0266,-0.2665,0,1.1585,-0.2747,0,1.008,-0.2701,-0.1615,1.2868,-0.0769,-0.0348,1.3258,-0.1987,-0.0361,1.2837,-0.2,-0.1615,1.2868,-0.0769,-0.1004,1.2891,-0.2382,-0.1558,1.3961,-0.0684,-0.0478,1.0266,-0.2665,-0.0953,1.0285,-0.1795,-0.0478,0.9582,-0.1905,-0.0301,1.3253,-0.2414,0,1.3134,-0.2351
,-0.0348,1.3258,-0.1987,-0.0312,1.2914,-0.2789,0,1.3133,-0.2428,-0.0301,1.3253,-0.2414,-0.0389,1.1675,-0.2731,0,1.2909,-0.2787,-0.0312,1.2914,-0.2789,-0.1925,1.1485,-0.1289,-0.1074,1.2485,-0.252,-0.1615,1.2868,-0.0769,-0.1925,1.1485,-0.1289,-0.0361,1.2837,-0.2,-0.0416,1.1313,-0.1956,-0.0416,1.1313,-0.1956,0,1.2827,-0.2396,0,1.1193,-0.2196,-0.0389,1.1675,-0.2731
,-0.1074,1.2485,-0.252,-0.1578,1.1336,-0.2215,-0.0312,1.2914,-0.2789,-0.1004,1.2891,-0.2382,-0.1074,1.2485,-0.252,-0.1004,1.2891,-0.2382,-0.0348,1.3258,-0.1987,-0.1558,1.3961,-0.0684,0,1.008,-0.2701,-0.0478,0.9582,-0.1905,0,0.9338,-0.1969,-0.0361,1.2837,-0.2,0,1.3134,-0.2351,0,1.2827,-0.2396,-0.0826,1.0577,-0.2545,-0.0389,1.1675,-0.2731,-0.1578,1.1336,-0.2215
,-0.0478,0.9582,-0.1905,0,1.1193,-0.2196,0,0.9338,-0.1969,-0.0953,1.0285,-0.1795,-0.0416,1.1313,-0.1956,-0.0478,0.9582,-0.1905,-0.0953,1.0285,-0.1795,-0.1578,1.1336,-0.2215,-0.1925,1.1485,-0.1289,-0.0478,1.0266,-0.2665,0,1.1585,-0.2747,-0.0389,1.1675,-0.2731,0.0194,1.4699,-0.2771,0.0092,1.4998,-0.2481,0.0092,1.4702,-0.2478,0.126,1.4693,-0.2182,0.1262,1.5158,-0.1477
,0.1522,1.466,-0.1391,0.1262,1.5158,-0.1477,0.1522,1.4654,-0.1843,0.1522,1.466,-0.1391,0.1224,1.5139,-0.2445,0.0194,1.4699,-0.2771,0.1419,1.4691,-0.2379,0.126,1.4693,-0.2182,0.1522,1.4654,-0.1843,0.1419,1.4691,-0.2379,0.1015,1.5142,-0.2192,0.0194,1.4995,-0.2774,0.1224,1.5139,-0.2445,0.1015,1.5142,-0.2192,0.1363,1.5153,-0.193,0.1262,1.5158,-0.1477,0.126,1.4693,-0.2182
,0.0194,1.4699,-0.2771,0.0092,1.4702,-0.2478,0.1363,1.5153,-0.193,0.1419,1.4691,-0.2379,0.1522,1.4654,-0.1843,0.0092,1.4702,-0.2478,0.1015,1.5142,-0.2192,0.126,1.4693,-0.2182,-0.0194,1.4699,-0.2771,-0.0092,1.4998,-0.2481,-0.0194,1.4995,-0.2774,-0.126,1.4693,-0.2182,-0.1262,1.5158,-0.1477,-0.1015,1.5142,-0.2192,-0.1522,1.4654,-0.1843,-0.1262,1.5158,-0.1477,-0.1522,1.466,-0.1391
,-0.0194,1.4699,-0.2771,-0.1224,1.5139,-0.2445,-0.1419,1.4691,-0.2379,-0.126,1.4693,-0.2182,-0.1522,1.4654,-0.1843,-0.1522,1.466,-0.1391,-0.1015,1.5142,-0.2192,-0.0194,1.4995,-0.2774,-0.0092,1.4998,-0.2481,-0.1363,1.5153,-0.193,-0.1015,1.5142,-0.2192,-0.1262,1.5158,-0.1477,-0.0194,1.4699,-0.2771,-0.126,1.4693,-0.2182,-0.0092,1.4702,-0.2478,-0.1419,1.4691,-0.2379,-0.1363,1.5153,-0.193
,-0.1522,1.4654,-0.1843,-0.0092,1.4702,-0.2478,-0.1015,1.5142,-0.2192,-0.0092,1.4998,-0.2481,0.0348,1.3258,-0.1987,0.1558,1.3961,-0.0684,0.1615,1.2868,-0.0769,0.1615,1.2868,-0.0769,0.1558,1.3961,-0.0684,0.1004,1.2891,-0.2382,0.0952,1.0285,-0.1795,0.0826,1.0577,-0.2545,0.0478,1.0266,-0.2665,0,1.3134,-0.2351,0,1.3133,-0.2428,0.0301,1.3253,-0.2414,0.0312,1.2914,-0.2789
,0.0301,1.3253,-0.2414,0,1.3133,-0.2428,0.0389,1.1675,-0.2731,0.0312,1.2914,-0.2789,0,1.2909,-0.2787,0.1925,1.1485,-0.1289,0.1615,1.2868,-0.0769,0.1074,1.2485,-0.252,0.0361,1.2837,-0.2,0.1615,1.2868,-0.0769,0.1925,1.1485,-0.1289,0,1.2827,-0.2396,0.0361,1.2837,-0.2,0.0416,1.1313,-0.1956,0.1074,1.2485,-0.252,0.0312,1.2914,-0.2789,0.0389,1.1675,-0.2731
,0.1004,1.2891,-0.2382,0.0301,1.3253,-0.2414,0.0312,1.2914,-0.2789,0.0348,1.3258,-0.1987,0.0301,1.3253,-0.2414,0.1004,1.2891,-0.2382,0.0478,0.9582,-0.1905,0.0478,1.0266,-0.2665,0,1.008,-0.2701,0,1.3134,-0.2351,0.0348,1.3258,-0.1987,0.0361,1.2837,-0.2,0.0826,1.0577,-0.2545,0.1578,1.1336,-0.2215,0.0389,1.1675,-0.2731,0,1.1193,-0.2196,0.0416,1.1313,-0.1956
,0.0478,0.9582,-0.1905,0.0416,1.1313,-0.1956,0.1925,1.1485,-0.1289,0.0952,1.0285,-0.1795,0.0952,1.0285,-0.1795,0.1925,1.1485,-0.1289,0.1578,1.1336,-0.2215,0.0478,1.0266,-0.2665,0.0389,1.1675,-0.2731,0,1.1585,-0.2747,-0.1615,1.2868,-0.0769,-0.1558,1.3961,-0.0684,-0.0348,1.3258,-0.1987,-0.1615,1.2868,-0.0769,-0.1074,1.2485,-0.252,-0.1004,1.2891,-0.2382,-0.0478,1.0266,-0.2665
,-0.0826,1.0577,-0.2545,-0.0953,1.0285,-0.1795,-0.0301,1.3253,-0.2414,0,1.3133,-0.2428,0,1.3134,-0.2351,-0.0312,1.2914,-0.2789,0,1.2909,-0.2787,0,1.3133,-0.2428,-0.0389,1.1675,-0.2731,0,1.1585,-0.2747,0,1.2909,-0.2787,-0.1925,1.1485,-0.1289,-0.1578,1.1336,-0.2215,-0.1074,1.2485,-0.252,-0.1925,1.1485,-0.1289,-0.1615,1.2868,-0.0769,-0.0361,1.2837,-0.2
,-0.0416,1.1313,-0.1956,-0.0361,1.2837,-0.2,0,1.2827,-0.2396,-0.0389,1.1675,-0.2731,-0.0312,1.2914,-0.2789,-0.1074,1.2485,-0.252,-0.0312,1.2914,-0.2789,-0.0301,1.3253,-0.2414,-0.1004,1.2891,-0.2382,-0.1004,1.2891,-0.2382,-0.0301,1.3253,-0.2414,-0.0348,1.3258,-0.1987,0,1.008,-0.2701,-0.0478,1.0266,-0.2665,-0.0478,0.9582,-0.1905,-0.0361,1.2837,-0.2,-0.0348,1.3258,-0.1987
,0,1.3134,-0.2351,-0.0826,1.0577,-0.2545,-0.0478,1.0266,-0.2665,-0.0389,1.1675,-0.2731,-0.0478,0.9582,-0.1905,-0.0416,1.1313,-0.1956,0,1.1193,-0.2196,-0.0953,1.0285,-0.1795,-0.1925,1.1485,-0.1289,-0.0416,1.1313,-0.1956,-0.0953,1.0285,-0.1795,-0.0826,1.0577,-0.2545,-0.1578,1.1336,-0.2215,-0.0478,1.0266,-0.2665,0,1.008,-0.2701,0,1.1585,-0.2747,0.0194,1.4699,-0.2771
,0.0194,1.4995,-0.2774,0.0092,1.4998,-0.2481,0.126,1.4693,-0.2182,0.1015,1.5142,-0.2192,0.1262,1.5158,-0.1477,0.1262,1.5158,-0.1477,0.1363,1.5153,-0.193,0.1522,1.4654,-0.1843,0.1224,1.5139,-0.2445,0.0194,1.4995,-0.2774,0.0194,1.4699,-0.2771,0.126,1.4693,-0.2182,0.1522,1.466,-0.1391,0.1522,1.4654,-0.1843,0.1015,1.5142,-0.2192,0.0092,1.4998,-0.2481,0.0194,1.4995,-0.2774
,0.1015,1.5142,-0.2192,0.1224,1.5139,-0.2445,0.1363,1.5153,-0.193,0.126,1.4693,-0.2182,0.1419,1.4691,-0.2379,0.0194,1.4699,-0.2771,0.1363,1.5153,-0.193,0.1224,1.5139,-0.2445,0.1419,1.4691,-0.2379,0.0092,1.4702,-0.2478,0.0092,1.4998,-0.2481,0.1015,1.5142,-0.2192,-0.0194,1.4699,-0.2771,-0.0092,1.4702,-0.2478,-0.0092,1.4998,-0.2481,-0.126,1.4693,-0.2182,-0.1522,1.466,-0.1391
,-0.1262,1.5158,-0.1477,-0.1522,1.4654,-0.1843,-0.1363,1.5153,-0.193,-0.1262,1.5158,-0.1477,-0.0194,1.4699,-0.2771,-0.0194,1.4995,-0.2774,-0.1224,1.5139,-0.2445,-0.126,1.4693,-0.2182,-0.1419,1.4691,-0.2379,-0.1522,1.4654,-0.1843,-0.1015,1.5142,-0.2192,-0.1224,1.5139,-0.2445,-0.0194,1.4995,-0.2774,-0.1363,1.5153,-0.193,-0.1224,1.5139,-0.2445,-0.1015,1.5142,-0.2192,-0.0194,1.4699,-0.2771
,-0.1419,1.4691,-0.2379,-0.126,1.4693,-0.2182,-0.1419,1.4691,-0.2379,-0.1224,1.5139,-0.2445,-0.1363,1.5153,-0.193,-0.0092,1.4702,-0.2478,-0.126,1.4693,-0.2182,-0.1015,1.5142,-0.2192,0.1477,1.1656,0.0017,0.1026,1.4168,-0.0799,0.1298,1.1656,-0.0967,0.3878,0.7294,0.2066,0,0.966,0.2449,0.4838,1.0043,0.1737,0.3666,0.7294,-0.0154,0.23,0.2902,-0.1374,0.285,0.2902,-0.0026
,0.577,0.8224,-0.0843,0.6846,0.4074,0.0494,0.6226,0.8432,0.022,0,1.0531,-0.1105,0.1298,1.1656,-0.0967,0,1.1656,-0.0967,0.4838,1.0043,0.1737,0.4014,0.7331,0.1935,0.3878,0.7294,0.2066,0.285,0.2902,0.1323,0,0.7294,0.2449,0.3878,0.7294,0.2066,0.23,0.2902,-0.1374,0,0.7294,-0.2573,0,0.2902,-0.1374,0.4342,1.0134,-0.1332,0.4411,0.7414,-0.1592
,0.577,0.8224,-0.0843,0.285,0.2902,-0.0026,0.2479,0.1442,-0.1428,0.3029,0.1442,-0.0026,0.3666,0.7294,-0.0154,0.4014,0.7331,0.1935,0.354,0.7331,-0.0154,0.5012,1.0225,0.0202,0.577,0.8224,-0.0843,0.6226,0.8432,0.022,0.5644,0.3391,0.1611,0.5222,0.2157,0.0494,0.517,0.3391,0.0494,0.4411,0.7414,-0.1592,0.639,0.3867,-0.0623,0.577,0.8224,-0.0843,0.4014,0.7331,0.1935
,0.6444,0.4074,0.1611,0.5644,0.3391,0.1611,0.4014,0.7331,0.1935,0.517,0.3391,0.0494,0.354,0.7331,-0.0154,0.751,0.2448,-0.085,0.8427,-0.1594,0.0491,0.7966,0.2655,0.0494,0.5644,0.3391,0.1611,0.7564,0.2655,0.1837,0.5697,0.2157,0.1837,0.6846,0.4074,0.0494,0.751,0.2448,-0.085,0.7966,0.2655,0.0494,0.5668,0.3391,-0.0623,0.751,0.2448,-0.085,0.639,0.3867,-0.0623
,0.6528,-0.2,0.162,0.59,-0.2405,0.0499,0.605,-0.2,0.0499,0.751,0.2448,-0.085,0.6544,-0.1999,-0.0623,0.7967,-0.1802,-0.0631,0.5697,0.2157,0.1837,0.605,-0.2,0.0499,0.5222,0.2157,0.0494,0.5697,0.2157,0.1837,0.8029,-0.1595,0.1613,0.6528,-0.2,0.162,0.6782,-0.4815,0.0497,0.7803,-0.4529,0.1814,0.7989,-0.4529,0.0492,0.6528,-0.2,0.162,0.8305,-0.1928,0.1812
,0.6379,-0.2406,0.1821,0.7967,-0.1802,-0.0631,0.8703,-0.1928,0.049,0.8427,-0.1594,0.0491,0.7967,-0.1802,-0.0631,0.6394,-0.2405,-0.0823,0.8242,-0.2135,-0.0832,0.8242,-0.2135,-0.0832,0.8922,-0.3214,0.0489,0.8703,-0.1928,0.049,0.6394,-0.2405,-0.0823,0.7529,-0.4586,-0.0831,0.8461,-0.3421,-0.0833,0.6379,-0.2406,0.1821,0.6782,-0.4815,0.0497,0.59,-0.2405,0.0499,0.32,1.0708,0.0195
,0.4342,1.0134,-0.1332,0.5012,1.0225,0.0202,0.32,1.0542,-0.1105,0,0.998,-0.1753,0.4342,1.0134,-0.1332,0,0.966,0.2449,0.32,1.0542,0.1658,0.4838,1.0043,0.1737,0.3441,0.7294,-0.2123,0,0.998,-0.1753,0,0.7294,-0.2573,0,1.0232,0.2286,0.1298,1.1656,0.1331,0.32,1.0542,0.1658,0.32,1.0708,0.0195,0.1298,1.1656,0.1331,0.1477,1.1656,0.0017
,0,0.1442,-0.1428,0.278,-0.0131,-0.1428,0.2479,0.1442,-0.1428,0.23,0.2902,-0.1374,0,0.1442,-0.1428,0.2479,0.1442,-0.1428,0,0.2902,0.1323,0.2718,0.1442,0.1377,0,0.1442,0.1377,0,-0.1498,-0.1428,0.2821,-0.1495,-0.1428,0.278,-0.0131,-0.1428,0.3029,0.1442,-0.0026,0.278,-0.0131,-0.1428,0.333,-0.0131,0.0094,0,0.1442,0.1377,0.3019,-0.0131,0.1616
,0,-0.1498,0.1616,0,-0.1686,-0.1428,0.2537,-0.8693,-0.1118,0.2821,-0.1495,-0.1428,0.333,-0.0131,0.0094,0.2821,-0.1495,-0.1428,0.3371,-0.1495,0.0094,0,-0.1498,0.1616,0.3059,-0.1495,0.1616,0,-0.1686,0.1616,0.0909,-0.8795,0.0901,0.0805,-1.0311,-0.0108,0.0677,-0.8795,-0.0108,0.2821,-0.1495,-0.1428,0.3303,-0.8693,-0.0108,0.3371,-0.1495,0.0094,0,-0.1686,0.0094
,0.0909,-0.8795,0.0901,0.0677,-0.8795,-0.0108,0,-0.1686,0.1616,0.2904,-0.8693,0.0901,0.0909,-0.8795,0.0901,0.267,-1.0305,-0.1118,0.1452,-1.1715,-0.1164,0.2772,-1.1707,-0.1164,0.2904,-0.8693,0.0901,0.1037,-1.0311,0.0901,0.0909,-0.8795,0.0901,0.2537,-0.8693,-0.1118,0.1496,-1.0311,-0.1118,0.267,-1.0305,-0.1118,0.3303,-0.8693,-0.0108,0.267,-1.0305,-0.1118,0.3435,-1.0305,-0.0108
,0.0398,-1.1715,0.018,0.1099,-1.7594,0.0979,0.0815,-1.7594,0.018,0.3435,-1.0305,-0.0108,0.2772,-1.1707,-0.1164,0.3579,-1.1707,0.018,0.1037,-1.0311,0.0901,0.0398,-1.1715,0.018,0.0805,-1.0311,-0.0108,0.1037,-1.0311,0.0901,0.3164,-1.1707,0.1524,0.0683,-1.1715,0.1524,0.2824,-1.7589,0.0979,0.0811,-1.9077,0.1086,0.1099,-1.7594,0.0979,0.3164,-1.1707,0.1524,0.1099,-1.7594,0.0979
,0.0683,-1.1715,0.1524,0.2772,-1.1707,-0.1164,0.1685,-1.7594,-0.0619,0.2824,-1.7589,-0.0619,0.3579,-1.1707,0.018,0.2824,-1.7589,-0.0619,0.3311,-1.7589,0.018,0.3184,-1.9072,-0.1149,0.1087,-1.9077,-0.3385,0.0811,-1.9077,-0.1149,0.1685,-1.7594,-0.0619,0.3184,-1.9072,-0.3385,0.2824,-1.7589,-0.0619,0.2824,-1.7589,-0.0619,0.3184,-1.9072,-0.1149,0.3311,-1.7589,0.018,0.0815,-1.7594,0.018
,0.0811,-1.9077,0.1086,0.0811,-1.9077,-0.1149,0.8461,-0.3421,-0.0833,0.7989,-0.4529,0.0492,0.8922,-0.3214,0.0489,0.8524,-0.3214,0.1811,0.7803,-0.4529,0.1814,0.6379,-0.2406,0.1821,0.8524,-0.3214,0.1811,0.7989,-0.4529,0.0492,0.7803,-0.4529,0.1814,0.1685,-1.7594,-0.0619,0.0811,-1.9077,-0.1149,0.1087,-1.9077,-0.3385,0.3311,-1.7589,0.018,0.3184,-1.9072,0.1086,0.2824,-1.7589,0.0979
,0.3184,-1.9072,-0.1149,0.0811,-1.9077,0.1086,0.3184,-1.9072,0.1086,0.3579,-1.1707,0.018,0.2824,-1.7589,0.0979,0.3164,-1.1707,0.1524,0.0805,-1.0311,-0.0108,0.1452,-1.1715,-0.1164,0.1496,-1.0311,-0.1118,0.3037,-1.0305,0.0901,0.3579,-1.1707,0.018,0.3164,-1.1707,0.1524,0.1452,-1.1715,-0.1164,0.0815,-1.7594,0.018,0.1685,-1.7594,-0.0619,0.3303,-0.8693,-0.0108,0.3037,-1.0305,0.0901
,0.2904,-0.8693,0.0901,0,-0.1686,-0.1428,0.0677,-0.8795,-0.0108,0.1368,-0.8795,-0.1118,0.3371,-0.1495,0.0094,0.2904,-0.8693,0.0901,0.3059,-0.1495,0.1616,0.1368,-0.8795,-0.1118,0.0805,-1.0311,-0.0108,0.1496,-1.0311,-0.1118,0.333,-0.0131,0.0094,0.3059,-0.1495,0.1616,0.3019,-0.0131,0.1616,0.2718,0.1442,0.1377,0.333,-0.0131,0.0094,0.3019,-0.0131,0.1616,0.32,1.0542,-0.1105
,0.1477,1.1656,0.0017,0.1298,1.1656,-0.0967,0.32,1.0542,0.1658,0.5012,1.0225,0.0202,0.4838,1.0043,0.1737,0.6394,-0.2405,-0.0823,0.6782,-0.4815,0.0497,0.6804,-0.4815,-0.0825,0.8703,-0.1928,0.049,0.8524,-0.3214,0.1811,0.8305,-0.1928,0.1812,0.8029,-0.1595,0.1613,0.8703,-0.1928,0.049,0.8305,-0.1928,0.1812,0.6782,-0.4815,0.0497,0.7529,-0.4586,-0.0831,0.6804,-0.4815,-0.0825
,0.572,0.2157,-0.085,0.605,-0.2,0.0499,0.6544,-0.1999,-0.0623,0.6544,-0.1999,-0.0623,0.59,-0.2405,0.0499,0.6394,-0.2405,-0.0823,0.6846,0.4074,0.0494,0.7564,0.2655,0.1837,0.6444,0.4074,0.1611,0.7966,0.2655,0.0494,0.8029,-0.1595,0.1613,0.7564,0.2655,0.1837,0.354,0.7331,-0.0154,0.5668,0.3391,-0.0623,0.4411,0.7414,-0.1592,0.5668,0.3391,-0.0623,0.5222,0.2157,0.0494
,0.572,0.2157,-0.085,0.5012,1.0225,0.0202,0.5824,0.8432,0.1683,0.4838,1.0043,0.1737,0.3441,0.7294,-0.2123,0.354,0.7331,-0.0154,0.4411,0.7414,-0.1592,0.285,0.2902,0.1323,0.3029,0.1442,-0.0026,0.2718,0.1442,0.1377,0.6226,0.8432,0.022,0.6444,0.4074,0.1611,0.5824,0.8432,0.1683,0.285,0.2902,0.1323,0.3666,0.7294,-0.0154,0.285,0.2902,-0.0026,0,1.4168,0.0017
,0.1026,1.4168,-0.0799,0.1205,1.4168,0.0017,0.1026,1.4168,0.0685,0,1.4168,0.0017,0.1205,1.4168,0.0017,0.1477,1.1656,0.0017,0.1026,1.4168,0.0685,0.1205,1.4168,0.0017,0,1.1656,-0.0967,0.1026,1.4168,-0.0799,0,1.4168,-0.0799,0.1298,1.1656,0.1331,0,1.4168,0.0982,0.1026,1.4168,0.0685,-0.1026,1.4168,-0.0799,-0.1477,1.1656,0.0017,-0.1298,1.1656,-0.0967
,-0.3878,0.7294,0.2066,0,0.966,0.2449,0,0.7294,0.2449,-0.23,0.2902,-0.1374,-0.3666,0.7294,-0.0154,-0.285,0.2902,-0.0026,-0.6846,0.4074,0.0494,-0.577,0.8224,-0.0843,-0.6226,0.8432,0.022,0,1.0531,-0.1105,-0.1298,1.1656,-0.0967,-0.32,1.0542,-0.1105,-0.4014,0.7331,0.1935,-0.4838,1.0043,0.1737,-0.3878,0.7294,0.2066,0,0.7294,0.2449,-0.285,0.2902,0.1323
,-0.3878,0.7294,0.2066,-0.23,0.2902,-0.1374,0,0.7294,-0.2573,-0.3441,0.7294,-0.2123,-0.4342,1.0134,-0.1332,-0.4411,0.7414,-0.1592,-0.3441,0.7294,-0.2123,-0.285,0.2902,-0.0026,-0.2479,0.1442,-0.1428,-0.23,0.2902,-0.1374,-0.3666,0.7294,-0.0154,-0.4014,0.7331,0.1935,-0.3878,0.7294,0.2066,-0.5013,1.0225,0.0202,-0.577,0.8224,-0.0843,-0.4342,1.0134,-0.1332,-0.5222,0.2157,0.0494
,-0.5644,0.3391,0.1611,-0.517,0.3391,0.0494,-0.639,0.3867,-0.0623,-0.4411,0.7414,-0.1592,-0.577,0.8224,-0.0843,-0.4014,0.7331,0.1935,-0.6444,0.4074,0.1611,-0.5824,0.8432,0.1683,-0.517,0.3391,0.0494,-0.4014,0.7331,0.1935,-0.354,0.7331,-0.0154,-0.8427,-0.1594,0.0491,-0.751,0.2448,-0.085,-0.7966,0.2655,0.0494,-0.5644,0.3391,0.1611,-0.7564,0.2655,0.1837,-0.6444,0.4074,0.1611
,-0.6846,0.4074,0.0494,-0.751,0.2448,-0.085,-0.639,0.3867,-0.0623,-0.751,0.2448,-0.085,-0.5668,0.3391,-0.0623,-0.639,0.3867,-0.0623,-0.59,-0.2405,0.0499,-0.6528,-0.2,0.162,-0.605,-0.2,0.0499,-0.751,0.2448,-0.085,-0.6544,-0.1999,-0.0623,-0.572,0.2157,-0.085,-0.605,-0.2,0.0499,-0.5697,0.2157,0.1837,-0.5222,0.2157,0.0494,-0.5697,0.2157,0.1837,-0.8029,-0.1595,0.1613
,-0.7564,0.2655,0.1837,-0.6782,-0.4815,0.0497,-0.7803,-0.4529,0.1814,-0.679,-0.4815,0.1819,-0.6528,-0.2,0.162,-0.8305,-0.1928,0.1812,-0.8029,-0.1595,0.1613,-0.8703,-0.1928,0.049,-0.7967,-0.1802,-0.0631,-0.8427,-0.1594,0.0491,-0.7967,-0.1802,-0.0631,-0.6394,-0.2405,-0.0823,-0.6544,-0.1999,-0.0623,-0.8922,-0.3214,0.0489,-0.8242,-0.2135,-0.0832,-0.8703,-0.1928,0.049,-0.7529,-0.4586,-0.0831
,-0.6804,-0.4815,-0.0825,-0.6394,-0.2405,-0.0823,-0.6782,-0.4815,0.0497,-0.6379,-0.2406,0.1821,-0.59,-0.2405,0.0499,-0.32,1.0708,0.0195,-0.4342,1.0134,-0.1332,-0.32,1.0542,-0.1105,-0.32,1.0542,-0.1105,0,0.998,-0.1753,0,1.0531,-0.1105,-0.32,1.0542,0.1658,0,0.966,0.2449,-0.4838,1.0043,0.1737,0,0.998,-0.1753,-0.3441,0.7294,-0.2123,0,0.7294,-0.2573
,-0.1298,1.1656,0.1331,0,1.0232,0.2286,-0.32,1.0542,0.1658,-0.32,1.0708,0.0195,-0.1298,1.1656,0.1331,-0.32,1.0542,0.1658,-0.278,-0.0131,-0.1428,0,0.1442,-0.1428,-0.2479,0.1442,-0.1428,-0.23,0.2902,-0.1374,0,0.1442,-0.1428,0,0.2902,-0.1374,0,0.2902,0.1323,-0.2718,0.1442,0.1377,-0.285,0.2902,0.1323,-0.2821,-0.1495,-0.1428,0,-0.1498,-0.1428
,-0.278,-0.0131,-0.1428,-0.3029,0.1442,-0.0026,-0.278,-0.0131,-0.1428,-0.2479,0.1442,-0.1428,0,0.1442,0.1377,-0.3019,-0.0131,0.1616,-0.2718,0.1442,0.1377,-0.2537,-0.8693,-0.1118,0,-0.1686,-0.1428,-0.2821,-0.1495,-0.1428,-0.333,-0.0131,0.0094,-0.2821,-0.1495,-0.1428,-0.278,-0.0131,-0.1428,0,-0.1498,0.1616,-0.306,-0.1495,0.1616,-0.3019,-0.0131,0.1616,-0.0805,-1.0311,-0.0108
,-0.0909,-0.8795,0.0901,-0.0677,-0.8795,-0.0108,-0.3303,-0.8693,-0.0108,-0.2821,-0.1495,-0.1428,-0.3371,-0.1495,0.0094,0,-0.1686,0.0094,-0.0909,-0.8795,0.0901,0,-0.1686,0.1616,0,-0.1686,0.1616,-0.2904,-0.8693,0.0901,-0.306,-0.1495,0.1616,-0.267,-1.0305,-0.1118,-0.1452,-1.1715,-0.1164,-0.1496,-1.0311,-0.1118,-0.1037,-1.0311,0.0901,-0.2904,-0.8693,0.0901,-0.0909,-0.8795,0.0901
