{"producer":{"name":"Blender","version":"2.77 (sub 0)","exporter_version":"4.6.1","file":"character001armature.babylon"},
"autoClear":true,"clearColor":[0.0509,0.0509,0.0509],"ambientColor":[0,0,0],"gravity":[0,-9.81,0],
"materials":[{"name":"character001armature.Material.006","id":"character001armature.Material.006","ambient":[0.8,0.5436,0.4042],"diffuse":[0.64,0.4349,0.3233],"specular":[0,0,0],"emissive":[0,0,0],"specularPower":50,"alpha":1,"backFaceCulling":true,"checkReadyOnlyOnce":false},
{"name":"character001armature.Material.004","id":"character001armature.Material.004","ambient":[0.2938,0.2938,0.2938],"diffuse":[0.0928,0.0928,0.0928],"specular":[0.3579,0.3579,0.3579],"emissive":[0,0,0],"specularPower":49,"alpha":1,"backFaceCulling":true,"checkReadyOnlyOnce":false},
{"name":"character001armature.Material.007","id":"character001armature.Material.007","ambient":[0.0109,0.0111,0.0104],"diffuse":[0.0088,0.0089,0.0083],"specular":[0,0,0],"emissive":[0,0,0],"specularPower":50,"alpha":1,"backFaceCulling":true,"checkReadyOnlyOnce":false},
{"name":"character001armature.Material.005","id":"character001armature.Material.005","ambient":[0.1916,0.084,0.0519],"diffuse":[0.0585,0.0256,0.0158],"specular":[0,0,0],"emissive":[0,0,0],"specularPower":49,"alpha":1,"backFaceCulling":true,"checkReadyOnlyOnce":false}],
"multiMaterials":[{"name":"character001armature.Multimaterial#0","id":"character001armature.Multimaterial#0","materials":["character001armature.Material.006","character001armature.Material.004","character001armature.Material.007","character001armature.Material.005"]}],
"skeletons":[{"name":"Armature","id":0,"dimensionsAtRest":[0.5787,0.8765,0.5116],"bones":[
{"name":"Bone","index":0,"matrix":[0.1748,0,0,0,0,0.1748,-0.0003,0,0,-0.0003,-0.1748,0,0,0.2352,0.0274,1],"rest":[0.1748,0,0,0,0,0.1748,-0.0003,0,0,-0.0003,-0.1748,0,0,0.2555,0.0274,1],"parentBoneIndex":-1,"length":1
,"animation":{"dataType":3,"framePerSecond":24,"keys":[
{"frame":1,"values":[0.1748,0,0,0,0,0.1748,-0.0003,0,0,-0.0003,-0.1748,0,0,0.2352,0.0274,1]},
{"frame":2,"values":[0.1748,0,0,0,0,0.1748,0.0021,0,0,0.0021,-0.1748,0,0,0.2332,0.0251,1]},
{"frame":3,"values":[0.1748,0,0,0,0,0.1747,0.0083,0,0,0.0083,-0.1747,0,0,0.2279,0.0191,1]},
{"frame":4,"values":[0.1748,0,0,0,0,0.1742,0.0145,0,0,0.0145,-0.1742,0,0,0.2226,0.0131,1]},
{"frame":5,"values":[0.1748,0,0,0,0,0.174,0.0169,0,0,0.0169,-0.174,0,0,0.2205,0.0108,1]},
{"frame":6,"values":[0.1748,0,0,0,0,0.174,0.0169,0,0,0.0169,-0.174,0,0,0.2275,0.0108,1]},
{"frame":7,"values":[0.1748,0,0,0,0,0.174,0.0169,0,0,0.0169,-0.174,0,0,0.2344,0.0108,1]},
{"frame":8,"values":[0.1748,0,0,0,0,0.1748,0.0026,0,0,0.0026,-0.1748,0,0,0.2248,0.0244,1]},
{"frame":9,"values":[0.1748,0,0,0,0,0.1726,-0.0279,0,0,-0.0279,-0.1726,0,0,0.2041,0.0536,1]},
{"frame":10,"values":[0.1748,0,0,0,0,0.1698,-0.0419,0,0,-0.0419,-0.1698,0,0,0.1945,0.0672,1]},
{"frame":21,"values":[0.1748,0,0,0,0,0.1748,-0.0003,0,0,-0.0003,-0.1748,0,0,0.2352,0.0274,1]},
{"frame":22,"values":[0.1748,0,0,0,0,0.1748,0.0021,0,0,0.0021,-0.1748,0,0,0.2332,0.0251,1]},
{"frame":23,"values":[0.1748,0,0,0,0,0.1747,0.0083,0,0,0.0083,-0.1747,0,0,0.2279,0.0191,1]},
{"frame":24,"values":[0.1748,0,0,0,0,0.1742,0.0145,0,0,0.0145,-0.1742,0,0,0.2226,0.0131,1]},
{"frame":25,"values":[0.1748,0,0,0,0,0.174,0.0169,0,0,0.0169,-0.174,0,0,0.2205,0.0108,1]},
{"frame":26,"values":[0.1748,0,0,0,0,0.174,0.0169,0,0,0.0169,-0.174,0,0,0.2275,0.0108,1]},
{"frame":27,"values":[0.1748,0,0,0,0,0.174,0.0169,0,0,0.0169,-0.174,0,0,0.2344,0.0108,1]},
{"frame":28,"values":[0.1748,0,0,0,0,0.1748,0.0026,0,0,0.0026,-0.1748,0,0,0.2248,0.0244,1]},
{"frame":29,"values":[0.1748,0,0,0,0,0.1726,-0.0279,0,0,-0.0279,-0.1726,0,0,0.2041,0.0536,1]},
{"frame":30,"values":[0.1748,0,0,0,0,0.1698,-0.0419,0,0,-0.0419,-0.1698,0,0,0.1945,0.0672,1]},
{"frame":35,"values":[0.1748,0,0,0,0,0.1698,-0.0419,0,0,-0.0419,-0.1698,0,0,0.1945,0.0672,1]},
{"frame":41,"values":[0.1748,0,0,0,0,0.1748,-0.0003,0,0,-0.0003,-0.1748,0,0,0.2555,0.0274,1]},
{"frame":42,"values":[0.1748,0,0,0,0,0.1748,-0.0003,0,0,-0.0003,-0.1748,0,0,0.2555,0.0274,1]},
{"frame":51,"values":[0.1748,0,0,0,0,0.1748,-0.0003,0,0,-0.0003,-0.1748,0,0,0.2555,0.0274,1]},
{"frame":53,"values":[0.1748,0,0,0,0,0.1748,-0.0003,0,0,-0.0003,-0.1748,0,0,0.2556,0.0274,1]},
{"frame":54,"values":[0.1748,0,0,0,0,0.1748,-0.0003,0,0,-0.0003,-0.1748,0,0,0.2557,0.0274,1]},
{"frame":55,"values":[0.1748,0,0,0,0,0.1748,-0.0003,0,0,-0.0003,-0.1748,0,0,0.2558,0.0274,1]},
{"frame":56,"values":[0.1748,0,0,0,0,0.1748,-0.0003,0,0,-0.0003,-0.1748,0,0,0.2561,0.0274,1]},
{"frame":57,"values":[0.1748,0,0,0,0,0.1748,-0.0003,0,0,-0.0003,-0.1748,0,0,0.2563,0.0274,1]},
{"frame":58,"values":[0.1748,0,0,0,0,0.1748,-0.0003,0,0,-0.0003,-0.1748,0,0,0.2566,0.0274,1]},
{"frame":59,"values":[0.1748,0,0,0,0,0.1748,-0.0003,0,0,-0.0003,-0.1748,0,0,0.2569,0.0274,1]},
{"frame":60,"values":[0.1748,0,0,0,0,0.1748,-0.0003,0,0,-0.0003,-0.1748,0,0,0.2573,0.0274,1]},
{"frame":61,"values":[0.1748,0,0,0,0,0.1748,-0.0003,0,0,-0.0003,-0.1748,0,0,0.2578,0.0274,1]},
{"frame":62,"values":[0.1748,0,0,0,0,0.1748,-0.0003,0,0,-0.0003,-0.1748,0,0,0.2582,0.0274,1]},
{"frame":63,"values":[0.1748,0,0,0,0,0.1748,-0.0003,0,0,-0.0003,-0.1748,0,0,0.2587,0.0274,1]},
{"frame":64,"values":[0.1748,0,0,0,0,0.1748,-0.0003,0,0,-0.0003,-0.1748,0,0,0.2593,0.0274,1]},
{"frame":65,"values":[0.1748,0,0,0,0,0.1748,-0.0003,0,0,-0.0003,-0.1748,0,0,0.2598,0.0274,1]},
{"frame":66,"values":[0.1748,0,0,0,0,0.1748,-0.0003,0,0,-0.0003,-0.1748,0,0,0.2604,0.0274,1]},
{"frame":67,"values":[0.1748,0,0,0,0,0.1748,-0.0003,0,0,-0.0003,-0.1748,0,0,0.261,0.0274,1]},
{"frame":68,"values":[0.1748,0,0,0,0,0.1748,-0.0003,0,0,-0.0003,-0.1748,0,0,0.2617,0.0274,1]},
{"frame":69,"values":[0.1748,0,0,0,0,0.1748,-0.0003,0,0,-0.0003,-0.1748,0,0,0.2623,0.0274,1]},
{"frame":70,"values":[0.1748,0,0,0,0,0.1748,-0.0003,0,0,-0.0003,-0.1748,0,0,0.263,0.0274,1]},
{"frame":71,"values":[0.1748,0,0,0,0,0.1748,-0.0003,0,0,-0.0003,-0.1748,0,0,0.2636,0.0274,1]},
{"frame":72,"values":[0.1748,0,0,0,0,0.1748,-0.0003,0,0,-0.0003,-0.1748,0,0,0.2643,0.0274,1]},
{"frame":73,"values":[0.1748,0,0,0,0,0.1748,-0.0003,0,0,-0.0003,-0.1748,0,0,0.2649,0.0274,1]},
{"frame":74,"values":[0.1748,0,0,0,0,0.1748,-0.0003,0,0,-0.0003,-0.1748,0,0,0.2656,0.0274,1]},
{"frame":75,"values":[0.1748,0,0,0,0,0.1748,-0.0003,0,0,-0.0003,-0.1748,0,0,0.2662,0.0274,1]},
{"frame":76,"values":[0.1748,0,0,0,0,0.1748,-0.0003,0,0,-0.0003,-0.1748,0,0,0.2668,0.0274,1]},
{"frame":77,"values":[0.1748,0,0,0,0,0.1748,-0.0003,0,0,-0.0003,-0.1748,0,0,0.2673,0.0274,1]},
{"frame":78,"values":[0.1748,0,0,0,0,0.1748,-0.0003,0,0,-0.0003,-0.1748,0,0,0.2679,0.0274,1]},
{"frame":79,"values":[0.1748,0,0,0,0,0.1748,-0.0003,0,0,-0.0003,-0.1748,0,0,0.2684,0.0274,1]},
{"frame":80,"values":[0.1748,0,0,0,0,0.1748,-0.0003,0,0,-0.0003,-0.1748,0,0,0.2688,0.0274,1]},
{"frame":81,"values":[0.1748,0,0,0,0,0.1748,-0.0003,0,0,-0.0003,-0.1748,0,0,0.2693,0.0274,1]},
{"frame":82,"values":[0.1748,0,0,0,0,0.1748,-0.0003,0,0,-0.0003,-0.1748,0,0,0.2697,0.0274,1]},
{"frame":83,"values":[0.1748,0,0,0,0,0.1748,-0.0003,0,0,-0.0003,-0.1748,0,0,0.27,0.0274,1]},
{"frame":84,"values":[0.1748,0,0,0,0,0.1748,-0.0003,0,0,-0.0003,-0.1748,0,0,0.2703,0.0274,1]},
{"frame":85,"values":[0.1748,0,0,0,0,0.1748,-0.0003,0,0,-0.0003,-0.1748,0,0,0.2705,0.0274,1]},
{"frame":86,"values":[0.1748,0,0,0,0,0.1748,-0.0003,0,0,-0.0003,-0.1748,0,0,0.2707,0.0274,1]},
{"frame":87,"values":[0.1748,0,0,0,0,0.1748,-0.0003,0,0,-0.0003,-0.1748,0,0,0.2709,0.0274,1]},
{"frame":88,"values":[0.1748,0,0,0,0,0.1748,-0.0003,0,0,-0.0003,-0.1748,0,0,0.271,0.0274,1]},
{"frame":89,"values":[0.1748,0,0,0,0,0.1748,-0.0003,0,0,-0.0003,-0.1748,0,0,0.2711,0.0274,1]},
{"frame":92,"values":[0.1748,0,0,0,0,0.1748,-0.0003,0,0,-0.0003,-0.1748,0,0,0.271,0.0274,1]},
{"frame":93,"values":[0.1748,0,0,0,0,0.1748,-0.0003,0,0,-0.0003,-0.1748,0,0,0.2708,0.0274,1]},
{"frame":94,"values":[0.1748,0,0,0,0,0.1748,-0.0003,0,0,-0.0003,-0.1748,0,0,0.2705,0.0274,1]},
{"frame":95,"values":[0.1748,0,0,0,0,0.1748,-0.0003,0,0,-0.0003,-0.1748,0,0,0.2701,0.0274,1]},
{"frame":96,"values":[0.1748,0,0,0,0,0.1748,-0.0003,0,0,-0.0003,-0.1748,0,0,0.2697,0.0274,1]},
{"frame":97,"values":[0.1748,0,0,0,0,0.1748,-0.0003,0,0,-0.0003,-0.1748,0,0,0.2692,0.0274,1]},
{"frame":98,"values":[0.1748,0,0,0,0,0.1748,-0.0003,0,0,-0.0003,-0.1748,0,0,0.2687,0.0274,1]},
{"frame":99,"values":[0.1748,0,0,0,0,0.1748,-0.0003,0,0,-0.0003,-0.1748,0,0,0.268,0.0274,1]},
{"frame":100,"values":[0.1748,0,0,0,0,0.1748,-0.0003,0,0,-0.0003,-0.1748,0,0,0.2673,0.0274,1]},
{"frame":101,"values":[0.1748,0,0,0,0,0.1748,-0.0003,0,0,-0.0003,-0.1748,0,0,0.2666,0.0274,1]},
{"frame":102,"values":[0.1748,0,0,0,0,0.1748,-0.0003,0,0,-0.0003,-0.1748,0,0,0.2658,0.0274,1]},
{"frame":103,"values":[0.1748,0,0,0,0,0.1748,-0.0003,0,0,-0.0003,-0.1748,0,0,0.265,0.0274,1]},
{"frame":104,"values":[0.1748,0,0,0,0,0.1748,-0.0003,0,0,-0.0003,-0.1748,0,0,0.2641,0.0274,1]},
{"frame":105,"values":[0.1748,0,0,0,0,0.1748,-0.0003,0,0,-0.0003,-0.1748,0,0,0.2633,0.0274,1]},
{"frame":106,"values":[0.1748,0,0,0,0,0.1748,-0.0003,0,0,-0.0003,-0.1748,0,0,0.2624,0.0274,1]},
{"frame":107,"values":[0.1748,0,0,0,0,0.1748,-0.0003,0,0,-0.0003,-0.1748,0,0,0.2616,0.0274,1]},
{"frame":108,"values":[0.1748,0,0,0,0,0.1748,-0.0003,0,0,-0.0003,-0.1748,0,0,0.2608,0.0274,1]},
{"frame":109,"values":[0.1748,0,0,0,0,0.1748,-0.0003,0,0,-0.0003,-0.1748,0,0,0.26,0.0274,1]},
{"frame":110,"values":[0.1748,0,0,0,0,0.1748,-0.0003,0,0,-0.0003,-0.1748,0,0,0.2593,0.0274,1]},
{"frame":111,"values":[0.1748,0,0,0,0,0.1748,-0.0003,0,0,-0.0003,-0.1748,0,0,0.2586,0.0274,1]},
{"frame":112,"values":[0.1748,0,0,0,0,0.1748,-0.0003,0,0,-0.0003,-0.1748,0,0,0.2579,0.0274,1]},
{"frame":113,"values":[0.1748,0,0,0,0,0.1748,-0.0003,0,0,-0.0003,-0.1748,0,0,0.2574,0.0274,1]},
{"frame":114,"values":[0.1748,0,0,0,0,0.1748,-0.0003,0,0,-0.0003,-0.1748,0,0,0.2569,0.0274,1]},
{"frame":115,"values":[0.1748,0,0,0,0,0.1748,-0.0003,0,0,-0.0003,-0.1748,0,0,0.2564,0.0274,1]},
{"frame":116,"values":[0.1748,0,0,0,0,0.1748,-0.0003,0,0,-0.0003,-0.1748,0,0,0.2561,0.0274,1]},
{"frame":117,"values":[0.1748,0,0,0,0,0.1748,-0.0003,0,0,-0.0003,-0.1748,0,0,0.2558,0.0274,1]},
{"frame":118,"values":[0.1748,0,0,0,0,0.1748,-0.0003,0,0,-0.0003,-0.1748,0,0,0.2556,0.0274,1]},
{"frame":119,"values":[0.1748,0,0,0,0,0.1748,-0.0003,0,0,-0.0003,-0.1748,0,0,0.2555,0.0274,1]},
{"frame":120,"values":[0.1748,0,0,0,0,0.1748,-0.0003,0,0,-0.0003,-0.1748,0,0,0.2555,0.0274,1]},
{"frame":131,"values":[0.1748,0,0,0,0,0.1748,-0.0003,0,0,-0.0003,-0.1748,0,0,0.2555,0.0274,1]},
{"frame":133,"values":[0.1748,0,0,0,0,0.1748,-0.0003,0,0,-0.0003,-0.1748,0,0,0.2556,0.0274,1]},
{"frame":134,"values":[0.1748,0,0,0,0,0.1748,-0.0003,0,0,-0.0003,-0.1748,0,0,0.2557,0.0274,1]},
{"frame":135,"values":[0.1748,0,0,0,0,0.1748,-0.0003,0,0,-0.0003,-0.1748,0,0,0.2558,0.0274,1]},
{"frame":136,"values":[0.1748,0,0,0,0,0.1748,-0.0003,0,0,-0.0003,-0.1748,0,0,0.2561,0.0274,1]},
{"frame":137,"values":[0.1748,0,0,0,0,0.1748,-0.0003,0,0,-0.0003,-0.1748,0,0,0.2563,0.0274,1]},
{"frame":138,"values":[0.1748,0,0,0,0,0.1748,-0.0003,0,0,-0.0003,-0.1748,0,0,0.2566,0.0274,1]},
{"frame":139,"values":[0.1748,0,0,0,0,0.1748,-0.0003,0,0,-0.0003,-0.1748,0,0,0.2569,0.0274,1]},
{"frame":140,"values":[0.1748,0,0,0,0,0.1748,-0.0003,0,0,-0.0003,-0.1748,0,0,0.2573,0.0274,1]},
{"frame":141,"values":[0.1748,0,0,0,0,0.1748,-0.0003,0,0,-0.0003,-0.1748,0,0,0.2578,0.0274,1]},
{"frame":142,"values":[0.1748,0,0,0,0,0.1748,-0.0003,0,0,-0.0003,-0.1748,0,0,0.2582,0.0274,1]},
{"frame":143,"values":[0.1748,0,0,0,0,0.1748,-0.0003,0,0,-0.0003,-0.1748,0,0,0.2587,0.0274,1]},
{"frame":144,"values":[0.1748,0,0,0,0,0.1748,-0.0003,0,0,-0.0003,-0.1748,0,0,0.2593,0.0274,1]},
{"frame":145,"values":[0.1748,0,0,0,0,0.1748,-0.0003,0,0,-0.0003,-0.1748,0,0,0.2598,0.0274,1]},
{"frame":146,"values":[0.1748,0,0,0,0,0.1748,-0.0003,0,0,-0.0003,-0.1748,0,0,0.2604,0.0274,1]},
{"frame":147,"values":[0.1748,0,0,0,0,0.1748,-0.0003,0,0,-0.0003,-0.1748,0,0,0.261,0.0274,1]},
{"frame":148,"values":[0.1748,0,0,0,0,0.1748,-0.0003,0,0,-0.0003,-0.1748,0,0,0.2617,0.0274,1]},
{"frame":149,"values":[0.1748,0,0,0,0,0.1748,-0.0003,0,0,-0.0003,-0.1748,0,0,0.2623,0.0274,1]},
{"frame":150,"values":[0.1748,0,0,0,0,0.1748,-0.0003,0,0,-0.0003,-0.1748,0,0,0.263,0.0274,1]},
{"frame":151,"values":[0.1748,0,0,0,0,0.1748,-0.0003,0,0,-0.0003,-0.1748,0,0,0.2636,0.0274,1]},
{"frame":152,"values":[0.1748,0,0,0,0,0.1748,-0.0003,0,0,-0.0003,-0.1748,0,0,0.2643,0.0274,1]},
{"frame":153,"values":[0.1748,0,0,0,0,0.1748,-0.0003,0,0,-0.0003,-0.1748,0,0,0.2649,0.0274,1]},
{"frame":154,"values":[0.1748,0,0,0,0,0.1748,-0.0003,0,0,-0.0003,-0.1748,0,0,0.2656,0.0274,1]},
{"frame":155,"values":[0.1748,0,0,0,0,0.1748,-0.0003,0,0,-0.0003,-0.1748,0,0,0.2662,0.0274,1]},
{"frame":156,"values":[0.1748,0,0,0,0,0.1748,-0.0003,0,0,-0.0003,-0.1748,0,0,0.2668,0.0274,1]},
{"frame":157,"values":[0.1748,0,0,0,0,0.1748,-0.0003,0,0,-0.0003,-0.1748,0,0,0.2673,0.0274,1]},
{"frame":158,"values":[0.1748,0,0,0,0,0.1748,-0.0003,0,0,-0.0003,-0.1748,0,0,0.2679,0.0274,1]},
{"frame":159,"values":[0.1748,0,0,0,0,0.1748,-0.0003,0,0,-0.0003,-0.1748,0,0,0.2684,0.0274,1]},
{"frame":160,"values":[0.1748,0,0,0,0,0.1748,-0.0003,0,0,-0.0003,-0.1748,0,0,0.2688,0.0274,1]},
{"frame":161,"values":[0.1748,0,0,0,0,0.1748,-0.0003,0,0,-0.0003,-0.1748,0,0,0.2693,0.0274,1]},
{"frame":162,"values":[0.1748,0,0,0,0,0.1748,-0.0003,0,0,-0.0003,-0.1748,0,0,0.2697,0.0274,1]},
{"frame":163,"values":[0.1748,0,0,0,0,0.1748,-0.0003,0,0,-0.0003,-0.1748,0,0,0.27,0.0274,1]},
{"frame":164,"values":[0.1748,0,0,0,0,0.1748,-0.0003,0,0,-0.0003,-0.1748,0,0,0.2703,0.0274,1]},
{"frame":165,"values":[0.1748,0,0,0,0,0.1748,-0.0003,0,0,-0.0003,-0.1748,0,0,0.2705,0.0274,1]},
{"frame":166,"values":[0.1748,0,0,0,0,0.1748,-0.0003,0,0,-0.0003,-0.1748,0,0,0.2707,0.0274,1]},
{"frame":167,"values":[0.1748,0,0,0,0,0.1748,-0.0003,0,0,-0.0003,-0.1748,0,0,0.2709,0.0274,1]},
{"frame":168,"values":[0.1748,0,0,0,0,0.1748,-0.0003,0,0,-0.0003,-0.1748,0,0,0.271,0.0274,1]},
{"frame":169,"values":[0.1748,0,0,0,0,0.1748,-0.0003,0,0,-0.0003,-0.1748,0,0,0.2711,0.0274,1]},
{"frame":172,"values":[0.1748,0,0,0,0,0.1748,-0.0003,0,0,-0.0003,-0.1748,0,0,0.271,0.0274,1]},
{"frame":173,"values":[0.1748,0,0,0,0,0.1748,-0.0003,0,0,-0.0003,-0.1748,0,0,0.2708,0.0274,1]},
{"frame":174,"values":[0.1748,0,0,0,0,0.1748,-0.0003,0,0,-0.0003,-0.1748,0,0,0.2705,0.0274,1]},
{"frame":175,"values":[0.1748,0,0,0,0,0.1748,-0.0003,0,0,-0.0003,-0.1748,0,0,0.2701,0.0274,1]},
{"frame":176,"values":[0.1748,0,0,0,0,0.1748,-0.0003,0,0,-0.0003,-0.1748,0,0,0.2697,0.0274,1]},
{"frame":177,"values":[0.1748,0,0,0,0,0.1748,-0.0003,0,0,-0.0003,-0.1748,0,0,0.2692,0.0274,1]},
{"frame":178,"values":[0.1748,0,0,0,0,0.1748,-0.0003,0,0,-0.0003,-0.1748,0,0,0.2687,0.0274,1]},
{"frame":179,"values":[0.1748,0,0,0,0,0.1748,-0.0003,0,0,-0.0003,-0.1748,0,0,0.268,0.0274,1]},
{"frame":180,"values":[0.1748,0,0,0,0,0.1748,-0.0003,0,0,-0.0003,-0.1748,0,0,0.2673,0.0274,1]},
{"frame":181,"values":[0.1748,0,0,0,0,0.1748,-0.0003,0,0,-0.0003,-0.1748,0,0,0.2666,0.0274,1]},
{"frame":182,"values":[0.1748,0,0,0,0,0.1748,-0.0003,0,0,-0.0003,-0.1748,0,0,0.2658,0.0274,1]},
{"frame":183,"values":[0.1748,0,0,0,0,0.1748,-0.0003,0,0,-0.0003,-0.1748,0,0,0.265,0.0274,1]},
{"frame":184,"values":[0.1748,0,0,0,0,0.1748,-0.0003,0,0,-0.0003,-0.1748,0,0,0.2641,0.0274,1]},
{"frame":185,"values":[0.1748,0,0,0,0,0.1748,-0.0003,0,0,-0.0003,-0.1748,0,0,0.2633,0.0274,1]},
{"frame":186,"values":[0.1748,0,0,0,0,0.1748,-0.0003,0,0,-0.0003,-0.1748,0,0,0.2624,0.0274,1]},
{"frame":187,"values":[0.1748,0,0,0,0,0.1748,-0.0003,0,0,-0.0003,-0.1748,0,0,0.2616,0.0274,1]},
{"frame":188,"values":[0.1748,0,0,0,0,0.1748,-0.0003,0,0,-0.0003,-0.1748,0,0,0.2608,0.0274,1]},
{"frame":189,"values":[0.1748,0,0,0,0,0.1748,-0.0003,0,0,-0.0003,-0.1748,0,0,0.26,0.0274,1]},
{"frame":190,"values":[0.1748,0,0,0,0,0.1748,-0.0003,0,0,-0.0003,-0.1748,0,0,0.2593,0.0274,1]},
{"frame":191,"values":[0.1748,0,0,0,0,0.1748,-0.0003,0,0,-0.0003,-0.1748,0,0,0.2586,0.0274,1]},
{"frame":192,"values":[0.1748,0,0,0,0,0.1748,-0.0003,0,0,-0.0003,-0.1748,0,0,0.2579,0.0274,1]},
{"frame":193,"values":[0.1748,0,0,0,0,0.1748,-0.0003,0,0,-0.0003,-0.1748,0,0,0.2574,0.0274,1]},
{"frame":194,"values":[0.1748,0,0,0,0,0.1748,-0.0003,0,0,-0.0003,-0.1748,0,0,0.2569,0.0274,1]},
{"frame":195,"values":[0.1748,0,0,0,0,0.1748,-0.0003,0,0,-0.0003,-0.1748,0,0,0.2564,0.0274,1]},
{"frame":196,"values":[0.1748,0,0,0,0,0.1748,-0.0003,0,0,-0.0003,-0.1748,0,0,0.2561,0.0274,1]},
{"frame":197,"values":[0.1748,0,0,0,0,0.1748,-0.0003,0,0,-0.0003,-0.1748,0,0,0.2558,0.0274,1]},
{"frame":198,"values":[0.1748,0,0,0,0,0.1748,-0.0003,0,0,-0.0003,-0.1748,0,0,0.2556,0.0274,1]},
{"frame":199,"values":[0.1748,0,0,0,0,0.1748,-0.0003,0,0,-0.0003,-0.1748,0,0,0.2555,0.0274,1]},
{"frame":200,"values":[0.1748,0,0,0,0,0.1748,-0.0003,0,0,-0.0003,-0.1748,0,0,0.2555,0.0274,1]},
{"frame":211,"values":[0.1748,0,0,0,0,0.1748,-0.0003,0,0,-0.0003,-0.1748,0,0,0.2555,0.0274,1]},
{"frame":213,"values":[0.1748,0,0,0,0,0.1748,-0.0003,0,0,-0.0003,-0.1748,0,0,0.2556,0.0274,1]},
{"frame":214,"values":[0.1748,0,0,0,0,0.1748,-0.0003,0,0,-0.0003,-0.1748,0,0,0.2557,0.0274,1]},
{"frame":215,"values":[0.1748,0,0,0,0,0.1748,-0.0003,0,0,-0.0003,-0.1748,0,0,0.2558,0.0274,1]},
{"frame":216,"values":[0.1748,0,0,0,0,0.1748,-0.0003,0,0,-0.0003,-0.1748,0,0,0.2561,0.0274,1]},
{"frame":217,"values":[0.1748,0,0,0,0,0.1748,-0.0003,0,0,-0.0003,-0.1748,0,0,0.2563,0.0274,1]},
{"frame":218,"values":[0.1748,0,0,0,0,0.1748,-0.0003,0,0,-0.0003,-0.1748,0,0,0.2566,0.0274,1]},
{"frame":219,"values":[0.1748,0,0,0,0,0.1748,-0.0003,0,0,-0.0003,-0.1748,0,0,0.2569,0.0274,1]},
{"frame":220,"values":[0.1748,0,0,0,0,0.1748,-0.0003,0,0,-0.0003,-0.1748,0,0,0.2573,0.0274,1]},
{"frame":221,"values":[0.1748,0,0,0,0,0.1748,-0.0003,0,0,-0.0003,-0.1748,0,0,0.2578,0.0274,1]},
{"frame":222,"values":[0.1748,0,0,0,0,0.1748,-0.0003,0,0,-0.0003,-0.1748,0,0,0.2582,0.0274,1]},
{"frame":223,"values":[0.1748,0,0,0,0,0.1748,-0.0003,0,0,-0.0003,-0.1748,0,0,0.2587,0.0274,1]},
{"frame":224,"values":[0.1748,0,0,0,0,0.1748,-0.0003,0,0,-0.0003,-0.1748,0,0,0.2593,0.0274,1]},
{"frame":225,"values":[0.1748,0,0,0,0,0.1748,-0.0003,0,0,-0.0003,-0.1748,0,0,0.2598,0.0274,1]},
{"frame":226,"values":[0.1748,0,0,0,0,0.1748,-0.0003,0,0,-0.0003,-0.1748,0,0,0.2604,0.0274,1]},
{"frame":227,"values":[0.1748,0,0,0,0,0.1748,-0.0003,0,0,-0.0003,-0.1748,0,0,0.261,0.0274,1]},
{"frame":228,"values":[0.1748,0,0,0,0,0.1748,-0.0003,0,0,-0.0003,-0.1748,0,0,0.2617,0.0274,1]},
{"frame":229,"values":[0.1748,0,0,0,0,0.1748,-0.0003,0,0,-0.0003,-0.1748,0,0,0.2623,0.0274,1]},
{"frame":230,"values":[0.1748,0,0,0,0,0.1748,-0.0003,0,0,-0.0003,-0.1748,0,0,0.263,0.0274,1]},
{"frame":231,"values":[0.1748,0,0,0,0,0.1748,-0.0003,0,0,-0.0003,-0.1748,0,0,0.2636,0.0274,1]},
{"frame":232,"values":[0.1748,0,0,0,0,0.1748,-0.0003,0,0,-0.0003,-0.1748,0,0,0.2643,0.0274,1]},
{"frame":233,"values":[0.1748,0,0,0,0,0.1748,-0.0003,0,0,-0.0003,-0.1748,0,0,0.2649,0.0274,1]},
{"frame":234,"values":[0.1748,0,0,0,0,0.1748,-0.0003,0,0,-0.0003,-0.1748,0,0,0.2656,0.0274,1]},
{"frame":235,"values":[0.1748,0,0,0,0,0.1748,-0.0003,0,0,-0.0003,-0.1748,0,0,0.2662,0.0274,1]},
{"frame":236,"values":[0.1748,0,0,0,0,0.1748,-0.0003,0,0,-0.0003,-0.1748,0,0,0.2668,0.0274,1]},
{"frame":237,"values":[0.1748,0,0,0,0,0.1748,-0.0003,0,0,-0.0003,-0.1748,0,0,0.2673,0.0274,1]},
{"frame":238,"values":[0.1748,0,0,0,0,0.1748,-0.0003,0,0,-0.0003,-0.1748,0,0,0.2679,0.0274,1]},
{"frame":239,"values":[0.1748,0,0,0,0,0.1748,-0.0003,0,0,-0.0003,-0.1748,0,0,0.2684,0.0274,1]},
{"frame":240,"values":[0.1748,0,0,0,0,0.1748,-0.0003,0,0,-0.0003,-0.1748,0,0,0.2688,0.0274,1]},
{"frame":241,"values":[0.1748,0,0,0,0,0.1748,-0.0003,0,0,-0.0003,-0.1748,0,0,0.2693,0.0274,1]},
{"frame":242,"values":[0.1748,0,0,0,0,0.1748,-0.0003,0,0,-0.0003,-0.1748,0,0,0.2697,0.0274,1]},
{"frame":243,"values":[0.1748,0,0,0,0,0.1748,-0.0003,0,0,-0.0003,-0.1748,0,0,0.27,0.0274,1]},
{"frame":244,"values":[0.1748,0,0,0,0,0.1748,-0.0003,0,0,-0.0003,-0.1748,0,0,0.2703,0.0274,1]},
{"frame":245,"values":[0.1748,0,0,0,0,0.1748,-0.0003,0,0,-0.0003,-0.1748,0,0,0.2705,0.0274,1]},
{"frame":246,"values":[0.1748,0,0,0,0,0.1748,-0.0003,0,0,-0.0003,-0.1748,0,0,0.2707,0.0274,1]},
{"frame":247,"values":[0.1748,0,0,0,0,0.1748,-0.0003,0,0,-0.0003,-0.1748,0,0,0.2709,0.0274,1]},
{"frame":248,"values":[0.1748,0,0,0,0,0.1748,-0.0003,0,0,-0.0003,-0.1748,0,0,0.271,0.0274,1]},
{"frame":249,"values":[0.1748,0,0,0,0,0.1748,-0.0003,0,0,-0.0003,-0.1748,0,0,0.2711,0.0274,1]},
{"frame":252,"values":[0.1748,0,0,0,0,0.1748,-0.0003,0,0,-0.0003,-0.1748,0,0,0.271,0.0274,1]},
{"frame":253,"values":[0.1748,0,0,0,0,0.1748,-0.0003,0,0,-0.0003,-0.1748,0,0,0.2708,0.0274,1]},
{"frame":254,"values":[0.1748,0,0,0,0,0.1748,-0.0003,0,0,-0.0003,-0.1748,0,0,0.2705,0.0274,1]},
{"frame":255,"values":[0.1748,0,0,0,0,0.1748,-0.0003,0,0,-0.0003,-0.1748,0,0,0.2701,0.0274,1]},
{"frame":256,"values":[0.1748,0,0,0,0,0.1748,-0.0003,0,0,-0.0003,-0.1748,0,0,0.2697,0.0274,1]},
{"frame":257,"values":[0.1748,0,0,0,0,0.1748,-0.0003,0,0,-0.0003,-0.1748,0,0,0.2692,0.0274,1]},
{"frame":258,"values":[0.1748,0,0,0,0,0.1748,-0.0003,0,0,-0.0003,-0.1748,0,0,0.2687,0.0274,1]},
{"frame":259,"values":[0.1748,0,0,0,0,0.1748,-0.0003,0,0,-0.0003,-0.1748,0,0,0.268,0.0274,1]},
{"frame":260,"values":[0.1748,0,0,0,0,0.1748,-0.0003,0,0,-0.0003,-0.1748,0,0,0.2673,0.0274,1]},
{"frame":261,"values":[0.1748,0,0,0,0,0.1748,-0.0003,0,0,-0.0003,-0.1748,0,0,0.2666,0.0274,1]},
{"frame":262,"values":[0.1748,0,0,0,0,0.1748,-0.0003,0,0,-0.0003,-0.1748,0,0,0.2658,0.0274,1]},
{"frame":263,"values":[0.1748,0,0,0,0,0.1748,-0.0003,0,0,-0.0003,-0.1748,0,0,0.265,0.0274,1]},
{"frame":264,"values":[0.1748,0,0,0,0,0.1748,-0.0003,0,0,-0.0003,-0.1748,0,0,0.2641,0.0274,1]},
{"frame":265,"values":[0.1748,0,0,0,0,0.1748,-0.0003,0,0,-0.0003,-0.1748,0,0,0.2633,0.0274,1]},
{"frame":266,"values":[0.1748,0,0,0,0,0.1748,-0.0003,0,0,-0.0003,-0.1748,0,0,0.2624,0.0274,1]},
{"frame":267,"values":[0.1748,0,0,0,0,0.1748,-0.0003,0,0,-0.0003,-0.1748,0,0,0.2616,0.0274,1]},
{"frame":268,"values":[0.1748,0,0,0,0,0.1748,-0.0003,0,0,-0.0003,-0.1748,0,0,0.2608,0.0274,1]},
{"frame":269,"values":[0.1748,0,0,0,0,0.1748,-0.0003,0,0,-0.0003,-0.1748,0,0,0.26,0.0274,1]},
{"frame":270,"values":[0.1748,0,0,0,0,0.1748,-0.0003,0,0,-0.0003,-0.1748,0,0,0.2593,0.0274,1]},
{"frame":271,"values":[0.1748,0,0,0,0,0.1748,-0.0003,0,0,-0.0003,-0.1748,0,0,0.2586,0.0274,1]},
{"frame":272,"values":[0.1748,0,0,0,0,0.1748,-0.0003,0,0,-0.0003,-0.1748,0,0,0.2579,0.0274,1]},
{"frame":273,"values":[0.1748,0,0,0,0,0.1748,-0.0003,0,0,-0.0003,-0.1748,0,0,0.2574,0.0274,1]},
{"frame":274,"values":[0.1748,0,0,0,0,0.1748,-0.0003,0,0,-0.0003,-0.1748,0,0,0.2569,0.0274,1]},
{"frame":275,"values":[0.1748,0,0,0,0,0.1748,-0.0003,0,0,-0.0003,-0.1748,0,0,0.2564,0.0274,1]},
{"frame":276,"values":[0.1748,0,0,0,0,0.1748,-0.0003,0,0,-0.0003,-0.1748,0,0,0.2561,0.0274,1]},
{"frame":277,"values":[0.1748,0,0,0,0,0.1748,-0.0003,0,0,-0.0003,-0.1748,0,0,0.2558,0.0274,1]},
{"frame":278,"values":[0.1748,0,0,0,0,0.1748,-0.0003,0,0,-0.0003,-0.1748,0,0,0.2556,0.0274,1]},
{"frame":279,"values":[0.1748,0,0,0,0,0.1748,-0.0003,0,0,-0.0003,-0.1748,0,0,0.2555,0.0274,1]},
{"frame":280,"values":[0.1748,0,0,0,0,0.1748,-0.0003,0,0,-0.0003,-0.1748,0,0,0.2555,0.0274,1]},
{"frame":291,"values":[0.1748,0,0,0,0,0.1748,-0.0003,0,0,-0.0003,-0.1748,0,0,0.2555,0.0274,1]},
{"frame":293,"values":[0.1748,0,0,0,0,0.1748,-0.0003,0,0,-0.0003,-0.1748,0,0,0.2556,0.0274,1]},
{"frame":294,"values":[0.1748,0,0,0,0,0.1748,-0.0003,0,0,-0.0003,-0.1748,0,0,0.2557,0.0274,1]},
{"frame":295,"values":[0.1748,0,0,0,0,0.1748,-0.0003,0,0,-0.0003,-0.1748,0,0,0.2558,0.0274,1]},
{"frame":296,"values":[0.1748,0,0,0,0,0.1748,-0.0003,0,0,-0.0003,-0.1748,0,0,0.2561,0.0274,1]},
{"frame":297,"values":[0.1748,0,0,0,0,0.1748,-0.0003,0,0,-0.0003,-0.1748,0,0,0.2563,0.0274,1]},
{"frame":298,"values":[0.1748,0,0,0,0,0.1748,-0.0003,0,0,-0.0003,-0.1748,0,0,0.2566,0.0274,1]},
{"frame":299,"values":[0.1748,0,0,0,0,0.1748,-0.0003,0,0,-0.0003,-0.1748,0,0,0.2569,0.0274,1]},
{"frame":300,"values":[0.1748,0,0,0,0,0.1748,-0.0003,0,0,-0.0003,-0.1748,0,0,0.2573,0.0274,1]},
{"frame":301,"values":[0.1748,0,0,0,0,0.1748,-0.0003,0,0,-0.0003,-0.1748,0,0,0.2578,0.0274,1]},
{"frame":302,"values":[0.1748,0,0,0,0,0.1748,-0.0003,0,0,-0.0003,-0.1748,0,0,0.2582,0.0274,1]},
{"frame":303,"values":[0.1748,0,0,0,0,0.1748,-0.0003,0,0,-0.0003,-0.1748,0,0,0.2587,0.0274,1]},
{"frame":304,"values":[0.1748,0,0,0,0,0.1748,-0.0003,0,0,-0.0003,-0.1748,0,0,0.2593,0.0274,1]},
{"frame":305,"values":[0.1748,0,0,0,0,0.1748,-0.0003,0,0,-0.0003,-0.1748,0,0,0.2598,0.0274,1]},
{"frame":306,"values":[0.1748,0,0,0,0,0.1748,-0.0003,0,0,-0.0003,-0.1748,0,0,0.2604,0.0274,1]},
{"frame":307,"values":[0.1748,0,0,0,0,0.1748,-0.0003,0,0,-0.0003,-0.1748,0,0,0.261,0.0274,1]},
{"frame":308,"values":[0.1748,0,0,0,0,0.1748,-0.0003,0,0,-0.0003,-0.1748,0,0,0.2617,0.0274,1]},
{"frame":309,"values":[0.1748,0,0,0,0,0.1748,-0.0003,0,0,-0.0003,-0.1748,0,0,0.2623,0.0274,1]},
{"frame":310,"values":[0.1748,0,0,0,0,0.1748,-0.0003,0,0,-0.0003,-0.1748,0,0,0.263,0.0274,1]},
{"frame":311,"values":[0.1748,0,0,0,0,0.1748,-0.0003,0,0,-0.0003,-0.1748,0,0,0.2636,0.0274,1]},
{"frame":312,"values":[0.1748,0,0,0,0,0.1748,-0.0003,0,0,-0.0003,-0.1748,0,0,0.2643,0.0274,1]},
{"frame":313,"values":[0.1748,0,0,0,0,0.1748,-0.0003,0,0,-0.0003,-0.1748,0,0,0.2649,0.0274,1]},
{"frame":314,"values":[0.1748,0,0,0,0,0.1748,-0.0003,0,0,-0.0003,-0.1748,0,0,0.2656,0.0274,1]},
{"frame":315,"values":[0.1748,0,0,0,0,0.1748,-0.0003,0,0,-0.0003,-0.1748,0,0,0.2662,0.0274,1]},
{"frame":316,"values":[0.1748,0,0,0,0,0.1748,-0.0003,0,0,-0.0003,-0.1748,0,0,0.2668,0.0274,1]},
{"frame":317,"values":[0.1748,0,0,0,0,0.1748,-0.0003,0,0,-0.0003,-0.1748,0,0,0.2673,0.0274,1]},
{"frame":318,"values":[0.1748,0,0,0,0,0.1748,-0.0003,0,0,-0.0003,-0.1748,0,0,0.2679,0.0274,1]},
{"frame":319,"values":[0.1748,0,0,0,0,0.1748,-0.0003,0,0,-0.0003,-0.1748,0,0,0.2684,0.0274,1]},
{"frame":320,"values":[0.1748,0,0,0,0,0.1748,-0.0003,0,0,-0.0003,-0.1748,0,0,0.2688,0.0274,1]},
{"frame":321,"values":[0.1748,0,0,0,0,0.1748,-0.0003,0,0,-0.0003,-0.1748,0,0,0.2693,0.0274,1]},
{"frame":322,"values":[0.1748,0,0,0,0,0.1748,-0.0003,0,0,-0.0003,-0.1748,0,0,0.2697,0.0274,1]},
{"frame":323,"values":[0.1748,0,0,0,0,0.1748,-0.0003,0,0,-0.0003,-0.1748,0,0,0.27,0.0274,1]},
{"frame":324,"values":[0.1748,0,0,0,0,0.1748,-0.0003,0,0,-0.0003,-0.1748,0,0,0.2703,0.0274,1]},
{"frame":325,"values":[0.1748,0,0,0,0,0.1748,-0.0003,0,0,-0.0003,-0.1748,0,0,0.2705,0.0274,1]},
{"frame":326,"values":[0.1748,0,0,0,0,0.1748,-0.0003,0,0,-0.0003,-0.1748,0,0,0.2707,0.0274,1]},
{"frame":327,"values":[0.1748,0,0,0,0,0.1748,-0.0003,0,0,-0.0003,-0.1748,0,0,0.2709,0.0274,1]},
{"frame":328,"values":[0.1748,0,0,0,0,0.1748,-0.0003,0,0,-0.0003,-0.1748,0,0,0.271,0.0274,1]},
{"frame":329,"values":[0.1748,0,0,0,0,0.1748,-0.0003,0,0,-0.0003,-0.1748,0,0,0.2711,0.0274,1]},
{"frame":332,"values":[0.1748,0,0,0,0,0.1748,-0.0003,0,0,-0.0003,-0.1748,0,0,0.271,0.0274,1]},
{"frame":333,"values":[0.1748,0,0,0,0,0.1748,-0.0003,0,0,-0.0003,-0.1748,0,0,0.2708,0.0274,1]},
{"frame":334,"values":[0.1748,0,0,0,0,0.1748,-0.0003,0,0,-0.0003,-0.1748,0,0,0.2705,0.0274,1]},
{"frame":335,"values":[0.1748,0,0,0,0,0.1748,-0.0003,0,0,-0.0003,-0.1748,0,0,0.2701,0.0274,1]},
{"frame":336,"values":[0.1748,0,0,0,0,0.1748,-0.0003,0,0,-0.0003,-0.1748,0,0,0.2697,0.0274,1]},
{"frame":337,"values":[0.1748,0,0,0,0,0.1748,-0.0003,0,0,-0.0003,-0.1748,0,0,0.2692,0.0274,1]},
{"frame":338,"values":[0.1748,0,0,0,0,0.1748,-0.0003,0,0,-0.0003,-0.1748,0,0,0.2687,0.0274,1]},
{"frame":339,"values":[0.1748,0,0,0,0,0.1748,-0.0003,0,0,-0.0003,-0.1748,0,0,0.268,0.0274,1]},
{"frame":340,"values":[0.1748,0,0,0,0,0.1748,-0.0003,0,0,-0.0003,-0.1748,0,0,0.2673,0.0274,1]},
{"frame":341,"values":[0.1748,0,0,0,0,0.1748,-0.0003,0,0,-0.0003,-0.1748,0,0,0.2666,0.0274,1]},
{"frame":342,"values":[0.1748,0,0,0,0,0.1748,-0.0003,0,0,-0.0003,-0.1748,0,0,0.2658,0.0274,1]},
{"frame":343,"values":[0.1748,0,0,0,0,0.1748,-0.0003,0,0,-0.0003,-0.1748,0,0,0.265,0.0274,1]},
{"frame":344,"values":[0.1748,0,0,0,0,0.1748,-0.0003,0,0,-0.0003,-0.1748,0,0,0.2641,0.0274,1]},
{"frame":345,"values":[0.1748,0,0,0,0,0.1748,-0.0003,0,0,-0.0003,-0.1748,0,0,0.2633,0.0274,1]},
{"frame":346,"values":[0.1748,0,0,0,0,0.1748,-0.0003,0,0,-0.0003,-0.1748,0,0,0.2624,0.0274,1]},
{"frame":347,"values":[0.1748,0,0,0,0,0.1748,-0.0003,0,0,-0.0003,-0.1748,0,0,0.2616,0.0274,1]},
{"frame":348,"values":[0.1748,0,0,0,0,0.1748,-0.0003,0,0,-0.0003,-0.1748,0,0,0.2608,0.0274,1]},
{"frame":349,"values":[0.1748,0,0,0,0,0.1748,-0.0003,0,0,-0.0003,-0.1748,0,0,0.26,0.0274,1]},
{"frame":350,"values":[0.1748,0,0,0,0,0.1748,-0.0003,0,0,-0.0003,-0.1748,0,0,0.2593,0.0274,1]},
{"frame":351,"values":[0.1748,0,0,0,0,0.1748,-0.0003,0,0,-0.0003,-0.1748,0,0,0.2586,0.0274,1]},
{"frame":352,"values":[0.1748,0,0,0,0,0.1748,-0.0003,0,0,-0.0003,-0.1748,0,0,0.2579,0.0274,1]},
{"frame":353,"values":[0.1748,0,0,0,0,0.1748,-0.0003,0,0,-0.0003,-0.1748,0,0,0.2574,0.0274,1]},
{"frame":354,"values":[0.1748,0,0,0,0,0.1748,-0.0003,0,0,-0.0003,-0.1748,0,0,0.2569,0.0274,1]},
{"frame":355,"values":[0.1748,0,0,0,0,0.1748,-0.0003,0,0,-0.0003,-0.1748,0,0,0.2564,0.0274,1]},
{"frame":356,"values":[0.1748,0,0,0,0,0.1748,-0.0003,0,0,-0.0003,-0.1748,0,0,0.2561,0.0274,1]},
{"frame":357,"values":[0.1748,0,0,0,0,0.1748,-0.0003,0,0,-0.0003,-0.1748,0,0,0.2558,0.0274,1]},
{"frame":358,"values":[0.1748,0,0,0,0,0.1748,-0.0003,0,0,-0.0003,-0.1748,0,0,0.2556,0.0274,1]},
{"frame":359,"values":[0.1748,0,0,0,0,0.1748,-0.0003,0,0,-0.0003,-0.1748,0,0,0.2555,0.0274,1]},
{"frame":360,"values":[0.1748,0,0,0,0,0.1748,-0.0003,0,0,-0.0003,-0.1748,0,0,0.2555,0.0274,1]},
{"frame":371,"values":[0.1748,0,0,0,0,0.1748,-0.0003,0,0,-0.0003,-0.1748,0,0,0.2352,0.0274,1]},
{"frame":372,"values":[0.1748,0,0,0,0,0.1748,-0.0003,0,0,-0.0003,-0.1748,0,0,0.2378,0.0274,1]},
{"frame":373,"values":[0.1748,0,0,0,0,0.1748,-0.0003,0,0,-0.0003,-0.1748,0,0,0.2454,0.0274,1]},
{"frame":374,"values":[0.1748,0,0,0,0,0.1748,-0.0003,0,0,-0.0003,-0.1748,0,0,0.2563,0.0274,1]},
{"frame":375,"values":[0.1748,0,0,0,0,0.1748,-0.0003,0,0,-0.0003,-0.1748,0,0,0.2672,0.0274,1]},
{"frame":376,"values":[0.1748,0,0,0,0,0.1748,-0.0003,0,0,-0.0003,-0.1748,0,0,0.2748,0.0274,1]},
{"frame":377,"values":[0.1748,0,0,0,0,0.1748,-0.0003,0,0,-0.0003,-0.1748,0,0,0.2774,0.0274,1]},
{"frame":378,"values":[0.1748,0,0,0,0,0.1748,-0.0003,0,0,-0.0003,-0.1748,0,0,0.2672,0.0274,1]},
{"frame":379,"values":[0.1748,0,0,0,0,0.1748,-0.0003,0,0,-0.0003,-0.1748,0,0,0.2454,0.0274,1]},
{"frame":380,"values":[0.1748,0,0,0,0,0.1748,-0.0003,0,0,-0.0003,-0.1748,0,0,0.2352,0.0274,1]},
{"frame":381,"values":[0.1748,0,0,0,0,0.1748,-0.0003,0,0,-0.0003,-0.1748,0,0,0.2374,0.0274,1]},
{"frame":382,"values":[0.1748,0,0,0,0,0.1748,-0.0003,0,0,-0.0003,-0.1748,0,0,0.2439,0.0274,1]},
{"frame":383,"values":[0.1748,0,0,0,0,0.1748,-0.0003,0,0,-0.0003,-0.1748,0,0,0.2538,0.0274,1]},
{"frame":384,"values":[0.1748,0,0,0,0,0.1748,-0.0003,0,0,-0.0003,-0.1748,0,0,0.2651,0.0274,1]},
{"frame":385,"values":[0.1748,0,0,0,0,0.1748,-0.0003,0,0,-0.0003,-0.1748,0,0,0.275,0.0274,1]},
{"frame":386,"values":[0.1748,0,0,0,0,0.1748,-0.0003,0,0,-0.0003,-0.1748,0,0,0.2815,0.0274,1]},
{"frame":387,"values":[0.1748,0,0,0,0,0.1748,-0.0003,0,0,-0.0003,-0.1748,0,0,0.2837,0.0274,1]},
{"frame":388,"values":[0.1748,0,0,0,0,0.1748,-0.0003,0,0,-0.0003,-0.1748,0,0,0.272,0.0274,1]},
{"frame":389,"values":[0.1748,0,0,0,0,0.1748,-0.0003,0,0,-0.0003,-0.1748,0,0,0.2469,0.0274,1]},
{"frame":390,"values":[0.1748,0,0,0,0,0.1748,-0.0003,0,0,-0.0003,-0.1748,0,0,0.2352,0.0274,1]},
{"frame":401,"values":[0.1748,0,0,0,0,0.1748,-0.0003,0,0,-0.0003,-0.1748,0,0,0.2352,0.0274,1]},
{"frame":402,"values":[0.1748,0,0,0,0,0.1748,-0.0003,0,0,-0.0003,-0.1748,0,0,0.2378,0.0274,1]},
{"frame":403,"values":[0.1748,0,0,0,0,0.1748,-0.0003,0,0,-0.0003,-0.1748,0,0,0.2454,0.0274,1]},
{"frame":404,"values":[0.1748,0,0,0,0,0.1748,-0.0003,0,0,-0.0003,-0.1748,0,0,0.2563,0.0274,1]},
{"frame":405,"values":[0.1748,0,0,0,0,0.1748,-0.0003,0,0,-0.0003,-0.1748,0,0,0.2672,0.0274,1]},
{"frame":406,"values":[0.1748,0,0,0,0,0.1748,-0.0003,0,0,-0.0003,-0.1748,0,0,0.2748,0.0274,1]},
{"frame":407,"values":[0.1748,0,0,0,0,0.1748,-0.0003,0,0,-0.0003,-0.1748,0,0,0.2774,0.0274,1]},
{"frame":408,"values":[0.1748,0,0,0,0,0.1748,-0.0003,0,0,-0.0003,-0.1748,0,0,0.2672,0.0274,1]},
{"frame":409,"values":[0.1748,0,0,0,0,0.1748,-0.0003,0,0,-0.0003,-0.1748,0,0,0.2454,0.0274,1]},
{"frame":410,"values":[0.1748,0,0,0,0,0.1748,-0.0003,0,0,-0.0003,-0.1748,0,0,0.2352,0.0274,1]},
{"frame":411,"values":[0.1748,0,0,0,0,0.1748,-0.0003,0,0,-0.0003,-0.1748,0,0,0.2374,0.0274,1]},
{"frame":412,"values":[0.1748,0,0,0,0,0.1748,-0.0003,0,0,-0.0003,-0.1748,0,0,0.2439,0.0274,1]},
{"frame":413,"values":[0.1748,0,0,0,0,0.1748,-0.0003,0,0,-0.0003,-0.1748,0,0,0.2538,0.0274,1]},
{"frame":414,"values":[0.1748,0,0,0,0,0.1748,-0.0003,0,0,-0.0003,-0.1748,0,0,0.2651,0.0274,1]},
{"frame":415,"values":[0.1748,0,0,0,0,0.1748,-0.0003,0,0,-0.0003,-0.1748,0,0,0.275,0.0274,1]},
{"frame":416,"values":[0.1748,0,0,0,0,0.1748,-0.0003,0,0,-0.0003,-0.1748,0,0,0.2815,0.0274,1]},
{"frame":417,"values":[0.1748,0,0,0,0,0.1748,-0.0003,0,0,-0.0003,-0.1748,0,0,0.2837,0.0274,1]},
{"frame":418,"values":[0.1748,0,0,0,0,0.1748,-0.0003,0,0,-0.0003,-0.1748,0,0,0.272,0.0274,1]},
{"frame":419,"values":[0.1748,0,0,0,0,0.1748,-0.0003,0,0,-0.0003,-0.1748,0,0,0.2469,0.0274,1]},
{"frame":420,"values":[0.1748,0,0,0,0,0.1748,-0.0003,0,0,-0.0003,-0.1748,0,0,0.2352,0.0274,1]}],"loopBehavior":1,"name":"anim","property":"_matrix"}},
{"name":"Bone.001","index":1,"matrix":[1,0,0,0,0,0.9982,-0.0603,0,0,0.0603,0.9982,0,0,1,0,1],"rest":[1,0,0,0,0,0.9996,0.0271,0,0,-0.0271,0.9996,0,0,1,0,1],"parentBoneIndex":0,"length":0.8488
,"animation":{"dataType":3,"framePerSecond":24,"keys":[
{"frame":1,"values":[1,0,0,0,0,0.9982,-0.0603,0,0,0.0603,0.9982,0,0,1,0,1]},
{"frame":2,"values":[1,0,0,0,0,0.9957,-0.0931,0,0,0.0931,0.9957,0,0,1,0,1]},
{"frame":3,"values":[1,0,0,0,0,0.9839,-0.1786,0,0,0.1786,0.9839,0,0,1,0,1]},
{"frame":4,"values":[1,0,0,0,0,0.9649,-0.2627,0,0,0.2627,0.9649,0,0,1,0,1]},
{"frame":5,"values":[1,0,0,0,0,0.9557,-0.2943,0,0,0.2943,0.9557,0,0,1,0,1]},
{"frame":8,"values":[1,0,0,0,0,0.971,-0.2389,0,0,0.2389,0.971,0,0,1,0,1]},
{"frame":9,"values":[1,0,0,0,0,0.9931,-0.1176,0,0,0.1176,0.9931,0,0,1,0,1]},
{"frame":10,"values":[1,0,0,0,0,0.9982,-0.0603,0,0,0.0603,0.9982,0,0,1,0,1]},
{"frame":21,"values":[1,0,0,0,0,0.9982,-0.0603,0,0,0.0603,0.9982,0,0,1,0,1]},
{"frame":22,"values":[1,0,0,0,0,0.9957,-0.0931,0,0,0.0931,0.9957,0,0,1,0,1]},
{"frame":23,"values":[1,0,0,0,0,0.9839,-0.1786,0,0,0.1786,0.9839,0,0,1,0,1]},
{"frame":24,"values":[1,0,0,0,0,0.9649,-0.2627,0,0,0.2627,0.9649,0,0,1,0,1]},
{"frame":25,"values":[1,0,0,0,0,0.9557,-0.2943,0,0,0.2943,0.9557,0,0,1,0,1]},
{"frame":28,"values":[1,0,0,0,0,0.971,-0.2389,0,0,0.2389,0.971,0,0,1,0,1]},
{"frame":29,"values":[1,0,0,0,0,0.9931,-0.1176,0,0,0.1176,0.9931,0,0,1,0,1]},
{"frame":30,"values":[1,0,0,0,0,0.9982,-0.0603,0,0,0.0603,0.9982,0,0,1,0,1]},
{"frame":35,"values":[1,0,0,0,0,0.9982,-0.0603,0,0,0.0603,0.9982,0,0,1,0,1]},
{"frame":41,"values":[1,0,0,0,0,0.9996,0.0271,0,0,-0.0271,0.9996,0,0,1,0,1]},
{"frame":42,"values":[1,0,0,0,0,0.9996,0.0271,0,0,-0.0271,0.9996,0,0,1,0,1]},
{"frame":51,"values":[1,0,0,0,0,0.9982,-0.0603,0,0,0.0603,0.9982,0,0,1,0,1]},
{"frame":120,"values":[1,0,0,0,0,0.9982,-0.0603,0,0,0.0603,0.9982,0,0,1,0,1]},
{"frame":131,"values":[1,0,0,0,0,0.9982,-0.0603,0,0,0.0603,0.9982,0,0,1,0,1]},
{"frame":200,"values":[1,0,0,0,0,0.9982,-0.0603,0,0,0.0603,0.9982,0,0,1,0,1]},
{"frame":211,"values":[1,0,0,0,0,0.9982,-0.0603,0,0,0.0603,0.9982,0,0,1,0,1]},
{"frame":280,"values":[1,0,0,0,0,0.9982,-0.0603,0,0,0.0603,0.9982,0,0,1,0,1]},
{"frame":291,"values":[1,0,0,0,0,0.9982,-0.0603,0,0,0.0603,0.9982,0,0,1,0,1]},
{"frame":360,"values":[1,0,0,0,0,0.9982,-0.0603,0,0,0.0603,0.9982,0,0,1,0,1]},
{"frame":371,"values":[1,0,0,0,0,0.9982,-0.0603,0,0,0.0603,0.9982,0,0,1,0,1]},
{"frame":390,"values":[1,0,0,0,0,0.9982,-0.0603,0,0,0.0603,0.9982,0,0,1,0,1]},
{"frame":401,"values":[1,0,0,0,0,0.9982,-0.0603,0,0,0.0603,0.9982,0,0,1,0,1]},
{"frame":420,"values":[1,0,0,0,0,0.9982,-0.0603,0,0,0.0603,0.9982,0,0,1,0,1]}],"loopBehavior":1,"name":"anim","property":"_matrix"}},
{"name":"Bone.002","index":2,"matrix":[1,0,0,0,0,0.9877,0.1562,0,0,-0.1562,0.9877,0,0,0.8488,0,1],"rest":[1,0,0,0,0,0.9877,0.1562,0,0,-0.1562,0.9877,0,0,0.8488,0,1],"parentBoneIndex":1,"length":0.4556
,"animation":{"dataType":3,"framePerSecond":24,"keys":[
{"frame":1,"values":[1,0,0,0,0,0.9877,0.1562,0,0,-0.1562,0.9877,0,0,0.8488,0,1]},
{"frame":10,"values":[1,0,0,0,0,0.9877,0.1562,0,0,-0.1562,0.9877,0,0,0.8488,0,1]},
{"frame":21,"values":[1,0,0,0,0,0.9877,0.1562,0,0,-0.1562,0.9877,0,0,0.8488,0,1]},
{"frame":35,"values":[1,0,0,0,0,0.9877,0.1562,0,0,-0.1562,0.9877,0,0,0.8488,0,1]},
{"frame":41,"values":[1,0,0,0,0,0.9877,0.1562,0,0,-0.1562,0.9877,0,0,0.8488,0,1]},
{"frame":42,"values":[1,0,0,0,0,0.9877,0.1562,0,0,-0.1562,0.9877,0,0,0.8488,0,1]},
{"frame":51,"values":[1,0,0,0,0,0.9877,0.1562,0,0,-0.1562,0.9877,0,0,0.8488,0,1]},
{"frame":120,"values":[1,0,0,0,0,0.9877,0.1562,0,0,-0.1562,0.9877,0,0,0.8488,0,1]},
{"frame":131,"values":[1,0,0,0,0,0.9877,0.1562,0,0,-0.1562,0.9877,0,0,0.8488,0,1]},
{"frame":200,"values":[1,0,0,0,0,0.9877,0.1562,0,0,-0.1562,0.9877,0,0,0.8488,0,1]},
{"frame":211,"values":[1,0,0,0,0,0.9877,0.1562,0,0,-0.1562,0.9877,0,0,0.8488,0,1]},
{"frame":280,"values":[1,0,0,0,0,0.9877,0.1562,0,0,-0.1562,0.9877,0,0,0.8488,0,1]},
{"frame":291,"values":[1,0,0,0,0,0.9877,0.1562,0,0,-0.1562,0.9877,0,0,0.8488,0,1]},
{"frame":360,"values":[1,0,0,0,0,0.9877,0.1562,0,0,-0.1562,0.9877,0,0,0.8488,0,1]},
{"frame":371,"values":[1,0,0,0,0,0.9877,0.1562,0,0,-0.1562,0.9877,0,0,0.8488,0,1]},
{"frame":390,"values":[1,0,0,0,0,0.9877,0.1562,0,0,-0.1562,0.9877,0,0,0.8488,0,1]},
{"frame":401,"values":[1,0,0,0,0,0.9877,0.1562,0,0,-0.1562,0.9877,0,0,0.8488,0,1]},
{"frame":420,"values":[1,0,0,0,0,0.9877,0.1562,0,0,-0.1562,0.9877,0,0,0.8488,0,1]}],"loopBehavior":1,"name":"anim","property":"_matrix"}},
{"name":"Bone.003","index":3,"matrix":[1,0,0,0,0,0.9985,0.054,0,0,-0.054,0.9985,0,0,0.4556,0,1],"rest":[1,0,0,0,0,0.9985,0.054,0,0,-0.054,0.9985,0,0,0.4556,0,1],"parentBoneIndex":2,"length":1.3973
,"animation":{"dataType":3,"framePerSecond":24,"keys":[
{"frame":1,"values":[1,0,0,0,0,0.9985,0.054,0,0,-0.054,0.9985,0,0,0.4556,0,1]},
{"frame":10,"values":[1,0,0,0,0,0.9985,0.054,0,0,-0.054,0.9985,0,0,0.4556,0,1]},
{"frame":21,"values":[1,0,0,0,0,0.9985,0.054,0,0,-0.054,0.9985,0,0,0.4556,0,1]},
{"frame":35,"values":[1,0,0,0,0,0.9985,0.054,0,0,-0.054,0.9985,0,0,0.4556,0,1]},
{"frame":41,"values":[1,0,0,0,0,0.9985,0.054,0,0,-0.054,0.9985,0,0,0.4556,0,1]},
{"frame":42,"values":[1,0,0,0,0,0.9985,0.054,0,0,-0.054,0.9985,0,0,0.4556,0,1]},
{"frame":51,"values":[1,0,0,0,0,0.9985,0.054,0,0,-0.054,0.9985,0,0,0.4556,0,1]},
{"frame":52,"values":[1,0,0,0,0,0.9985,0.0539,0,0,-0.0539,0.9985,0,0,0.4556,0,1]},
{"frame":53,"values":[1,0,0,0,0,0.9986,0.0536,0,0,-0.0536,0.9986,0,0,0.4556,0,1]},
{"frame":54,"values":[1,0,0,0,0,0.9986,0.0531,0,0,-0.0531,0.9986,0,0,0.4556,0,1]},
{"frame":55,"values":[1,0,0,0,0,0.9986,0.0525,0,0,-0.0525,0.9986,0,0,0.4556,0,1]},
{"frame":56,"values":[1,0,0,0,0,0.9987,0.0516,0,0,-0.0516,0.9987,0,0,0.4556,0,1]},
{"frame":57,"values":[1,0,0,0,0,0.9987,0.0505,0,0,-0.0505,0.9987,0,0,0.4556,0,1]},
{"frame":58,"values":[1,0,0,0,0,0.9988,0.0493,0,0,-0.0493,0.9988,0,0,0.4556,0,1]},
{"frame":59,"values":[1,0,0,0,0,0.9989,0.0479,0,0,-0.0479,0.9989,0,0,0.4556,0,1]},
{"frame":60,"values":[1,0,0,0,0,0.9989,0.0462,0,0,-0.0462,0.9989,0,0,0.4556,0,1]},
{"frame":61,"values":[1,0,0,0,0,0.999,0.0445,0,0,-0.0445,0.999,0,0,0.4556,0,1]},
{"frame":62,"values":[1,0,0,0,0,0.9991,0.0425,0,0,-0.0425,0.9991,0,0,0.4556,0,1]},
{"frame":63,"values":[1,0,0,0,0,0.9992,0.0404,0,0,-0.0404,0.9992,0,0,0.4556,0,1]},
