// File generated with Tower of Babel version: 5.3-beta on 08/13/17
var __extends = this.__extends || function (d, b) {
    for (var p in b) if (b.hasOwnProperty(p)) d[p] = b[p];
    function __() { this.constructor = d; }
    d.prototype = b === null ? Object.create(b) : (__.prototype = b.prototype, new __());
};
var Warrior;
(function (Warrior) {
    var _B = BABYLON;
    var _M = _B.Matrix.FromValues;
    var _Q = _B.Quaternion;
    var _V = _B.Vector3;
    function CONTIG(array, offset, begin, end) {
        for(var i = 0, len = 1 + end - begin; i < len; i++) {
            array[offset + i] = begin + i;
        }
    }
    function REPEAT(array, offset, nRepeats, val) {
        for(var i = 0; i < nRepeats; i++) {
            array[offset + i] = val;
        }
    }
    function UNPACK(compressed) {
        var len = compressed.length * 4;
        ret = new Float32Array(compressed.length * 4);
        for(var i = 0, j = 0; i < len; i += 4, j++) {
            ret[i    ] =  compressed[j] & 0x000000FF;
            ret[i + 1] = (compressed[j] & 0x0000FF00) >> 8;
            ret[i + 2] = (compressed[j] & 0x00FF0000) >> 16;
            ret[i + 3] =  compressed[j] >> 24;
        }
        return ret;
    }
    var _sceneTransitionName;
    var _overriddenMillis;
    var _overriddenSound;
    var _options;

    function initScene(scene, resourcesRootDir, positionOffset, sceneTransitionName, overriddenMillis, overriddenSound, options) {
        if (!resourcesRootDir) { resourcesRootDir = "./"; }
        function MOVE(mesh, positionOffset) {
            mesh.position.addInPlace(positionOffset);
            if (mesh.isWorldMatrixFrozen) mesh.freezeWorldMatrix();
        }

        _sceneTransitionName = sceneTransitionName;
        _overriddenMillis    = overriddenMillis;
        _overriddenSound     = overriddenSound;
        _options             = options;

        scene.autoClear = true;
        scene.clearColor    = new _B.Color3(0,0,0);
        scene.ambientColor  = new _B.Color3(0,0,0);
        scene.gravity = new _V(0,-9.81,0);

        // define materials before meshes
        defineMaterials(scene, resourcesRootDir);

        // instance all root meshes
        var mesh;
        if (typeof (TOWER_OF_BABEL) !== 'undefined'){
            TOWER_OF_BABEL.MeshFactory.MODULES.push(new MeshFactory(scene));
            mesh = TOWER_OF_BABEL.MeshFactory.instance("Warrior", "Boots", true);
            if (positionOffset) MOVE(mesh, positionOffset);
            mesh = TOWER_OF_BABEL.MeshFactory.instance("Warrior", "Gloves", true);
            if (positionOffset) MOVE(mesh, positionOffset);
            mesh = TOWER_OF_BABEL.MeshFactory.instance("Warrior", "Warrior", true);
            if (positionOffset) MOVE(mesh, positionOffset);
            mesh = TOWER_OF_BABEL.MeshFactory.instance("Warrior", "Armor", true);
            if (positionOffset) MOVE(mesh, positionOffset);
            mesh = TOWER_OF_BABEL.MeshFactory.instance("Warrior", "Hair", true);
            if (positionOffset) MOVE(mesh, positionOffset);
            mesh = TOWER_OF_BABEL.MeshFactory.instance("Warrior", "Helm", true);
            if (positionOffset) MOVE(mesh, positionOffset);
            mesh = TOWER_OF_BABEL.MeshFactory.instance("Warrior", "Sword", true);
            if (positionOffset) MOVE(mesh, positionOffset);
            mesh = TOWER_OF_BABEL.MeshFactory.instance("Warrior", "Axe", true);
            if (positionOffset) MOVE(mesh, positionOffset);
            mesh = TOWER_OF_BABEL.MeshFactory.instance("Warrior", "Shield", true);
            if (positionOffset) MOVE(mesh, positionOffset);
        } else {
            mesh = new Boots("Boots", scene);
            if (positionOffset) MOVE(mesh, positionOffset);
            mesh = new Gloves("Gloves", scene);
            if (positionOffset) MOVE(mesh, positionOffset);
            mesh = new Warrior("Warrior", scene);
            if (positionOffset) MOVE(mesh, positionOffset);
            mesh = new Armor("Armor", scene);
            if (positionOffset) MOVE(mesh, positionOffset);
            mesh = new Hair("Hair", scene);
            if (positionOffset) MOVE(mesh, positionOffset);
            mesh = new Helm("Helm", scene);
            if (positionOffset) MOVE(mesh, positionOffset);
            mesh = new Sword("Sword", scene);
            if (positionOffset) MOVE(mesh, positionOffset);
            mesh = new Axe("Axe", scene);
            if (positionOffset) MOVE(mesh, positionOffset);
            mesh = new Shield("Shield", scene);
            if (positionOffset) MOVE(mesh, positionOffset);
        }

        if (sceneTransitionName && matLoaded) {
            QI.SceneTransition.perform(sceneTransitionName, waitingMeshes, overriddenMillis, overriddenSound, options);
        }
    }
    Warrior.initScene = initScene;
    var meshLib = new Array(9);
    var cloneCount = 1;

    var originalVerts = 0;
    var clonedVerts = 0;
    var MeshFactory = (function () {
        function MeshFactory(_scene, materialsRootDir) {
            this._scene = _scene;
            if (!materialsRootDir) { materialsRootDir = "./"; }
            defineMaterials(_scene, materialsRootDir); //embedded version check
        }

        MeshFactory.prototype.getModuleName = function () { return "Warrior";};

        MeshFactory.prototype.instance = function (meshName, cloneSkeleton) {
            var ret = null;
            var src;
            switch (meshName){
                case "Boots":
                    src = getViable(0);
                    if (src === null){
                        ret = new Boots("Boots", this._scene);
                        originalVerts += ret.getTotalVertices();
                        meshLib[0].push(ret);
                    }else{
                        ret = new Boots("Boots" + "_" + cloneCount++, this._scene, null, src);
                        clonedVerts += ret.getTotalVertices();
                    }
                    break;
                case "Gloves":
                    src = getViable(1);
                    if (src === null){
                        ret = new Gloves("Gloves", this._scene);
                        originalVerts += ret.getTotalVertices();
                        meshLib[1].push(ret);
                    }else{
                        ret = new Gloves("Gloves" + "_" + cloneCount++, this._scene, null, src);
                        clonedVerts += ret.getTotalVertices();
                    }
                    break;
                case "Warrior":
                    src = getViable(2);
                    if (src === null){
                        ret = new Warrior("Warrior", this._scene);
                        originalVerts += ret.getTotalVertices();
                        meshLib[2].push(ret);
                    }else{
                        ret = new Warrior("Warrior" + "_" + cloneCount++, this._scene, null, src);
                        clonedVerts += ret.getTotalVertices();
                    }
                    break;
                case "Armor":
                    src = getViable(3);
                    if (src === null){
                        ret = new Armor("Armor", this._scene);
                        originalVerts += ret.getTotalVertices();
                        meshLib[3].push(ret);
                    }else{
                        ret = new Armor("Armor" + "_" + cloneCount++, this._scene, null, src);
                        clonedVerts += ret.getTotalVertices();
                    }
                    break;
                case "Hair":
                    src = getViable(4);
                    if (src === null){
                        ret = new Hair("Hair", this._scene);
                        originalVerts += ret.getTotalVertices();
                        meshLib[4].push(ret);
                    }else{
                        ret = new Hair("Hair" + "_" + cloneCount++, this._scene, null, src);
                        clonedVerts += ret.getTotalVertices();
                    }
                    break;
                case "Helm":
                    src = getViable(5);
                    if (src === null){
                        ret = new Helm("Helm", this._scene);
                        originalVerts += ret.getTotalVertices();
                        meshLib[5].push(ret);
                    }else{
                        ret = new Helm("Helm" + "_" + cloneCount++, this._scene, null, src);
                        clonedVerts += ret.getTotalVertices();
                    }
                    break;
                case "Sword":
                    src = getViable(6);
                    if (src === null){
                        ret = new Sword("Sword", this._scene);
                        originalVerts += ret.getTotalVertices();
                        meshLib[6].push(ret);
                    }else{
                        ret = new Sword("Sword" + "_" + cloneCount++, this._scene, null, src);
                        clonedVerts += ret.getTotalVertices();
                    }
                    break;
                case "Axe":
                    src = getViable(7);
                    if (src === null){
                        ret = new Axe("Axe", this._scene);
                        originalVerts += ret.getTotalVertices();
                        meshLib[7].push(ret);
                    }else{
                        ret = new Axe("Axe" + "_" + cloneCount++, this._scene, null, src);
                        clonedVerts += ret.getTotalVertices();
                    }
                    break;
                case "Shield":
                    src = getViable(8);
                    if (src === null){
                        ret = new Shield("Shield", this._scene);
                        originalVerts += ret.getTotalVertices();
                        meshLib[8].push(ret);
                    }else{
                        ret = new Shield("Shield" + "_" + cloneCount++, this._scene, null, src);
                        clonedVerts += ret.getTotalVertices();
                    }
                    break;
            }
            if (ret !== null){
                if (cloneSkeleton && src && src.skeleton){
                    var skelName = src.skeleton.name + cloneCount;
                    ret.skeleton = src.skeleton.clone(skelName, skelName);
                }
            }
            else _B.Tools.Error("Mesh not found: " + meshName);
            return ret;
        };
        return MeshFactory;
    })();
    Warrior.MeshFactory = MeshFactory;
    function getViable(libIdx, isNode) {
        var meshes = meshLib[libIdx];
        if (!meshes || meshes === null){
            if (!meshes) meshLib[libIdx] = new Array();
            return null;
        }

        for (var i = meshes.length - 1; i >= 0; i--){
            if (meshes[i].geometry || isNode) return meshes[i];
        }
        return null;
    }

    function clean(libIdx) {
        var meshes = meshLib[libIdx];
        if (!meshes  || meshes === null) return;

        var stillViable = false;
        for (var i = meshes.length - 1; i >= 0; i--){
            if (!meshes[i].geometry) meshes[i] = null;
            else stillViable = true;
        }
        if (!stillViable) meshLib[libIdx] = null;
    }

    function getStats() { return [cloneCount, originalVerts, clonedVerts]; }
    Warrior.getStats = getStats;


    var waitingMeshes = [];
    var pendingTextures = 0;
    function onTexturesLoaded(){
        if (--pendingTextures > 0) return;
        if (_sceneTransitionName) QI.SceneTransition.perform(_sceneTransitionName, waitingMeshes, _overriddenMillis, _overriddenSound, _options);
        else {
            for (var i = 0, len = waitingMeshes.length; i < len; i++) {
                if (!waitingMeshes[i].initComplete) continue;
                if (typeof waitingMeshes[i].grandEntrance == "function") waitingMeshes[i].grandEntrance();
                else makeVisible(waitingMeshes[i]);
            }
        }
        waitingMeshes = [];
        _sceneTransitionName = null;
        matLoaded = true;
    }

    // QI.Mesh has similar method, using this to not require QI
    function makeVisible(mesh){
        var children = mesh.getChildMeshes();
        mesh.isVisible = true;
        for (var i = 0, len = children.length; i < len; i++) {
            children[i].isVisible = true;
        }
    }

    var aheadQueued = false;
    function matReadAhead(materialsRootDir) {
        if (aheadQueued) return;
        var txBuffer;
        var fName;

        fName = "Character_texture_complete.png";
        if (!TOWER_OF_BABEL.Preloader.findTextureBuffer(fName)) {
            txtBuffer = new TOWER_OF_BABEL.TextureBuffer(materialsRootDir, fName);
            txtBuffer.hasAlpha = true;
            txtBuffer.level = 1;
            txtBuffer.coordinatesIndex = 0;
            txtBuffer.coordinatesMode = 0;
            txtBuffer.uOffset = 0;
            txtBuffer.vOffset = 0;
            txtBuffer.uScale = 1;
            txtBuffer.vScale = 1;
            txtBuffer.uAng = 0;
            txtBuffer.vAng = 0;
            txtBuffer.wAng = 0;
            txtBuffer.wrapU = 1;
            txtBuffer.wrapV = 1;
            pendingTextures++;
            TOWER_OF_BABEL.Preloader.addtextureBuffer(txtBuffer);
        }

        fName = "Skirt.png";
        if (!TOWER_OF_BABEL.Preloader.findTextureBuffer(fName)) {
            txtBuffer = new TOWER_OF_BABEL.TextureBuffer(materialsRootDir, fName);
            txtBuffer.hasAlpha = true;
            txtBuffer.level = 1;
            txtBuffer.coordinatesIndex = 0;
            txtBuffer.coordinatesMode = 0;
            txtBuffer.uOffset = 0;
            txtBuffer.vOffset = 0;
            txtBuffer.uScale = 1;
            txtBuffer.vScale = 1;
            txtBuffer.uAng = 0;
            txtBuffer.vAng = 0;
            txtBuffer.wAng = 0;
            txtBuffer.wrapU = 1;
            txtBuffer.wrapV = 1;
            pendingTextures++;
            TOWER_OF_BABEL.Preloader.addtextureBuffer(txtBuffer);
        }

        fName = "Hair.png";
        if (!TOWER_OF_BABEL.Preloader.findTextureBuffer(fName)) {
            txtBuffer = new TOWER_OF_BABEL.TextureBuffer(materialsRootDir, fName);
            txtBuffer.hasAlpha = true;
            txtBuffer.level = 1;
            txtBuffer.coordinatesIndex = 0;
            txtBuffer.coordinatesMode = 0;
            txtBuffer.uOffset = 0;
            txtBuffer.vOffset = 0;
            txtBuffer.uScale = 1;
            txtBuffer.vScale = 1;
            txtBuffer.uAng = 0;
            txtBuffer.vAng = 0;
            txtBuffer.wAng = 0;
            txtBuffer.wrapU = 1;
            txtBuffer.wrapV = 1;
            pendingTextures++;
            TOWER_OF_BABEL.Preloader.addtextureBuffer(txtBuffer);
        }

        fName = "short_sword.png";
        if (!TOWER_OF_BABEL.Preloader.findTextureBuffer(fName)) {
            txtBuffer = new TOWER_OF_BABEL.TextureBuffer(materialsRootDir, fName);
            txtBuffer.hasAlpha = true;
            txtBuffer.level = 1;
            txtBuffer.coordinatesIndex = 0;
            txtBuffer.coordinatesMode = 0;
            txtBuffer.uOffset = 0;
            txtBuffer.vOffset = 0;
            txtBuffer.uScale = 1;
            txtBuffer.vScale = 1;
            txtBuffer.uAng = 0;
            txtBuffer.vAng = 0;
            txtBuffer.wAng = 0;
            txtBuffer.wrapU = 1;
            txtBuffer.wrapV = 1;
            pendingTextures++;
            TOWER_OF_BABEL.Preloader.addtextureBuffer(txtBuffer);
        }

        fName = "Small_shield.png";
        if (!TOWER_OF_BABEL.Preloader.findTextureBuffer(fName)) {
            txtBuffer = new TOWER_OF_BABEL.TextureBuffer(materialsRootDir, fName);
            txtBuffer.hasAlpha = true;
            txtBuffer.level = 1;
            txtBuffer.coordinatesIndex = 0;
            txtBuffer.coordinatesMode = 0;
            txtBuffer.uOffset = 0;
            txtBuffer.vOffset = 0;
            txtBuffer.uScale = 1;
            txtBuffer.vScale = 1;
            txtBuffer.uAng = 0;
            txtBuffer.vAng = 0;
            txtBuffer.wAng = 0;
            txtBuffer.wrapU = 1;
            txtBuffer.wrapV = 1;
            pendingTextures++;
            TOWER_OF_BABEL.Preloader.addtextureBuffer(txtBuffer);
        }

        aheadQueued = true;
    }
    Warrior.matReadAhead = matReadAhead;

    var matLoaded = false;
    function defineMaterials(scene, materialsRootDir) {
        if (!materialsRootDir) { materialsRootDir = "./"; }
        if (materialsRootDir.lastIndexOf("/") + 1  !== materialsRootDir.length) { materialsRootDir  += "/"; }
        if (typeof(QI) !== "undefined") QI.TimelineControl.initialize(scene);
        if (typeof(TOWER_OF_BABEL) !== "undefined") TOWER_OF_BABEL.Preloader.SCENE = scene;
        matReadAhead(materialsRootDir);
        var material;
        var texture;
        var txBuffer;

        material = scene.getMaterialByID("Warrior.Gloves");
        if (!material){
            material = new _B.StandardMaterial("Warrior.Gloves", scene);
            material.ambientColor  = new _B.Color3(.0607,.0386,.0189);
            material.diffuseColor  = new _B.Color3(.0486,.0309,.0151);
            material.emissiveColor = new _B.Color3(.0261,.0166,.0081);
            material.specularColor = new _B.Color3(0,0,0);
            material.specularPower = 50;
            material.alpha =  1;
            material.backFaceCulling = true;
            material.checkReadyOnlyOnce = false;
            material.maxSimultaneousLights = 4;
        } else material.markDirty();

        material = scene.getMaterialByID("Warrior.texture");
        if (!material){
            material = new _B.StandardMaterial("Warrior.texture", scene);
            material.ambientColor  = new _B.Color3(1,1,1);
            material.diffuseColor  = new _B.Color3(1,1,1);
            material.emissiveColor = new _B.Color3(.43,.43,.43);
            material.specularColor = new _B.Color3(0,0,0);
            material.specularPower = 50;
            material.alpha =  1;
            material.backFaceCulling = true;
            material.checkReadyOnlyOnce = false;
            material.maxSimultaneousLights = 4;
        txtBuffer = TOWER_OF_BABEL.Preloader.findTextureBuffer("Character_texture_complete.png");
        txtBuffer.applyWhenReady(material, TOWER_OF_BABEL.TextureBuffer.DIFFUSE_TEX, onTexturesLoaded);
        } else material.markDirty();

        material = scene.getMaterialByID("Warrior.Material.002");
        if (!material){
            material = new _B.StandardMaterial("Warrior.Material.002", scene);
            material.ambientColor  = new _B.Color3(.8,.8,.8);
            material.diffuseColor  = new _B.Color3(.64,.64,.64);
            material.emissiveColor = new _B.Color3(.336,.336,.336);
            material.specularColor = new _B.Color3(0,0,0);
            material.specularPower = 50;
            material.alpha =  1;
            material.backFaceCulling = true;
            material.checkReadyOnlyOnce = false;
            material.maxSimultaneousLights = 4;
        txtBuffer = TOWER_OF_BABEL.Preloader.findTextureBuffer("Skirt.png");
        txtBuffer.applyWhenReady(material, TOWER_OF_BABEL.TextureBuffer.DIFFUSE_TEX, onTexturesLoaded);
        } else material.markDirty();

        material = scene.getMaterialByID("Warrior.Material.003");
        if (!material){
            material = new _B.StandardMaterial("Warrior.Material.003", scene);
            material.ambientColor  = new _B.Color3(.1845,.1845,.1845);
            material.diffuseColor  = new _B.Color3(.1476,.1476,.1476);
            material.emissiveColor = new _B.Color3(.0793,.0793,.0793);
            material.specularColor = new _B.Color3(0,0,0);
            material.specularPower = 50;
            material.alpha =  1;
            material.backFaceCulling = true;
            material.checkReadyOnlyOnce = false;
            material.maxSimultaneousLights = 4;
        } else material.markDirty();

        material = scene.getMaterialByID("Warrior.Material.000");
        if (!material){
            material = new _B.StandardMaterial("Warrior.Material.000", scene);
            material.ambientColor  = new _B.Color3(.3032,.2344,.0755);
            material.diffuseColor  = new _B.Color3(.3032,.2344,.0755);
            material.emissiveColor = new _B.Color3(.1243,.0961,.031);
            material.specularColor = new _B.Color3(0,0,0);
            material.specularPower = 50;
            material.alpha =  1;
            material.backFaceCulling = true;
            material.checkReadyOnlyOnce = false;
            material.maxSimultaneousLights = 4;
        } else material.markDirty();

        material = scene.getMaterialByID("Warrior.Hair");
        if (!material){
            material = new _B.StandardMaterial("Warrior.Hair", scene);
            material.ambientColor  = new _B.Color3(.8,.8,.8);
            material.diffuseColor  = new _B.Color3(.64,.64,.64);
            material.emissiveColor = new _B.Color3(.336,.336,.336);
            material.specularColor = new _B.Color3(0,0,0);
            material.specularPower = 50;
            material.alpha =  1;
            material.backFaceCulling = true;
            material.checkReadyOnlyOnce = false;
            material.maxSimultaneousLights = 4;
        txtBuffer = TOWER_OF_BABEL.Preloader.findTextureBuffer("Hair.png");
        txtBuffer.applyWhenReady(material, TOWER_OF_BABEL.TextureBuffer.DIFFUSE_TEX, onTexturesLoaded);
        } else material.markDirty();

        material = scene.getMaterialByID("Warrior.Material.001");
        if (!material){
            material = new _B.StandardMaterial("Warrior.Material.001", scene);
            material.ambientColor  = new _B.Color3(.477,.001,0);
            material.diffuseColor  = new _B.Color3(.3816,.0008,0);
            material.emissiveColor = new _B.Color3(0,0,0);
            material.specularColor = new _B.Color3(0,0,0);
            material.specularPower = 50;
            material.alpha =  1;
            material.backFaceCulling = true;
            material.checkReadyOnlyOnce = false;
            material.maxSimultaneousLights = 4;
        } else material.markDirty();

        material = scene.getMaterialByID("Warrior.short_sword");
        if (!material){
            material = new _B.StandardMaterial("Warrior.short_sword", scene);
            material.ambientColor  = new _B.Color3(.8,.8,.8);
            material.diffuseColor  = new _B.Color3(.64,.64,.64);
            material.emissiveColor = new _B.Color3(.112,.112,.112);
            material.specularColor = new _B.Color3(0,0,0);
            material.specularPower = 50;
            material.alpha =  1;
            material.backFaceCulling = true;
            material.checkReadyOnlyOnce = false;
            material.maxSimultaneousLights = 4;
        txtBuffer = TOWER_OF_BABEL.Preloader.findTextureBuffer("short_sword.png");
        txtBuffer.applyWhenReady(material, TOWER_OF_BABEL.TextureBuffer.DIFFUSE_TEX, onTexturesLoaded);
        } else material.markDirty();

        material = scene.getMaterialByID("Warrior.Material.004");
        if (!material){
            material = new _B.StandardMaterial("Warrior.Material.004", scene);
            material.ambientColor  = new _B.Color3(.0578,.0365,.0311);
            material.diffuseColor  = new _B.Color3(.0462,.0292,.0249);
            material.emissiveColor = new _B.Color3(.0428,.027,.023);
            material.specularColor = new _B.Color3(0,0,0);
            material.specularPower = 50;
            material.alpha =  1;
            material.backFaceCulling = true;
            material.checkReadyOnlyOnce = false;
            material.maxSimultaneousLights = 4;
        } else material.markDirty();

        material = scene.getMaterialByID("Warrior.Material");
        if (!material){
            material = new _B.StandardMaterial("Warrior.Material", scene);
            material.ambientColor  = new _B.Color3(.1107,.1107,.1107);
            material.diffuseColor  = new _B.Color3(.0885,.0885,.0885);
            material.emissiveColor = new _B.Color3(.0675,.0675,.0675);
            material.specularColor = new _B.Color3(0,0,0);
            material.specularPower = 50;
            material.alpha =  1;
            material.backFaceCulling = true;
            material.checkReadyOnlyOnce = false;
            material.maxSimultaneousLights = 4;
        } else material.markDirty();

        material = scene.getMaterialByID("Warrior.Material.005");
        if (!material){
            material = new _B.StandardMaterial("Warrior.Material.005", scene);
            material.ambientColor  = new _B.Color3(.8,.8,.8);
            material.diffuseColor  = new _B.Color3(.64,.64,.64);
            material.emissiveColor = new _B.Color3(.328,.328,.328);
            material.specularColor = new _B.Color3(0,0,0);
            material.specularPower = 50;
            material.alpha =  1;
            material.backFaceCulling = true;
            material.checkReadyOnlyOnce = false;
            material.maxSimultaneousLights = 4;
        } else material.markDirty();

        material = scene.getMaterialByID("Warrior.Shield");
        if (!material){
            material = new _B.StandardMaterial("Warrior.Shield", scene);
            material.ambientColor  = new _B.Color3(.8,.8,.8);
            material.diffuseColor  = new _B.Color3(.64,.64,.64);
            material.emissiveColor = new _B.Color3(.336,.336,.336);
            material.specularColor = new _B.Color3(0,0,0);
            material.specularPower = 50;
            material.alpha =  1;
            material.backFaceCulling = true;
            material.checkReadyOnlyOnce = false;
            material.maxSimultaneousLights = 4;
        txtBuffer = TOWER_OF_BABEL.Preloader.findTextureBuffer("Small_shield.png");
        txtBuffer.applyWhenReady(material, TOWER_OF_BABEL.TextureBuffer.DIFFUSE_TEX, onTexturesLoaded);
        } else material.markDirty();
        var multiMaterial;
        multiMaterial = new _B.MultiMaterial("Warrior.Multimaterial#0", scene);
        multiMaterial.subMaterials.push(scene.getMaterialByID("Warrior.Material.002"));
        multiMaterial.subMaterials.push(scene.getMaterialByID("Warrior.Material.003"));
        multiMaterial.subMaterials.push(scene.getMaterialByID("Warrior.Material.000"));
        multiMaterial = new _B.MultiMaterial("Warrior.Multimaterial#1", scene);
        multiMaterial.subMaterials.push(scene.getMaterialByID("Warrior.Hair"));
        multiMaterial.subMaterials.push(scene.getMaterialByID("Warrior.Material.001"));
        multiMaterial = new _B.MultiMaterial("Warrior.Multimaterial#2", scene);
        multiMaterial.subMaterials.push(scene.getMaterialByID("Warrior.Hair"));
        multiMaterial.subMaterials.push(scene.getMaterialByID("Warrior.Gloves"));
        multiMaterial = new _B.MultiMaterial("Warrior.Multimaterial#3", scene);
        multiMaterial.subMaterials.push(scene.getMaterialByID("Warrior.Material.004"));
        multiMaterial.subMaterials.push(scene.getMaterialByID("Warrior.Material"));
        multiMaterial.subMaterials.push(scene.getMaterialByID("Warrior.Material.005"));

        matLoaded = pendingTextures === 0;
    }
    Warrior.defineMaterials = defineMaterials;

    function skel_metarig(name, scene){
        var bone;
        var animation;

        var skeleton = new QI.Skeleton(name, "0", scene);
        skeleton.dimensionsAtRest = new _V(2.6981,4.8573,1.3847);
        bone = new QI.Bone("root", skeleton,null, _M(1,0,0,0,0,0,-1,0,0,-1,0,0,0,0,.3263,1), _M(1,0,0,0,0,0,-1,0,0,-1,0,0,0,0,.3263,1));
        bone.length = 1.1261;
        animation = new _B.Animation("anim", "_matrix", 24, 3, 1);
        animation.setKeys([
        {frame: 0, value: _M(1,0,0,0,0,0,-1,0,0,-1,0,0,0,0,.3263,1)},
        {frame: 20, value: _M(1,0,0,0,0,0,-1,0,0,-1,0,0,0,0,.3263,1)},
        {frame: 30, value: _M(1,0,0,0,0,0,-1,0,0,-1,0,0,0,0,.3263,1)},
        {frame: 51, value: _M(1,0,0,0,0,0,-1,0,0,-1,0,0,0,0,.3263,1)},
        {frame: 60, value: _M(1,0,0,0,0,0,-1,0,0,-1,0,0,0,0,.3263,1)},
        {frame: 80, value: _M(1,0,0,0,0,0,-1,0,0,-1,0,0,0,0,.3263,1)},
        {frame: 90, value: _M(1,0,0,0,0,0,-1,0,0,-1,0,0,0,0,.3263,1)},
        {frame: 108, value: _M(1,0,0,0,0,0,-1,0,0,-1,0,0,0,0,.3263,1)},
        {frame: 120, value: _M(1,0,0,0,0,0,-1,0,0,-1,0,0,0,0,.3263,1)},
        {frame: 180, value: _M(1,0,0,0,0,0,-1,0,0,-1,0,0,0,0,.3263,1)},
        {frame: 190, value: _M(1,0,0,0,0,0,-1,0,0,-1,0,0,0,0,.3263,1)},
        {frame: 250, value: _M(1,0,0,0,0,0,-1,0,0,-1,0,0,0,0,.3263,1)}
        ]);
        bone.animations.push(animation);

        bone = new QI.Bone("heel.L", skeleton,skeleton.bones[0], _M(-1,0,0,0,0,-.9103,-.4139,0,0,-.4139,.9103,0,.2699,-1.0515,-1.3797,1), _M(-1,0,0,0,0,-.9518,.3067,0,0,.3067,.9518,0,.3253,.2268,-.1367,1));
        bone.length = .51;
        animation = new _B.Animation("anim", "_matrix", 24, 3, 1);
        animation.setKeys([
        {frame: 0, value: _M(-1,0,0,0,0,-.9518,.3067,0,0,.3067,.9518,0,.9165,.8398,-.1367,1)},
        {frame: 1, value: _M(-1,0,0,0,0,-.9518,.3067,0,0,.3067,.9518,0,.9165,.8414,-.1356,1)},
        {frame: 2, value: _M(-1,0,0,0,0,-.9518,.3067,0,0,.3067,.9518,0,.9165,.8502,-.1343,1)},
        {frame: 3, value: _M(-1,0,0,0,0,-.9518,.3067,0,0,.3067,.9518,0,.9165,.8714,-.137,1)},
        {frame: 4, value: _M(-1,0,0,0,0,-.9518,.3067,0,0,.3067,.9518,0,.9165,.9043,-.146,1)},
        {frame: 5, value: _M(-1,0,0,0,0,-.9786,.2057,0,0,.2057,.9786,0,.672,.9412,-.2351,1)},
        {frame: 6, value: _M(-1,0,0,0,0,-.9946,.1041,0,0,.1041,.9946,0,.5362,.9897,-.2952,1)},
        {frame: 7, value: _M(-1,0,0,0,0,-.9935,.114,0,0,.114,.9935,0,.4469,.9879,-.2911,1)},
        {frame: 8, value: _M(-1,0,0,0,0,-.9881,.154,0,0,.154,.9881,0,.4151,.9824,-.2645,1)},
        {frame: 9, value: _M(-1,0,0,0,0,-.9693,.2459,0,0,.2459,.9693,0,.6658,.9961,-.1821,1)},
        {frame: 10, value: _M(-1,0,0,0,0,-.9518,.3067,0,0,.3067,.9518,0,.9165,.9742,-.1096,1)},
        {frame: 11, value: _M(-1,0,0,0,0,-.9518,.3067,0,0,.3067,.9518,0,.9165,.8398,-.1367,1)},
        {frame: 20, value: _M(-1,0,0,0,0,-.9518,.3067,0,0,.3067,.9518,0,.9165,.8398,-.1367,1)},
        {frame: 30, value: _M(-1,0,0,0,0,-.9518,.3067,0,0,.3067,.9518,0,.9165,.8398,-.1367,1)},
        {frame: 41, value: _M(-1,0,0,0,0,-.9994,.0348,0,0,.0348,.9994,0,.9165,.8398,-.1367,1)},
        {frame: 42, value: _M(-1,0,0,0,0,-.6511,-.759,0,0,-.759,.6511,0,.9165,.8398,-.1367,1)},
        {frame: 43, value: _M(-1,0,0,0,0,.1866,-.9824,0,0,-.9824,-.1866,0,.9165,.8398,-.1367,1)},
        {frame: 44, value: _M(-1,0,0,0,0,.448,-.894,0,0,-.894,-.448,0,.9165,.8398,-.1367,1)},
        {frame: 45, value: _M(-1,0,0,0,0,.448,-.894,0,0,-.894,-.448,0,.9165,.6463,-.1466,1)},
        {frame: 46, value: _M(-1,0,0,0,0,.448,-.894,0,0,-.894,-.448,0,.9165,.1669,-.1711,1)},
        {frame: 47, value: _M(-1,0,0,0,0,.448,-.894,0,0,-.894,-.448,0,.9165,-.2281,-.1912,1)},
        {frame: 48, value: _M(-1,0,0,0,0,.448,-.894,0,0,-.894,-.448,0,.9165,-.3995,-.2,1)},
        {frame: 51, value: _M(-1,0,0,0,0,.448,-.894,0,0,-.894,-.448,0,.9165,-.3995,-.2,1)},
        {frame: 60, value: _M(-1,0,0,0,0,-.9103,-.4139,0,0,-.4139,.9103,0,.2699,-1.0515,-1.3797,1)},
        {frame: 61, value: _M(-1,0,0,0,0,-.8579,-.5137,0,0,-.5137,.8579,0,.2699,-.8492,-1.3884,1)},
        {frame: 62, value: _M(-1,0,0,0,0,-.7941,-.6077,0,0,-.6077,.7941,0,.2699,-.4581,-1.3411,1)},
        {frame: 63, value: _M(-1,0,0,0,0,-.8404,-.542,0,0,-.542,.8404,0,.2664,-.1165,-1.2064,1)},
        {frame: 64, value: _M(-1,0,0,0,0,-.9403,-.3402,0,0,-.3402,.9403,0,.2566,.2464,-1.0108,1)},
        {frame: 65, value: _M(-1,0,0,0,0,-.9952,-.0981,0,0,-.0981,.9952,0,.2462,.587,-.826,1)},
        {frame: 66, value: _M(-1,0,0,0,0,-.9722,.2341,0,0,.2341,.9722,0,.2373,.912,-.6556,1)},
        {frame: 67, value: _M(-1,0,0,0,0,-.9047,.4261,0,0,.4261,.9047,0,.2262,1.1761,-.5251,1)},
        {frame: 68, value: _M(-1,0,0,0,0,-.9229,.385,0,0,.385,.9229,0,.2132,1.3664,-.5049,1)},
        {frame: 69, value: _M(-1,0,0,0,0,-.9737,.2279,0,0,.2279,.9737,0,.196,1.4568,-.454,1)},
        {frame: 70, value: _M(-1,0,0,0,0,-.9969,-.0783,0,0,-.0783,.9969,0,.1715,1.2165,-.1367,1)},
        {frame: 71, value: _M(-1,0,0,0,0,-.9992,-.04,0,0,-.04,.9992,0,.1779,.9291,-.0874,1)},
        {frame: 72, value: _M(-1,0,0,0,0,-1,-.0017,0,0,-.0017,1,0,.1915,.613,-.1065,1)},
        {frame: 73, value: _M(-1,0,0,0,0,-.9986,-.0532,0,0,-.0532,.9986,0,.2047,.2226,-.1297,1)},
        {frame: 74, value: _M(-1,0,0,0,0,-.9866,-.1631,0,0,-.1631,.9866,0,.2196,-.204,-.1803,1)},
        {frame: 75, value: _M(-1,0,0,0,0,-.9769,-.2138,0,0,-.2138,.9769,0,.2355,-.5396,-.2838,1)},
        {frame: 76, value: _M(-1,0,0,0,0,-.9993,.0379,0,0,.0379,.9993,0,.2545,-.7366,-.4554,1)},
        {frame: 77, value: _M(-1,0,0,0,0,-.9579,.2871,0,0,.2871,.9579,0,.2699,-.8562,-.6738,1)},
        {frame: 78, value: _M(-1,0,0,0,0,-.9925,.1223,0,0,.1223,.9925,0,.2767,-.9946,-.8849,1)},
        {frame: 79, value: _M(-1,0,0,0,0,-.9828,-.1844,0,0,-.1844,.9828,0,.2776,-1.0954,-1.1108,1)},
        {frame: 80, value: _M(-1,0,0,0,0,-.9103,-.4139,0,0,-.4139,.9103,0,.2699,-1.0515,-1.3797,1)},
        {frame: 90, value: _M(-1,0,0,0,0,-.9518,.3067,0,0,.3067,.9518,0,.9165,.8398,-.1367,1)},
        {frame: 108, value: _M(-1,0,0,0,0,-.9518,.3067,0,0,.3067,.9518,0,.9165,.8398,-.1367,1)},
        {frame: 120, value: _M(-1,0,0,0,0,-.9518,.3067,0,0,.3067,.9518,0,.4932,.4817,-.1367,1)},
        {frame: 180, value: _M(-1,0,0,0,0,-.9518,.3067,0,0,.3067,.9518,0,.4932,.4817,-.1367,1)},
        {frame: 190, value: _M(-1,0,0,0,0,-.9518,.3067,0,0,.3067,.9518,0,.9165,.8398,-.1367,1)},
        {frame: 250, value: _M(-1,0,0,0,0,-.9518,.3067,0,0,.3067,.9518,0,.9165,.8398,-.1367,1)}
        ]);
        bone.animations.push(animation);

        bone = new QI.Bone("foot.L", skeleton,skeleton.bones[1], _M(-1,0,0,0,0,.0671,.9977,0,0,.9977,-.0671,0,0,.1648,-.0002,1), _M(-1,0,0,0,0,-.8947,.4467,0,0,.4467,.8947,0,0,.1648,-.0002,1));
        bone.length = .5841;
        animation = new _B.Animation("anim", "_matrix", 24, 3, 1);
        animation.setKeys([
        {frame: 0, value: _M(-1,0,0,0,0,-.8947,.4467,0,0,.4467,.8947,0,0,.1648,-.0002,1)},
        {frame: 20, value: _M(-1,0,0,0,0,-.8947,.4467,0,0,.4467,.8947,0,0,.1648,-.0002,1)},
        {frame: 30, value: _M(-1,0,0,0,0,-.8947,.4467,0,0,.4467,.8947,0,0,.1648,-.0002,1)},
        {frame: 51, value: _M(-1,0,0,0,0,-.8947,.4467,0,0,.4467,.8947,0,0,.1648,-.0002,1)},
        {frame: 60, value: _M(-1,0,0,0,0,.0671,.9977,0,0,.9977,-.0671,0,0,.1648,-.0002,1)},
        {frame: 61, value: _M(-1,0,0,0,0,.0209,.9998,0,0,.9998,-.0209,0,0,.1648,-.0002,1)},
        {frame: 62, value: _M(-1,0,0,0,0,-.0977,.9952,0,0,.9952,.0977,0,0,.1648,-.0002,1)},
        {frame: 63, value: _M(-1,0,0,0,0,-.2333,.9724,0,0,.9724,.2333,0,0,.1648,-.0002,1)},
        {frame: 64, value: _M(-1,0,0,0,0,-.3998,.9166,0,0,.9166,.3998,0,0,.1648,-.0002,1)},
        {frame: 65, value: _M(-1,0,0,0,0,-.5765,.8171,0,0,.8171,.5765,0,0,.1648,-.0002,1)},
        {frame: 66, value: _M(-1,0,0,0,0,-.7465,.6654,0,0,.6654,.7465,0,0,.1648,-.0002,1)},
        {frame: 67, value: _M(-1,0,0,0,0,-.8681,.4964,0,0,.4964,.8681,0,0,.1648,-.0002,1)},
        {frame: 68, value: _M(-1,0,0,0,0,-.9453,.3262,0,0,.3262,.9453,0,0,.1648,-.0002,1)},
        {frame: 69, value: _M(-1,0,0,0,0,-.9844,.1758,0,0,.1758,.9844,0,0,.1648,-.0002,1)},
        {frame: 70, value: _M(-1,0,0,0,0,-.9952,.098,0,0,.098,.9952,0,0,.1648,-.0002,1)},
        {frame: 71, value: _M(-1,0,0,0,0,-.995,.0995,0,0,.0995,.995,0,0,.1648,-.0002,1)},
        {frame: 72, value: _M(-1,0,0,0,0,-.9941,.1089,0,0,.1089,.9941,0,0,.1648,-.0002,1)},
        {frame: 73, value: _M(-1,0,0,0,0,-.9924,.1233,0,0,.1233,.9924,0,0,.1648,-.0002,1)},
        {frame: 74, value: _M(-1,0,0,0,0,-.9847,.1743,0,0,.1743,.9847,0,0,.1648,-.0002,1)},
        {frame: 75, value: _M(-1,0,0,0,0,-.9544,.2987,0,0,.2987,.9544,0,0,.1648,-.0002,1)},
        {frame: 76, value: _M(-1,0,0,0,0,-.8496,.5274,0,0,.5274,.8496,0,0,.1648,-.0002,1)},
        {frame: 77, value: _M(-1,0,0,0,0,-.6369,.771,0,0,.771,.6369,0,0,.1648,-.0002,1)},
        {frame: 78, value: _M(-1,0,0,0,0,-.3618,.9323,0,0,.9323,.3618,0,0,.1648,-.0002,1)},
        {frame: 79, value: _M(-1,0,0,0,0,-.0839,.9965,0,0,.9965,.0839,0,0,.1648,-.0002,1)},
        {frame: 80, value: _M(-1,0,0,0,0,.0671,.9977,0,0,.9977,-.0671,0,0,.1648,-.0002,1)},
        {frame: 90, value: _M(-1,0,0,0,0,-.8947,.4467,0,0,.4467,.8947,0,0,.1648,-.0002,1)},
        {frame: 108, value: _M(-1,0,0,0,0,-.8947,.4467,0,0,.4467,.8947,0,0,.1648,-.0002,1)},
        {frame: 120, value: _M(-1,0,0,0,0,-.8947,.4467,0,0,.4467,.8947,0,0,.1648,-.0002,1)},
        {frame: 180, value: _M(-1,0,0,0,0,-.8947,.4467,0,0,.4467,.8947,0,0,.1648,-.0002,1)},
        {frame: 190, value: _M(-1,0,0,0,0,-.8947,.4467,0,0,.4467,.8947,0,0,.1648,-.0002,1)},
        {frame: 250, value: _M(-1,0,0,0,0,-.8947,.4467,0,0,.4467,.8947,0,0,.1648,-.0002,1)}
        ]);
        bone.animations.push(animation);

        bone = new QI.Bone("heel.R", skeleton,skeleton.bones[0], _M(-1,0,0,0,0,-.9969,-.0783,0,0,-.0783,.9969,0,-.1715,1.2165,-.1367,1), _M(-1,0,0,0,0,-.9518,.3067,0,0,.3067,.9518,0,-.3253,.2268,-.1367,1));
        bone.length = .51;
        animation = new _B.Animation("anim", "_matrix", 24, 3, 1);
        animation.setKeys([
        {frame: 0, value: _M(-1,0,0,0,0,-.9518,.3067,0,0,.3067,.9518,0,-.9244,-.4429,-.1367,1)},
        {frame: 20, value: _M(-1,0,0,0,0,-.9518,.3067,0,0,.3067,.9518,0,-.9244,-.4429,-.1367,1)},
        {frame: 30, value: _M(-1,0,0,0,0,-.9518,.3067,0,0,.3067,.9518,0,-.9244,-.4429,-.1367,1)},
        {frame: 31, value: _M(-1,0,0,0,0,-.9543,.2989,0,0,.2989,.9543,0,-.9244,-.4429,-.1367,1)},
        {frame: 32, value: _M(-1,0,0,0,0,-.97,.243,0,0,.243,.97,0,-.9244,-.4429,-.1367,1)},
        {frame: 33, value: _M(-1,0,0,0,0,-.996,.0889,0,0,.0889,.996,0,-.9244,-.4429,-.1367,1)},
        {frame: 34, value: _M(-1,0,0,0,0,-.973,-.2308,0,0,-.2308,.973,0,-.9244,-.4429,-.1367,1)},
        {frame: 35, value: _M(-1,0,0,0,0,-.763,-.6464,0,0,-.6464,.763,0,-.9244,-.4429,-.1367,1)},
        {frame: 36, value: _M(-1,0,0,0,0,-.379,-.9254,0,0,-.9254,.379,0,-.9244,-.4429,-.1367,1)},
        {frame: 37, value: _M(-1,0,0,0,0,-.0333,-.9994,0,0,-.9994,.0333,0,-.9244,-.4429,-.1367,1)},
        {frame: 38, value: _M(-1,0,0,0,0,.2462,-.9692,0,0,-.9692,-.2462,0,-.9244,-.4429,-.1367,1)},
        {frame: 39, value: _M(-1,0,0,0,0,.442,-.897,0,0,-.897,-.442,0,-.9244,-.4429,-.1367,1)},
        {frame: 40, value: _M(-1,0,0,0,0,.4992,-.8665,0,0,-.8665,-.4992,0,-.9244,-.4429,-.1367,1)},
        {frame: 45, value: _M(-1,0,0,0,0,.4992,-.8665,0,0,-.8665,-.4992,0,-.9244,-.4429,-.1466,1)},
        {frame: 46, value: _M(-1,0,0,0,0,.4992,-.8665,0,0,-.8665,-.4992,0,-.9244,-.4429,-.1711,1)},
        {frame: 47, value: _M(-1,0,0,0,0,.4992,-.8665,0,0,-.8665,-.4992,0,-.9244,-.4429,-.1912,1)},
        {frame: 48, value: _M(-1,0,0,0,0,.4992,-.8665,0,0,-.8665,-.4992,0,-.9244,-.4429,-.2,1)},
        {frame: 51, value: _M(-1,0,0,0,0,.4992,-.8665,0,0,-.8665,-.4992,0,-.9244,-.4429,-.2,1)},
        {frame: 60, value: _M(-1,0,0,0,0,-.9969,-.0783,0,0,-.0783,.9969,0,-.1715,1.2165,-.1367,1)},
        {frame: 61, value: _M(-1,0,0,0,0,-.9992,-.0397,0,0,-.0397,.9992,0,-.1779,1.0152,-.1152,1)},
        {frame: 62, value: _M(-1,0,0,0,0,-1,-.0017,0,0,-.0017,1,0,-.1915,.613,-.1065,1)},
        {frame: 63, value: _M(-1,0,0,0,0,-.9985,-.0542,0,0,-.0542,.9985,0,-.2047,.2226,-.1297,1)},
        {frame: 64, value: _M(-1,0,0,0,0,-.9865,-.1636,0,0,-.1636,.9865,0,-.2196,-.204,-.1803,1)},
        {frame: 65, value: _M(-1,0,0,0,0,-.9769,-.2138,0,0,-.2138,.9769,0,-.2355,-.5396,-.2838,1)},
        {frame: 66, value: _M(-1,0,0,0,0,-.9992,.04,0,0,.04,.9992,0,-.2545,-.7366,-.4554,1)},
        {frame: 67, value: _M(-1,0,0,0,0,-.9579,.2871,0,0,.2871,.9579,0,-.2699,-.8562,-.6738,1)},
