// File generated with Tower of Babel version: 5.3-beta on 06/20/17
var __extends = this.__extends || function (d, b) {
    for (var p in b) if (b.hasOwnProperty(p)) d[p] = b[p];
    function __() { this.constructor = d; }
    d.prototype = b === null ? Object.create(b) : (__.prototype = b.prototype, new __());
};
var Warrior;
(function (Warrior) {
    var _B = BABYLON;
    var _M = _B.Matrix.FromValues;
    var _Q = _B.Quaternion;
    var _V = _B.Vector3;
    function CONTIG(array, offset, begin, end) {
        for(var i = 0, len = 1 + end - begin; i < len; i++) {
            array[offset + i] = begin + i;
        }
    }
    function REPEAT(array, offset, nRepeats, val) {
        for(var i = 0; i < nRepeats; i++) {
            array[offset + i] = val;
        }
    }
    function UNPACK(compressed) {
        var len = compressed.length * 4;
        ret = new Float32Array(compressed.length * 4);
        for(var i = 0, j = 0; i < len; i += 4, j++) {
            ret[i    ] =  compressed[j] & 0x000000FF;
            ret[i + 1] = (compressed[j] & 0x0000FF00) >> 8;
            ret[i + 2] = (compressed[j] & 0x00FF0000) >> 16;
            ret[i + 3] =  compressed[j] >> 24;
        }
        return ret;
    }

    function initScene(scene, resourcesRootDir, positionOffset) {
        if (!resourcesRootDir) { resourcesRootDir = "./"; }
        if (!positionOffset) { positionOffset = null; }
        scene.autoClear = true;
        scene.clearColor    = new _B.Color3(.0509,.0509,.0509);
        scene.ambientColor  = new _B.Color3(0,0,0);
        scene.gravity = new _V(0,-9.81,0);

        // define materials before meshes
        defineMaterials(scene, resourcesRootDir);

        // instance all root meshes
        var mesh;
        if (typeof (TOWER_OF_BABEL) !== 'undefined'){
            TOWER_OF_BABEL.MeshFactory.MODULES.push(new MeshFactory(scene));
            mesh = TOWER_OF_BABEL.MeshFactory.instance("Warrior", "Warrior", true);
            if (positionOffset) mesh.position.addInPlace(positionOffset);
        } else {
            mesh = new Warrior("Warrior", scene);
            if (positionOffset) mesh.position.addInPlace(positionOffset);
        }
    }
    Warrior.initScene = initScene;
    var meshLib = new Array(1);
    var cloneCount = 1;

    var originalVerts = 0;
    var clonedVerts = 0;
    var MeshFactory = (function () {
        function MeshFactory(_scene, materialsRootDir) {
            this._scene = _scene;
            if (!materialsRootDir) { materialsRootDir = "./"; }
            defineMaterials(_scene, materialsRootDir); //embedded version check
        }

        MeshFactory.prototype.getModuleName = function () { return "Warrior";};

        MeshFactory.prototype.instance = function (meshName, cloneSkeleton) {
            var ret = null;
            var src;
            switch (meshName){
                case "Warrior":
                    src = getViable(0);
                    if (src === null){
                        ret = new Warrior("Warrior", this._scene);
                        originalVerts += ret.getTotalVertices();
                        meshLib[0].push(ret);
                    }else{
                        ret = new Warrior("Warrior" + "_" + cloneCount++, this._scene, null, src);
                        clonedVerts += ret.getTotalVertices();
                    }
                    break;
            }
            if (ret !== null){
                if (cloneSkeleton && src && src.skeleton){
                    var skelName = src.skeleton.name + cloneCount;
                    ret.skeleton = src.skeleton.clone(skelName, skelName);
                }
            }
            else _B.Tools.Error("Mesh not found: " + meshName);
            return ret;
        };
        return MeshFactory;
    })();
    Warrior.MeshFactory = MeshFactory;
    function getViable(libIdx, isNode) {
        var meshes = meshLib[libIdx];
        if (!meshes || meshes === null){
            if (!meshes) meshLib[libIdx] = new Array();
            return null;
        }

        for (var i = meshes.length - 1; i >= 0; i--){
            if (meshes[i].geometry || isNode) return meshes[i];
        }
        return null;
    }

    function clean(libIdx) {
        var meshes = meshLib[libIdx];
        if (!meshes  || meshes === null) return;

        var stillViable = false;
        for (var i = meshes.length - 1; i >= 0; i--){
            if (!meshes[i].geometry) meshes[i] = null;
            else stillViable = true;
        }
        if (!stillViable) meshLib[libIdx] = null;
    }

    function getStats() { return [cloneCount, originalVerts, clonedVerts]; }
    Warrior.getStats = getStats;


    var waitingMeshes = [];
    var pendingTextures = 0;
    function onTexturesLoaded(){
        if (--pendingTextures > 0) return;
        for (var i = 0, len = waitingMeshes.length; i < len; i++){
            if (typeof waitingMeshes[i].grandEntrance == "function") waitingMeshes[i].grandEntrance();
            else makeVisible(waitingMeshes[i]);
        }
        waitingMeshes = [];
        matLoaded = true;
    }

    function makeVisible(mesh){
        var children = mesh.getChildMeshes();
        mesh.isVisible = true;
        for (var i = 0, len = children.length; i < len; i++){
            children[i].isVisible = true;
        }
    }

    var aheadQueued = false;
    function matReadAhead(materialsRootDir) {
        if (aheadQueued) return;
        var txBuffer;
        var fName;

        fName = "BODY.png";
        if (!TOWER_OF_BABEL.Preloader.findTextureBuffer(fName)) {
            txtBuffer = new TOWER_OF_BABEL.TextureBuffer(materialsRootDir, fName);
            txtBuffer.hasAlpha = true;
            txtBuffer.level = 1;
            txtBuffer.coordinatesIndex = 0;
            txtBuffer.coordinatesMode = 0;
            txtBuffer.uOffset = 0;
            txtBuffer.vOffset = 0;
            txtBuffer.uScale = 1;
            txtBuffer.vScale = 1;
            txtBuffer.uAng = 0;
            txtBuffer.vAng = 0;
            txtBuffer.wAng = 0;
            txtBuffer.wrapU = 1;
            txtBuffer.wrapV = 1;
            pendingTextures++;
            TOWER_OF_BABEL.Preloader.addtextureBuffer(txtBuffer);
        }

        aheadQueued = true;
    }
    Warrior.matReadAhead = matReadAhead;

    var matLoaded = false;
    function defineMaterials(scene, materialsRootDir) {
        if (!materialsRootDir) { materialsRootDir = "./"; }
        if (materialsRootDir.lastIndexOf("/") + 1  !== materialsRootDir.length) { materialsRootDir  += "/"; }
        TOWER_OF_BABEL.Preloader.SCENE = scene;
        matReadAhead(materialsRootDir);
        var material;
        var texture;
        var txBuffer;


        material = scene.getMaterialByID("Warrior.skin.000");
        if (!material){
            material = new _B.StandardMaterial("Warrior.skin.000", scene);
            material.ambientColor  = new _B.Color3(1,1,1);
            material.diffuseColor  = new _B.Color3(1,1,1);
            material.emissiveColor = new _B.Color3(.72,.72,.72);
            material.specularColor = new _B.Color3(0,0,0);
            material.specularPower = 50;
            material.alpha =  1;
            material.backFaceCulling = true;
            material.checkReadyOnlyOnce = false;
            material.maxSimultaneousLights = 4;
        txtBuffer = TOWER_OF_BABEL.Preloader.findTextureBuffer("BODY.png");
        txtBuffer.applyWhenReady(material, TOWER_OF_BABEL.TextureBuffer.DIFFUSE_TEX, onTexturesLoaded);
        } else material.markDirty();
        if (pendingTextures === 0) matLoaded = true;
    }
    Warrior.defineMaterials = defineMaterials;

    function skel_metarig(name, scene){
        var bone;
        var animation;

        var skeleton = new QI.Skeleton(name, "0", scene);
        skeleton.dimensionsAtRest = new _V(2.6981,4.8573,1.3847);
        bone = new QI.Bone("root", skeleton,null, _M(1,0,0,0,0,0,-1,0,0,-1,0,0,0,0,.3263,1), _M(1,0,0,0,0,0,-1,0,0,-1,0,0,0,0,.3263,1));
        bone.length = 1.1261;
        animation = new _B.Animation("anim", "_matrix", 24, 3, 1);
        animation.setKeys([
        {frame: 0, value: _M(1,0,0,0,0,0,-1,0,0,-1,0,0,0,0,.3263,1)},
        {frame: 18, value: _M(1,0,0,0,0,0,-1,0,0,-1,0,0,0,0,.3263,1)},
        {frame: 30, value: _M(1,0,0,0,0,0,-1,0,0,-1,0,0,0,0,.3263,1)},
        {frame: 48, value: _M(1,0,0,0,0,0,-1,0,0,-1,0,0,0,0,.3263,1)},
        {frame: 60, value: _M(1,0,0,0,0,0,-1,0,0,-1,0,0,0,0,.3263,1)},
        {frame: 120, value: _M(1,0,0,0,0,0,-1,0,0,-1,0,0,0,0,.3263,1)},
        {frame: 130, value: _M(1,0,0,0,0,0,-1,0,0,-1,0,0,0,0,.3263,1)},
        {frame: 192, value: _M(1,0,0,0,0,0,-1,0,0,-1,0,0,0,0,.3263,1)}
        ]);
        bone.animations.push(animation);

        bone = new QI.Bone("heel.L", skeleton,skeleton.bones[0], _M(-1,0,0,0,0,-.9518,.3067,0,0,.3067,.9518,0,.9165,.8398,-.1367,1), _M(-1,0,0,0,0,-.9518,.3067,0,0,.3067,.9518,0,.3253,.2268,-.1367,1));
        bone.length = .51;
        animation = new _B.Animation("anim", "_matrix", 24, 3, 1);
        animation.setKeys([
        {frame: 0, value: _M(-1,0,0,0,0,-.9518,.3067,0,0,.3067,.9518,0,.9165,.8398,-.1367,1)},
        {frame: 1, value: _M(-1,0,0,0,0,-.9518,.3067,0,0,.3067,.9518,0,.9165,.8412,-.1545,1)},
        {frame: 2, value: _M(-1,0,0,0,0,-.9518,.3067,0,0,.3067,.9518,0,.9165,.8482,-.2057,1)},
        {frame: 3, value: _M(-1,0,0,0,0,-.9518,.3067,0,0,.3067,.9518,0,.9165,.8653,-.274,1)},
        {frame: 4, value: _M(-1,0,0,0,0,-.9518,.3067,0,0,.3067,.9518,0,.9165,.8946,-.3324,1)},
        {frame: 5, value: _M(-1,0,0,0,0,-.9518,.3067,0,0,.3067,.9518,0,.9165,.934,-.3625,1)},
        {frame: 6, value: _M(-1,0,0,0,0,-.9518,.3067,0,0,.3067,.9518,0,.9165,1.0179,-.2674,1)},
        {frame: 7, value: _M(-1,0,0,0,0,-.9518,.3067,0,0,.3067,.9518,0,.9165,1.1308,-.1367,1)},
        {frame: 8, value: _M(-1,0,0,0,0,-.9518,.3067,0,0,.3067,.9518,0,.9165,1.251,-.1229,1)},
        {frame: 9, value: _M(-1,0,0,0,0,-.9518,.3067,0,0,.3067,.9518,0,.9165,1.3169,-.1367,1)},
        {frame: 10, value: _M(-1,0,0,0,0,-.9518,.3067,0,0,.3067,.9518,0,.9165,1.3092,-.1367,1)},
        {frame: 11, value: _M(-1,0,0,0,0,-.9518,.3067,0,0,.3067,.9518,0,.9165,1.2838,-.1367,1)},
        {frame: 12, value: _M(-1,0,0,0,0,-.9518,.3067,0,0,.3067,.9518,0,.9165,1.2406,-.1367,1)},
        {frame: 13, value: _M(-1,0,0,0,0,-.9518,.3067,0,0,.3067,.9518,0,.9165,1.1868,-.1367,1)},
        {frame: 14, value: _M(-1,0,0,0,0,-.9518,.3067,0,0,.3067,.9518,0,.9165,1.1308,-.1367,1)},
        {frame: 15, value: _M(-1,0,0,0,0,-.9518,.3067,0,0,.3067,.9518,0,.9165,1.0552,-.1367,1)},
        {frame: 16, value: _M(-1,0,0,0,0,-.9518,.3067,0,0,.3067,.9518,0,.9165,.9531,-.1367,1)},
        {frame: 17, value: _M(-1,0,0,0,0,-.9518,.3067,0,0,.3067,.9518,0,.9165,.8692,-.1367,1)},
        {frame: 18, value: _M(-1,0,0,0,0,-.9518,.3067,0,0,.3067,.9518,0,.9165,.8398,-.1367,1)},
        {frame: 30, value: _M(-1,0,0,0,0,-.9518,.3067,0,0,.3067,.9518,0,.2056,-.8904,-.7682,1)},
        {frame: 31, value: _M(-1,0,0,0,0,-.9518,.3067,0,0,.3067,.9518,0,.2085,-.8766,-.7935,1)},
        {frame: 32, value: _M(-1,0,0,0,0,-.9518,.3067,0,0,.3067,.9518,0,.2162,-.7437,-.8572,1)},
        {frame: 33, value: _M(-1,0,0,0,0,-.9518,.3067,0,0,.3067,.9518,0,.2261,-.3979,-.9082,1)},
        {frame: 34, value: _M(-1,0,0,0,0,-.9518,.3067,0,0,.3067,.9518,0,.2385,.1669,-.9106,1)},
        {frame: 35, value: _M(-1,0,0,0,0,-.9518,.3067,0,0,.3067,.9518,0,.2504,.6875,-.8623,1)},
        {frame: 36, value: _M(-1,0,0,0,0,-.9518,.3067,0,0,.3067,.9518,0,.2619,1.183,-.7694,1)},
        {frame: 37, value: _M(-1,0,0,0,0,-.9518,.3067,0,0,.3067,.9518,0,.2715,1.4618,-.6013,1)},
        {frame: 38, value: _M(-1,0,0,0,0,-.9518,.3067,0,0,.3067,.9518,0,.2787,1.3388,-.3288,1)},
        {frame: 39, value: _M(-1,0,0,0,0,-.9518,.3067,0,0,.3067,.9518,0,.2814,1.0785,-.1367,1)},
        {frame: 40, value: _M(-1,0,0,0,0,-.9518,.3067,0,0,.3067,.9518,0,.2785,.9961,-.1162,1)},
        {frame: 41, value: _M(-1,0,0,0,0,-.9518,.3067,0,0,.3067,.9518,0,.2708,.8577,-.1138,1)},
        {frame: 42, value: _M(-1,0,0,0,0,-.9518,.3067,0,0,.3067,.9518,0,.2609,.4609,-.1162,1)},
        {frame: 43, value: _M(-1,0,0,0,0,-.9518,.3067,0,0,.3067,.9518,0,.2485,-.0845,-.1639,1)},
        {frame: 44, value: _M(-1,0,0,0,0,-.9518,.3067,0,0,.3067,.9518,0,.2366,-.4864,-.2113,1)},
        {frame: 45, value: _M(-1,0,0,0,0,-.9518,.3067,0,0,.3067,.9518,0,.2251,-.6592,-.2102,1)},
        {frame: 46, value: _M(-1,0,0,0,0,-.9518,.3067,0,0,.3067,.9518,0,.2155,-.7131,-.2761,1)},
        {frame: 47, value: _M(-1,0,0,0,0,-.9518,.3067,0,0,.3067,.9518,0,.2083,-.8228,-.5657,1)},
        {frame: 48, value: _M(-1,0,0,0,0,-.9518,.3067,0,0,.3067,.9518,0,.2056,-.8904,-.7682,1)},
        {frame: 60, value: _M(-1,0,0,0,0,-.9518,.3067,0,0,.3067,.9518,0,.4932,.4817,-.1367,1)},
        {frame: 120, value: _M(-1,0,0,0,0,-.9518,.3067,0,0,.3067,.9518,0,.4932,.4817,-.1367,1)},
        {frame: 130, value: _M(-1,0,0,0,0,-.9518,.3067,0,0,.3067,.9518,0,.9165,.8398,-.1367,1)},
        {frame: 192, value: _M(-1,0,0,0,0,-.9518,.3067,0,0,.3067,.9518,0,.9165,.8398,-.1367,1)}
        ]);
        bone.animations.push(animation);

        bone = new QI.Bone("foot.L", skeleton,skeleton.bones[1], _M(-1,0,0,0,0,-.8947,.4467,0,0,.4467,.8947,0,0,.1648,-.0002,1), _M(-1,0,0,0,0,-.8947,.4467,0,0,.4467,.8947,0,0,.1648,-.0002,1));
        bone.length = .5841;
        animation = new _B.Animation("anim", "_matrix", 24, 3, 1);
        animation.setKeys([
        {frame: 0, value: _M(-1,0,0,0,0,-.8947,.4467,0,0,.4467,.8947,0,0,.1648,-.0002,1)},
        {frame: 18, value: _M(-1,0,0,0,0,-.8947,.4467,0,0,.4467,.8947,0,0,.1648,-.0002,1)},
        {frame: 30, value: _M(-1,0,0,0,0,-.6417,.7669,0,0,.7669,.6417,0,0,.1648,-.0002,1)},
        {frame: 31, value: _M(-.9999,-.0031,-.0127,0,-.0115,-.2665,.9638,0,-.0064,.9638,.2664,0,0,.1648,-.0002,1)},
        {frame: 32, value: _M(-.9993,-.0034,-.0385,0,-.0386,.1597,.9864,0,.0028,.9872,-.1597,0,0,.1648,-.0002,1)},
        {frame: 33, value: _M(-.9974,.0181,-.0704,0,-.0698,.0309,.9971,0,.0202,.9994,-.0296,0,0,.1648,-.0002,1)},
        {frame: 34, value: _M(-.9928,.0622,-.1019,0,-.1162,-.3064,.9448,0,.0276,.9499,.3114,0,0,.1648,-.0002,1)},
        {frame: 35, value: _M(-.9866,.1142,-.1162,0,-.1615,-.591,.7903,0,.0215,.7985,.6016,0,0,.1648,-.0002,1)},
        {frame: 36, value: _M(-.979,.1708,-.1114,0,-.2034,-.7784,.5939,0,.0148,.604,.7968,0,0,.1648,-.0002,1)},
        {frame: 37, value: _M(-.9713,.2206,-.0886,0,-.2376,-.8902,.3887,0,.0069,.3986,.9171,0,0,.1648,-.0002,1)},
        {frame: 38, value: _M(-.9652,.2542,-.0607,0,-.2614,-.9403,.2182,0,-.0016,.2265,.974,0,0,.1648,-.0002,1)},
        {frame: 39, value: _M(-.963,.2654,-.0464,0,-.2694,-.951,.1516,0,-.0039,.1585,.9873,0,0,.1648,-.0002,1)},
        {frame: 40, value: _M(-.9907,.1323,-.0317,0,-.1359,-.951,.2776,0,.0065,.2793,.9602,0,0,.1648,-.0002,1)},
        {frame: 41, value: _M(-1,0,0,0,0,-.8947,.4467,0,0,.4467,.8947,0,0,.1648,-.0002,1)},
        {frame: 42, value: _M(-1,0,0,0,0,-.8692,.4944,0,0,.4944,.8692,0,0,.1648,-.0002,1)},
        {frame: 43, value: _M(-1,0,0,0,0,-.8647,.5022,0,0,.5022,.8647,0,0,.1648,-.0002,1)},
        {frame: 44, value: _M(-1,0,0,0,0,-.8314,.5556,0,0,.5556,.8314,0,0,.1648,-.0002,1)},
        {frame: 45, value: _M(-1,0,0,0,0,-.6957,.7183,0,0,.7183,.6957,0,0,.1648,-.0002,1)},
        {frame: 46, value: _M(-1,0,0,0,0,-.581,.8139,0,0,.8139,.581,0,0,.1648,-.0002,1)},
        {frame: 47, value: _M(-1,0,0,0,0,-.6118,.791,0,0,.791,.6118,0,0,.1648,-.0002,1)},
        {frame: 48, value: _M(-1,0,0,0,0,-.6417,.7669,0,0,.7669,.6417,0,0,.1648,-.0002,1)},
        {frame: 60, value: _M(-1,0,0,0,0,-.8947,.4467,0,0,.4467,.8947,0,0,.1648,-.0002,1)},
        {frame: 120, value: _M(-1,0,0,0,0,-.8947,.4467,0,0,.4467,.8947,0,0,.1648,-.0002,1)},
        {frame: 130, value: _M(-1,0,0,0,0,-.8947,.4467,0,0,.4467,.8947,0,0,.1648,-.0002,1)},
        {frame: 192, value: _M(-1,0,0,0,0,-.8947,.4467,0,0,.4467,.8947,0,0,.1648,-.0002,1)}
        ]);
        bone.animations.push(animation);

        bone = new QI.Bone("heel.R", skeleton,skeleton.bones[0], _M(-1,0,0,0,0,-.9518,.3067,0,0,.3067,.9518,0,-.9244,-.4429,-.1367,1), _M(-1,0,0,0,0,-.9518,.3067,0,0,.3067,.9518,0,-.3253,.2268,-.1367,1));
        bone.length = .51;
        animation = new _B.Animation("anim", "_matrix", 24, 3, 1);
        animation.setKeys([
        {frame: 0, value: _M(-1,0,0,0,0,-.9518,.3067,0,0,.3067,.9518,0,-.9244,-.4429,-.1367,1)},
        {frame: 18, value: _M(-1,0,0,0,0,-.9518,.3067,0,0,.3067,.9518,0,-.9244,-.4429,-.1367,1)},
        {frame: 30, value: _M(-1,0,0,0,0,-.9518,.3067,0,0,.3067,.9518,0,-.2814,1.0785,-.1367,1)},
        {frame: 31, value: _M(-1,0,0,0,0,-.9518,.3067,0,0,.3067,.9518,0,-.2785,1.0465,-.1324,1)},
        {frame: 32, value: _M(-1,0,0,0,0,-.9518,.3067,0,0,.3067,.9518,0,-.2708,.8577,-.1138,1)},
        {frame: 33, value: _M(-1,0,0,0,0,-.9518,.3067,0,0,.3067,.9518,0,-.2609,.4609,-.1162,1)},
        {frame: 34, value: _M(-1,0,0,0,0,-.9518,.3067,0,0,.3067,.9518,0,-.2485,-.0845,-.1639,1)},
        {frame: 35, value: _M(-1,0,0,0,0,-.9518,.3067,0,0,.3067,.9518,0,-.2366,-.4864,-.2113,1)},
        {frame: 36, value: _M(-1,0,0,0,0,-.9518,.3067,0,0,.3067,.9518,0,-.2251,-.6592,-.2102,1)},
        {frame: 37, value: _M(-1,0,0,0,0,-.9518,.3067,0,0,.3067,.9518,0,-.2155,-.7131,-.2761,1)},
        {frame: 38, value: _M(-1,0,0,0,0,-.9518,.3067,0,0,.3067,.9518,0,-.2083,-.8182,-.5515,1)},
        {frame: 39, value: _M(-1,0,0,0,0,-.9518,.3067,0,0,.3067,.9518,0,-.2056,-.8904,-.7682,1)},
        {frame: 40, value: _M(-1,0,0,0,0,-.9518,.3067,0,0,.3067,.9518,0,-.2085,-.8812,-.8077,1)},
        {frame: 41, value: _M(-1,0,0,0,0,-.9518,.3067,0,0,.3067,.9518,0,-.2162,-.7437,-.8572,1)},
        {frame: 42, value: _M(-1,0,0,0,0,-.9518,.3067,0,0,.3067,.9518,0,-.2261,-.3979,-.9082,1)},
        {frame: 43, value: _M(-1,0,0,0,0,-.9518,.3067,0,0,.3067,.9518,0,-.2385,.1669,-.9106,1)},
        {frame: 44, value: _M(-1,0,0,0,0,-.9518,.3067,0,0,.3067,.9518,0,-.2504,.6875,-.8623,1)},
        {frame: 45, value: _M(-1,0,0,0,0,-.9518,.3067,0,0,.3067,.9518,0,-.2619,1.183,-.7694,1)},
        {frame: 46, value: _M(-1,0,0,0,0,-.9518,.3067,0,0,.3067,.9518,0,-.2715,1.4618,-.6013,1)},
        {frame: 47, value: _M(-1,0,0,0,0,-.9518,.3067,0,0,.3067,.9518,0,-.2787,1.2883,-.3125,1)},
        {frame: 48, value: _M(-1,0,0,0,0,-.9518,.3067,0,0,.3067,.9518,0,-.2814,1.0785,-.1367,1)},
        {frame: 60, value: _M(-1,0,0,0,0,-.9518,.3067,0,0,.3067,.9518,0,-.4565,-.0486,-.1367,1)},
        {frame: 120, value: _M(-1,0,0,0,0,-.9518,.3067,0,0,.3067,.9518,0,-.4565,-.0486,-.1367,1)},
        {frame: 130, value: _M(-1,0,0,0,0,-.9518,.3067,0,0,.3067,.9518,0,-.9244,-.4429,-.1367,1)},
        {frame: 192, value: _M(-1,0,0,0,0,-.9518,.3067,0,0,.3067,.9518,0,-.9244,-.4429,-.1367,1)}
        ]);
        bone.animations.push(animation);

        bone = new QI.Bone("foot.R", skeleton,skeleton.bones[3], _M(-.8926,-.444,.0776,0,.4319,-.7934,.429,0,-.1289,.4164,.9,0,0,.1648,-.0002,1), _M(-1,0,0,0,0,-.8947,.4467,0,0,.4467,.8947,0,0,.1648,-.0002,1));
        bone.length = .5841;
        animation = new _B.Animation("anim", "_matrix", 24, 3, 1);
        animation.setKeys([
        {frame: 0, value: _M(-.8926,-.444,.0776,0,.4319,-.7934,.429,0,-.1289,.4164,.9,0,0,.1648,-.0002,1)},
        {frame: 18, value: _M(-.8926,-.444,.0776,0,.4319,-.7934,.429,0,-.1289,.4164,.9,0,0,.1648,-.0002,1)},
        {frame: 30, value: _M(-.963,-.2654,.0464,0,.2694,-.951,.1516,0,.0039,.1585,.9873,0,0,.1648,-.0002,1)},
        {frame: 31, value: _M(-.9907,-.1325,.0318,0,.1361,-.9511,.2774,0,-.0065,.2791,.9602,0,0,.1648,-.0002,1)},
        {frame: 32, value: _M(-1,0,0,0,0,-.8947,.4467,0,0,.4467,.8947,0,0,.1648,-.0002,1)},
        {frame: 33, value: _M(-1,0,0,0,0,-.8692,.4944,0,0,.4944,.8692,0,0,.1648,-.0002,1)},
        {frame: 34, value: _M(-1,0,0,0,0,-.8647,.5022,0,0,.5022,.8647,0,0,.1648,-.0002,1)},
        {frame: 35, value: _M(-1,0,0,0,0,-.8314,.5556,0,0,.5556,.8314,0,0,.1648,-.0002,1)},
        {frame: 36, value: _M(-1,0,0,0,0,-.6958,.7182,0,0,.7182,.6958,0,0,.1648,-.0002,1)},
        {frame: 37, value: _M(-1,0,0,0,0,-.581,.8139,0,0,.8139,.581,0,0,.1648,-.0002,1)},
        {frame: 38, value: _M(-1,0,0,0,0,-.6118,.791,0,0,.791,.6118,0,0,.1648,-.0002,1)},
        {frame: 39, value: _M(-1,0,0,0,0,-.6417,.7669,0,0,.7669,.6417,0,0,.1648,-.0002,1)},
        {frame: 40, value: _M(-.9999,.0032,.0127,0,.0114,-.265,.9642,0,.0064,.9642,.265,0,0,.1648,-.0002,1)},
        {frame: 41, value: _M(-.9993,.0034,.0385,0,.0386,.1597,.9864,0,-.0028,.9872,-.1597,0,0,.1648,-.0002,1)},
        {frame: 42, value: _M(-.9973,-.0184,.0706,0,.07,.0291,.9971,0,-.0204,.9994,-.0277,0,0,.1648,-.0002,1)},
        {frame: 43, value: _M(-.9928,-.0626,.1019,0,.1163,-.309,.9439,0,-.0276,.949,.3141,0,0,.1648,-.0002,1)},
        {frame: 44, value: _M(-.9866,-.1142,.1162,0,.1615,-.591,.7903,0,-.0215,.7985,.6016,0,0,.1648,-.0002,1)},
        {frame: 45, value: _M(-.979,-.1709,.1115,0,.2035,-.7783,.594,0,-.0148,.6042,.7967,0,0,.1648,-.0002,1)},
        {frame: 46, value: _M(-.9713,-.2206,.0886,0,.2376,-.8902,.3887,0,-.0069,.3986,.9171,0,0,.1648,-.0002,1)},
        {frame: 47, value: _M(-.9653,-.2538,.0608,0,.261,-.9402,.2191,0,.0016,.2274,.9738,0,0,.1648,-.0002,1)},
        {frame: 48, value: _M(-.963,-.2654,.0464,0,.2694,-.951,.1516,0,.0039,.1585,.9873,0,0,.1648,-.0002,1)},
        {frame: 60, value: _M(-.9746,-.2205,.0385,0,.2145,-.8707,.4425,0,-.064,.4395,.8959,0,0,.1648,-.0002,1)},
        {frame: 120, value: _M(-.9746,-.2205,.0385,0,.2145,-.8707,.4425,0,-.064,.4395,.8959,0,0,.1648,-.0002,1)},
        {frame: 130, value: _M(-.8926,-.444,.0776,0,.4319,-.7934,.429,0,-.1289,.4164,.9,0,0,.1648,-.0002,1)},
        {frame: 192, value: _M(-.8926,-.444,.0776,0,.4319,-.7934,.429,0,-.1289,.4164,.9,0,0,.1648,-.0002,1)}
        ]);
        bone.animations.push(animation);

        bone = new QI.Bone("hips", skeleton,skeleton.bones[0], _M(.972,.2349,0,0,-.024,.0992,-.9948,0,-.2337,.9669,.102,0,0,.2173,-2.3431,1), _M(1,0,0,0,0,.102,-.9948,0,0,.9948,.102,0,0,.2173,-2.5278,1));
        bone.length = .4281;
        animation = new _B.Animation("anim", "_matrix", 24, 3, 1);
        animation.setKeys([
        {frame: 0, value: _M(.972,.2349,0,0,-.024,.0992,-.9948,0,-.2337,.9669,.102,0,0,.2173,-2.3228,1)},
        {frame: 1, value: _M(.9676,.2521,-.0159,0,-.0308,.0555,-.998,0,-.2507,.9661,.0615,0,0,.2173,-2.3226,1)},
        {frame: 2, value: _M(.9529,.2964,-.0647,0,-.046,-.0697,-.9965,0,-.2999,.9525,-.0528,0,0,.2173,-2.3208,1)},
        {frame: 3, value: _M(.9296,.3431,-.1349,0,-.0559,-.2305,-.9715,0,-.3644,.9106,-.1951,0,0,.2173,-2.3153,1)},
        {frame: 4, value: _M(.9086,.3701,-.1936,0,-.0559,-.3516,-.9345,0,-.4139,.8599,-.2988,0,0,.2173,-2.3047,1)},
        {frame: 5, value: _M(.9007,.3776,-.2149,0,-.0542,-.393,-.9179,0,-.431,.8384,-.3335,0,0,.2173,-2.2895,1)},
        {frame: 6, value: _M(.9202,.3629,-.1467,0,-.0526,-.2568,-.965,0,-.3879,.8957,-.2172,0,0,.2173,-2.2595,1)},
        {frame: 7, value: _M(.9566,.2907,-.0215,0,-.0406,.0597,-.9974,0,-.2887,.955,.0689,0,0,.2173,-2.2198,1)},
        {frame: 8, value: _M(.9891,.1286,.0718,0,.0012,.4805,-.877,0,-.1473,.8675,.4751,0,0,.2173,-2.1769,1)},
        {frame: 9, value: _M(.9961,.0208,.0857,0,.0485,.6827,-.729,0,-.0737,.7304,.6791,0,0,.2173,-2.1539,1)},
        {frame: 10, value: _M(.9954,.0456,.0843,0,.0355,.6407,-.7669,0,-.089,.7664,.6362,0,0,.2173,-2.1566,1)},
        {frame: 11, value: _M(.9905,.1168,.0719,0,.003,.5054,-.8629,0,-.1372,.855,.5002,0,0,.2173,-2.1656,1)},
        {frame: 12, value: _M(.9777,.2065,.0372,0,-.0271,.3,-.9536,0,-.2081,.9313,.2989,0,0,.2173,-2.1809,1)},
        {frame: 13, value: _M(.9628,.2702,-.0041,0,-.039,.1238,-.9915,0,-.2674,.9548,.1298,0,0,.2173,-2.2,1)},
        {frame: 14, value: _M(.9566,.2907,-.0215,0,-.0406,.0597,-.9974,0,-.2887,.955,.0689,0,0,.2173,-2.2198,1)},
        {frame: 15, value: _M(.959,.283,-.0184,0,-.0384,.0653,-.9971,0,-.2809,.9569,.0735,0,0,.2173,-2.2465,1)},
        {frame: 16, value: _M(.9648,.2628,-.0104,0,-.0325,.0798,-.9963,0,-.2609,.9616,.0855,0,0,.2173,-2.2827,1)},
        {frame: 17, value: _M(.9701,.2426,-.0028,0,-.0264,.0939,-.9952,0,-.2412,.9656,.0975,0,0,.2173,-2.3124,1)},
        {frame: 18, value: _M(.972,.2349,0,0,-.024,.0992,-.9948,0,-.2337,.9669,.102,0,0,.2173,-2.3228,1)},
        {frame: 30, value: _M(1,0,0,0,0,.4939,-.8695,0,0,.8695,.4939,0,-.1096,.2173,-2.4371,1)},
        {frame: 31, value: _M(1,0,0,0,0,.4939,-.8695,0,0,.8695,.4939,0,-.1013,.2173,-2.347,1)},
        {frame: 32, value: _M(1,0,0,0,0,.4939,-.8695,0,0,.8695,.4939,0,-.0788,.2173,-2.2569,1)},
        {frame: 33, value: _M(1,0,0,0,0,.4939,-.8695,0,0,.8695,.4939,0,-.0502,.2173,-2.3004,1)},
        {frame: 34, value: _M(1,0,0,0,0,.4939,-.8695,0,0,.8695,.4939,0,-.0146,.2173,-2.3936,1)},
        {frame: 35, value: _M(1,0,0,0,0,.4939,-.8695,0,0,.8695,.4939,0,.0198,.2173,-2.4371,1)},
        {frame: 36, value: _M(1,0,0,0,0,.4939,-.8695,0,0,.8695,.4939,0,.0531,.2173,-2.4371,1)},
        {frame: 37, value: _M(1,0,0,0,0,.4939,-.8695,0,0,.8695,.4939,0,.0809,.2173,-2.4371,1)},
        {frame: 38, value: _M(1,0,0,0,0,.4939,-.8695,0,0,.8695,.4939,0,.1018,.2173,-2.4371,1)},
        {frame: 39, value: _M(1,0,0,0,0,.4939,-.8695,0,0,.8695,.4939,0,.1096,.2173,-2.4371,1)},
        {frame: 40, value: _M(1,0,0,0,0,.4939,-.8695,0,0,.8695,.4939,0,.1013,.2173,-2.347,1)},
        {frame: 41, value: _M(1,0,0,0,0,.4939,-.8695,0,0,.8695,.4939,0,.0788,.2173,-2.2569,1)},
        {frame: 42, value: _M(1,0,0,0,0,.4939,-.8695,0,0,.8695,.4939,0,.0502,.2173,-2.3004,1)},
        {frame: 43, value: _M(1,0,0,0,0,.4939,-.8695,0,0,.8695,.4939,0,.0146,.2173,-2.3936,1)},
        {frame: 44, value: _M(1,0,0,0,0,.4939,-.8695,0,0,.8695,.4939,0,-.0198,.2173,-2.4371,1)},
        {frame: 45, value: _M(1,0,0,0,0,.4939,-.8695,0,0,.8695,.4939,0,-.0531,.2173,-2.4371,1)},
        {frame: 46, value: _M(1,0,0,0,0,.4939,-.8695,0,0,.8695,.4939,0,-.0809,.2173,-2.4371,1)},
        {frame: 47, value: _M(1,0,0,0,0,.4939,-.8695,0,0,.8695,.4939,0,-.1018,.2173,-2.4371,1)},
        {frame: 48, value: _M(1,0,0,0,0,.4939,-.8695,0,0,.8695,.4939,0,-.1096,.2173,-2.4371,1)},
        {frame: 60, value: _M(.9862,.1658,0,0,-.0169,.1006,-.9948,0,-.1649,.981,.102,0,0,.2173,-2.4285,1)},
        {frame: 61, value: _M(.9862,.1658,0,0,-.0169,.1006,-.9948,0,-.1649,.981,.102,0,0,.2173,-2.4286,1)},
        {frame: 62, value: _M(.9862,.1658,0,0,-.0169,.1006,-.9948,0,-.1649,.981,.102,0,0,.2173,-2.4287,1)},
        {frame: 63, value: _M(.9862,.1658,0,0,-.0169,.1006,-.9948,0,-.1649,.981,.102,0,0,.2173,-2.429,1)},
        {frame: 64, value: _M(.9862,.1658,0,0,-.0169,.1006,-.9948,0,-.1649,.981,.102,0,0,.2173,-2.4294,1)},
        {frame: 65, value: _M(.9862,.1658,0,0,-.0169,.1006,-.9948,0,-.1649,.981,.102,0,0,.2173,-2.4299,1)},
        {frame: 66, value: _M(.9862,.1658,0,0,-.0169,.1006,-.9948,0,-.1649,.981,.102,0,0,.2173,-2.4306,1)},
        {frame: 67, value: _M(.9862,.1658,0,0,-.0169,.1006,-.9948,0,-.1649,.981,.102,0,0,.2173,-2.4313,1)},
        {frame: 68, value: _M(.9862,.1658,0,0,-.0169,.1006,-.9948,0,-.1649,.981,.102,0,0,.2173,-2.4322,1)},
        {frame: 69, value: _M(.9862,.1658,0,0,-.0169,.1006,-.9948,0,-.1649,.981,.102,0,0,.2173,-2.4331,1)},
        {frame: 70, value: _M(.9862,.1658,0,0,-.0169,.1006,-.9948,0,-.1649,.981,.102,0,0,.2173,-2.4341,1)},
        {frame: 71, value: _M(.9862,.1658,0,0,-.0169,.1006,-.9948,0,-.1649,.981,.102,0,0,.2173,-2.4352,1)},
        {frame: 72, value: _M(.9862,.1658,0,0,-.0169,.1006,-.9948,0,-.1649,.981,.102,0,0,.2173,-2.4364,1)},
        {frame: 73, value: _M(.9862,.1658,0,0,-.0169,.1006,-.9948,0,-.1649,.981,.102,0,0,.2173,-2.4376,1)},
        {frame: 74, value: _M(.9862,.1658,0,0,-.0169,.1006,-.9948,0,-.1649,.981,.102,0,0,.2173,-2.4388,1)},
        {frame: 75, value: _M(.9862,.1658,0,0,-.0169,.1006,-.9948,0,-.1649,.981,.102,0,0,.2173,-2.4401,1)},
        {frame: 76, value: _M(.9862,.1658,0,0,-.0169,.1006,-.9948,0,-.1649,.981,.102,0,0,.2173,-2.4413,1)},
        {frame: 77, value: _M(.9862,.1658,0,0,-.0169,.1006,-.9948,0,-.1649,.981,.102,0,0,.2173,-2.4426,1)},
        {frame: 78, value: _M(.9862,.1658,0,0,-.0169,.1006,-.9948,0,-.1649,.981,.102,0,0,.2173,-2.4438,1)},
        {frame: 79, value: _M(.9862,.1658,0,0,-.0169,.1006,-.9948,0,-.1649,.981,.102,0,0,.2173,-2.445,1)},
        {frame: 80, value: _M(.9862,.1658,0,0,-.0169,.1006,-.9948,0,-.1649,.981,.102,0,0,.2173,-2.4461,1)},
        {frame: 81, value: _M(.9862,.1658,0,0,-.0169,.1006,-.9948,0,-.1649,.981,.102,0,0,.2173,-2.4471,1)},
        {frame: 82, value: _M(.9862,.1658,0,0,-.0169,.1006,-.9948,0,-.1649,.981,.102,0,0,.2173,-2.448,1)},
        {frame: 83, value: _M(.9862,.1658,0,0,-.0169,.1006,-.9948,0,-.1649,.981,.102,0,0,.2173,-2.4489,1)},
        {frame: 84, value: _M(.9862,.1658,0,0,-.0169,.1006,-.9948,0,-.1649,.981,.102,0,0,.2173,-2.4496,1)},
        {frame: 85, value: _M(.9862,.1658,0,0,-.0169,.1006,-.9948,0,-.1649,.981,.102,0,0,.2173,-2.4502,1)},
        {frame: 86, value: _M(.9862,.1658,0,0,-.0169,.1006,-.9948,0,-.1649,.981,.102,0,0,.2173,-2.4507,1)},
        {frame: 87, value: _M(.9862,.1658,0,0,-.0169,.1006,-.9948,0,-.1649,.981,.102,0,0,.2173,-2.4511,1)},
        {frame: 88, value: _M(.9862,.1658,0,0,-.0169,.1006,-.9948,0,-.1649,.981,.102,0,0,.2173,-2.4514,1)},
        {frame: 89, value: _M(.9862,.1658,0,0,-.0169,.1006,-.9948,0,-.1649,.981,.102,0,0,.2173,-2.4516,1)},
        {frame: 92, value: _M(.9862,.1658,0,0,-.0169,.1006,-.9948,0,-.1649,.981,.102,0,0,.2173,-2.4514,1)},
        {frame: 93, value: _M(.9862,.1658,0,0,-.0169,.1006,-.9948,0,-.1649,.981,.102,0,0,.2173,-2.4511,1)},
        {frame: 94, value: _M(.9862,.1658,0,0,-.0169,.1006,-.9948,0,-.1649,.981,.102,0,0,.2173,-2.4507,1)},
        {frame: 95, value: _M(.9862,.1658,0,0,-.0169,.1006,-.9948,0,-.1649,.981,.102,0,0,.2173,-2.4502,1)},
        {frame: 96, value: _M(.9862,.1658,0,0,-.0169,.1006,-.9948,0,-.1649,.981,.102,0,0,.2173,-2.4496,1)},
        {frame: 97, value: _M(.9862,.1658,0,0,-.0169,.1006,-.9948,0,-.1649,.981,.102,0,0,.2173,-2.4489,1)},
        {frame: 98, value: _M(.9862,.1658,0,0,-.0169,.1006,-.9948,0,-.1649,.981,.102,0,0,.2173,-2.448,1)},
        {frame: 99, value: _M(.9862,.1658,0,0,-.0169,.1006,-.9948,0,-.1649,.981,.102,0,0,.2173,-2.4471,1)},
        {frame: 100, value: _M(.9862,.1658,0,0,-.0169,.1006,-.9948,0,-.1649,.981,.102,0,0,.2173,-2.4461,1)},
        {frame: 101, value: _M(.9862,.1658,0,0,-.0169,.1006,-.9948,0,-.1649,.981,.102,0,0,.2173,-2.445,1)},
        {frame: 102, value: _M(.9862,.1658,0,0,-.0169,.1006,-.9948,0,-.1649,.981,.102,0,0,.2173,-2.4438,1)},
        {frame: 103, value: _M(.9862,.1658,0,0,-.0169,.1006,-.9948,0,-.1649,.981,.102,0,0,.2173,-2.4426,1)},
        {frame: 104, value: _M(.9862,.1658,0,0,-.0169,.1006,-.9948,0,-.1649,.981,.102,0,0,.2173,-2.4413,1)},
        {frame: 105, value: _M(.9862,.1658,0,0,-.0169,.1006,-.9948,0,-.1649,.981,.102,0,0,.2173,-2.4401,1)},
        {frame: 106, value: _M(.9862,.1658,0,0,-.0169,.1006,-.9948,0,-.1649,.981,.102,0,0,.2173,-2.4388,1)},
        {frame: 107, value: _M(.9862,.1658,0,0,-.0169,.1006,-.9948,0,-.1649,.981,.102,0,0,.2173,-2.4376,1)},
        {frame: 108, value: _M(.9862,.1658,0,0,-.0169,.1006,-.9948,0,-.1649,.981,.102,0,0,.2173,-2.4364,1)},
        {frame: 109, value: _M(.9862,.1658,0,0,-.0169,.1006,-.9948,0,-.1649,.981,.102,0,0,.2173,-2.4352,1)},
        {frame: 110, value: _M(.9862,.1658,0,0,-.0169,.1006,-.9948,0,-.1649,.981,.102,0,0,.2173,-2.4341,1)},
        {frame: 111, value: _M(.9862,.1658,0,0,-.0169,.1006,-.9948,0,-.1649,.981,.102,0,0,.2173,-2.4331,1)},
        {frame: 112, value: _M(.9862,.1658,0,0,-.0169,.1006,-.9948,0,-.1649,.981,.102,0,0,.2173,-2.4322,1)},
        {frame: 113, value: _M(.9862,.1658,0,0,-.0169,.1006,-.9948,0,-.1649,.981,.102,0,0,.2173,-2.4313,1)},
        {frame: 114, value: _M(.9862,.1658,0,0,-.0169,.1006,-.9948,0,-.1649,.981,.102,0,0,.2173,-2.4306,1)},
        {frame: 115, value: _M(.9862,.1658,0,0,-.0169,.1006,-.9948,0,-.1649,.981,.102,0,0,.2173,-2.4299,1)},
        {frame: 116, value: _M(.9862,.1658,0,0,-.0169,.1006,-.9948,0,-.1649,.981,.102,0,0,.2173,-2.4294,1)},
        {frame: 117, value: _M(.9862,.1658,0,0,-.0169,.1006,-.9948,0,-.1649,.981,.102,0,0,.2173,-2.429,1)},
        {frame: 118, value: _M(.9862,.1658,0,0,-.0169,.1006,-.9948,0,-.1649,.981,.102,0,0,.2173,-2.4287,1)},
        {frame: 119, value: _M(.9862,.1658,0,0,-.0169,.1006,-.9948,0,-.1649,.981,.102,0,0,.2173,-2.4286,1)},
        {frame: 120, value: _M(.9862,.1658,0,0,-.0169,.1006,-.9948,0,-.1649,.981,.102,0,0,.2173,-2.4285,1)},
        {frame: 130, value: _M(.972,.2349,0,0,-.024,.0992,-.9948,0,-.2337,.9669,.102,0,0,.2173,-2.3228,1)},
        {frame: 131, value: _M(.972,.2349,0,0,-.024,.0992,-.9948,0,-.2337,.9669,.102,0,0,.2173,-2.3229,1)},
        {frame: 132, value: _M(.972,.2349,0,0,-.024,.0992,-.9948,0,-.2337,.9669,.102,0,0,.2173,-2.3232,1)},
        {frame: 133, value: _M(.972,.2349,0,0,-.024,.0992,-.9948,0,-.2337,.9669,.102,0,0,.2173,-2.3237,1)},
        {frame: 134, value: _M(.972,.2349,0,0,-.024,.0992,-.9948,0,-.2337,.9669,.102,0,0,.2173,-2.3245,1)},
        {frame: 135, value: _M(.972,.2349,0,0,-.024,.0992,-.9948,0,-.2337,.9669,.102,0,0,.2173,-2.3254,1)},
        {frame: 136, value: _M(.972,.2349,0,0,-.024,.0992,-.9948,0,-.2337,.9669,.102,0,0,.2173,-2.3265,1)},
        {frame: 137, value: _M(.972,.2349,0,0,-.024,.0992,-.9948,0,-.2337,.9669,.102,0,0,.2173,-2.3277,1)},
        {frame: 138, value: _M(.972,.2349,0,0,-.024,.0992,-.9948,0,-.2337,.9669,.102,0,0,.2173,-2.329,1)},
        {frame: 139, value: _M(.972,.2349,0,0,-.024,.0992,-.9948,0,-.2337,.9669,.102,0,0,.2173,-2.3303,1)},
        {frame: 140, value: _M(.972,.2349,0,0,-.024,.0992,-.9948,0,-.2337,.9669,.102,0,0,.2173,-2.3315,1)},
        {frame: 141, value: _M(.972,.2349,0,0,-.024,.0992,-.9948,0,-.2337,.9669,.102,0,0,.2173,-2.3326,1)},
        {frame: 142, value: _M(.972,.2349,0,0,-.024,.0992,-.9948,0,-.2337,.9669,.102,0,0,.2173,-2.3337,1)},
        {frame: 143, value: _M(.972,.2349,0,0,-.024,.0992,-.9948,0,-.2337,.9669,.102,0,0,.2173,-2.335,1)},
        {frame: 144, value: _M(.972,.2349,0,0,-.024,.0992,-.9948,0,-.2337,.9669,.102,0,0,.2173,-2.3364,1)},
        {frame: 145, value: _M(.972,.2349,0,0,-.024,.0992,-.9948,0,-.2337,.9669,.102,0,0,.2173,-2.338,1)},
        {frame: 146, value: _M(.972,.2349,0,0,-.024,.0992,-.9948,0,-.2337,.9669,.102,0,0,.2173,-2.3396,1)},
        {frame: 147, value: _M(.972,.2349,0,0,-.024,.0992,-.9948,0,-.2337,.9669,.102,0,0,.2173,-2.3414,1)},
        {frame: 148, value: _M(.972,.2349,0,0,-.024,.0992,-.9948,0,-.2337,.9669,.102,0,0,.2173,-2.3431,1)},
        {frame: 149, value: _M(.972,.2349,0,0,-.024,.0992,-.9948,0,-.2337,.9669,.102,0,0,.2173,-2.345,1)},
        {frame: 150, value: _M(.972,.2349,0,0,-.024,.0992,-.9948,0,-.2337,.9669,.102,0,0,.2173,-2.3467,1)},
        {frame: 151, value: _M(.972,.2349,0,0,-.024,.0992,-.9948,0,-.2337,.9669,.102,0,0,.2173,-2.3485,1)},
        {frame: 152, value: _M(.972,.2349,0,0,-.024,.0992,-.9948,0,-.2337,.9669,.102,0,0,.2173,-2.3501,1)},
        {frame: 153, value: _M(.972,.2349,0,0,-.024,.0992,-.9948,0,-.2337,.9669,.102,0,0,.2173,-2.3516,1)},
        {frame: 154, value: _M(.972,.2349,0,0,-.024,.0992,-.9948,0,-.2337,.9669,.102,0,0,.2173,-2.3529,1)},
        {frame: 155, value: _M(.972,.2349,0,0,-.024,.0992,-.9948,0,-.2337,.9669,.102,0,0,.2173,-2.3541,1)},
        {frame: 156, value: _M(.972,.2349,0,0,-.024,.0992,-.9948,0,-.2337,.9669,.102,0,0,.2173,-2.355,1)},
        {frame: 157, value: _M(.972,.2349,0,0,-.024,.0992,-.9948,0,-.2337,.9669,.102,0,0,.2173,-2.3557,1)},
        {frame: 158, value: _M(.972,.2349,0,0,-.024,.0992,-.9948,0,-.2337,.9669,.102,0,0,.2173,-2.3563,1)},
        {frame: 159, value: _M(.972,.2349,0,0,-.024,.0992,-.9948,0,-.2337,.9669,.102,0,0,.2173,-2.3566,1)},
        {frame: 160, value: _M(.972,.2349,0,0,-.024,.0992,-.9948,0,-.2337,.9669,.102,0,0,.2173,-2.3567,1)},
        {frame: 161, value: _M(.972,.2349,0,0,-.024,.0992,-.9948,0,-.2337,.9669,.102,0,0,.2173,-2.3566,1)},
        {frame: 162, value: _M(.972,.2349,0,0,-.024,.0992,-.9948,0,-.2337,.9669,.102,0,0,.2173,-2.3563,1)},
        {frame: 163, value: _M(.972,.2349,0,0,-.024,.0992,-.9948,0,-.2337,.9669,.102,0,0,.2173,-2.3559,1)},
        {frame: 164, value: _M(.972,.2349,0,0,-.024,.0992,-.9948,0,-.2337,.9669,.102,0,0,.2173,-2.3553,1)},
        {frame: 165, value: _M(.972,.2349,0,0,-.024,.0992,-.9948,0,-.2337,.9669,.102,0,0,.2173,-2.3546,1)},
        {frame: 166, value: _M(.972,.2349,0,0,-.024,.0992,-.9948,0,-.2337,.9669,.102,0,0,.2173,-2.3537,1)},
        {frame: 167, value: _M(.972,.2349,0,0,-.024,.0992,-.9948,0,-.2337,.9669,.102,0,0,.2173,-2.3526,1)},
        {frame: 168, value: _M(.972,.2349,0,0,-.024,.0992,-.9948,0,-.2337,.9669,.102,0,0,.2173,-2.3514,1)},
        {frame: 169, value: _M(.972,.2349,0,0,-.024,.0992,-.9948,0,-.2337,.9669,.102,0,0,.2173,-2.35,1)},
        {frame: 170, value: _M(.972,.2349,0,0,-.024,.0992,-.9948,0,-.2337,.9669,.102,0,0,.2173,-2.3485,1)},
        {frame: 171, value: _M(.972,.2349,0,0,-.024,.0992,-.9948,0,-.2337,.9669,.102,0,0,.2173,-2.3469,1)},
        {frame: 172, value: _M(.972,.2349,0,0,-.024,.0992,-.9948,0,-.2337,.9669,.102,0,0,.2173,-2.3452,1)},
        {frame: 173, value: _M(.972,.2349,0,0,-.024,.0992,-.9948,0,-.2337,.9669,.102,0,0,.2173,-2.3434,1)},
        {frame: 174, value: _M(.972,.2349,0,0,-.024,.0992,-.9948,0,-.2337,.9669,.102,0,0,.2173,-2.3416,1)},
        {frame: 175, value: _M(.972,.2349,0,0,-.024,.0992,-.9948,0,-.2337,.9669,.102,0,0,.2173,-2.3398,1)},
        {frame: 176, value: _M(.972,.2349,0,0,-.024,.0992,-.9948,0,-.2337,.9669,.102,0,0,.2173,-2.3379,1)},
        {frame: 177, value: _M(.972,.2349,0,0,-.024,.0992,-.9948,0,-.2337,.9669,.102,0,0,.2173,-2.3361,1)},
        {frame: 178, value: _M(.972,.2349,0,0,-.024,.0992,-.9948,0,-.2337,.9669,.102,0,0,.2173,-2.3343,1)},
        {frame: 179, value: _M(.972,.2349,0,0,-.024,.0992,-.9948,0,-.2337,.9669,.102,0,0,.2173,-2.3326,1)},
        {frame: 180, value: _M(.972,.2349,0,0,-.024,.0992,-.9948,0,-.2337,.9669,.102,0,0,.2173,-2.331,1)},
        {frame: 181, value: _M(.972,.2349,0,0,-.024,.0992,-.9948,0,-.2337,.9669,.102,0,0,.2173,-2.3295,1)},
        {frame: 182, value: _M(.972,.2349,0,0,-.024,.0992,-.9948,0,-.2337,.9669,.102,0,0,.2173,-2.3282,1)},
        {frame: 183, value: _M(.972,.2349,0,0,-.024,.0992,-.9948,0,-.2337,.9669,.102,0,0,.2173,-2.327,1)},
        {frame: 184, value: _M(.972,.2349,0,0,-.024,.0992,-.9948,0,-.2337,.9669,.102,0,0,.2173,-2.3259,1)},
        {frame: 185, value: _M(.972,.2349,0,0,-.024,.0992,-.9948,0,-.2337,.9669,.102,0,0,.2173,-2.325,1)},
        {frame: 186, value: _M(.972,.2349,0,0,-.024,.0992,-.9948,0,-.2337,.9669,.102,0,0,.2173,-2.3242,1)},
        {frame: 187, value: _M(.972,.2349,0,0,-.024,.0992,-.9948,0,-.2337,.9669,.102,0,0,.2173,-2.3236,1)},
        {frame: 188, value: _M(.972,.2349,0,0,-.024,.0992,-.9948,0,-.2337,.9669,.102,0,0,.2173,-2.3232,1)},
        {frame: 189, value: _M(.972,.2349,0,0,-.024,.0992,-.9948,0,-.2337,.9669,.102,0,0,.2173,-2.323,1)},
        {frame: 190, value: _M(.972,.2349,0,0,-.024,.0992,-.9948,0,-.2337,.9669,.102,0,0,.2173,-2.3229,1)},
        {frame: 192, value: _M(.972,.2349,0,0,-.024,.0992,-.9948,0,-.2337,.9669,.102,0,0,.2173,-2.3229,1)}
        ]);
        bone.animations.push(animation);

        bone = new QI.Bone("spine", skeleton,skeleton.bones[5], _M(1,.0058,-.0007,0,-.0058,.9918,-.1275,0,-.0001,.1275,.9918,0,0,.4281,0,1), _M(1,0,0,0,0,.9946,-.1037,0,0,.1037,.9946,0,0,.4281,0,1));
        bone.length = .3874;
        animation = new _B.Animation("anim", "_matrix", 24, 3, 1);
        animation.setKeys([
        {frame: 0, value: _M(1,0,0,0,0,.9946,-.1037,0,0,.1037,.9946,0,0,.4281,0,1)},
        {frame: 1, value: _M(.9999,-.0036,.0163,0,.0054,.9943,-.1064,0,-.0158,.1064,.9942,0,0,.4281,0,1)},
        {frame: 2, value: _M(.998,-.0137,.0623,0,.0207,.9933,-.1134,0,-.0603,.1145,.9916,0,0,.4281,0,1)},
