// File generated with Tower of Babel version: 5.3-beta on 07/15/17
var __extends = this.__extends || function (d, b) {
    for (var p in b) if (b.hasOwnProperty(p)) d[p] = b[p];
    function __() { this.constructor = d; }
    d.prototype = b === null ? Object.create(b) : (__.prototype = b.prototype, new __());
};
var Warrior;
(function (Warrior) {
    var _B = BABYLON;
    var _M = _B.Matrix.FromValues;
    var _Q = _B.Quaternion;
    var _V = _B.Vector3;
    function CONTIG(array, offset, begin, end) {
        for(var i = 0, len = 1 + end - begin; i < len; i++) {
            array[offset + i] = begin + i;
        }
    }
    function REPEAT(array, offset, nRepeats, val) {
        for(var i = 0; i < nRepeats; i++) {
            array[offset + i] = val;
        }
    }
    function UNPACK(compressed) {
        var len = compressed.length * 4;
        ret = new Float32Array(compressed.length * 4);
        for(var i = 0, j = 0; i < len; i += 4, j++) {
            ret[i    ] =  compressed[j] & 0x000000FF;
            ret[i + 1] = (compressed[j] & 0x0000FF00) >> 8;
            ret[i + 2] = (compressed[j] & 0x00FF0000) >> 16;
            ret[i + 3] =  compressed[j] >> 24;
        }
        return ret;
    }
    var _sceneTransitionName;
    var _overriddenMillis;
    var _overriddenSound;
    var _options;

    function initScene(scene, resourcesRootDir, positionOffset, sceneTransitionName, overriddenMillis, overriddenSound, options) {
        if (!resourcesRootDir) { resourcesRootDir = "./"; }
        function MOVE(mesh, positionOffset) {
            mesh.position.addInPlace(positionOffset);
            if (mesh.isWorldMatrixFrozen) mesh.freezeWorldMatrix();
        }

        _sceneTransitionName = sceneTransitionName;
        _overriddenMillis    = overriddenMillis;
        _overriddenSound     = overriddenSound;
        _options             = options;

        scene.autoClear = true;
        scene.clearColor    = new _B.Color3(.0509,.0509,.0509);
        scene.ambientColor  = new _B.Color3(0,0,0);
        scene.gravity = new _V(0,-9.81,0);

        // define materials before meshes
        defineMaterials(scene, resourcesRootDir);

        // instance all root meshes
        var mesh;
        if (typeof (TOWER_OF_BABEL) !== 'undefined'){
            TOWER_OF_BABEL.MeshFactory.MODULES.push(new MeshFactory(scene));
            mesh = TOWER_OF_BABEL.MeshFactory.instance("Warrior", "Boots", true);
            if (positionOffset) MOVE(mesh, positionOffset);
            mesh = TOWER_OF_BABEL.MeshFactory.instance("Warrior", "Gloves", true);
            if (positionOffset) MOVE(mesh, positionOffset);
            mesh = TOWER_OF_BABEL.MeshFactory.instance("Warrior", "Warrior", true);
            if (positionOffset) MOVE(mesh, positionOffset);
            mesh = TOWER_OF_BABEL.MeshFactory.instance("Warrior", "Armor", true);
            if (positionOffset) MOVE(mesh, positionOffset);
            mesh = TOWER_OF_BABEL.MeshFactory.instance("Warrior", "Hair", true);
            if (positionOffset) MOVE(mesh, positionOffset);
            mesh = TOWER_OF_BABEL.MeshFactory.instance("Warrior", "Helm", true);
            if (positionOffset) MOVE(mesh, positionOffset);
        } else {
            mesh = new Boots("Boots", scene);
            if (positionOffset) MOVE(mesh, positionOffset);
            mesh = new Gloves("Gloves", scene);
            if (positionOffset) MOVE(mesh, positionOffset);
            mesh = new Warrior("Warrior", scene);
            if (positionOffset) MOVE(mesh, positionOffset);
            mesh = new Armor("Armor", scene);
            if (positionOffset) MOVE(mesh, positionOffset);
            mesh = new Hair("Hair", scene);
            if (positionOffset) MOVE(mesh, positionOffset);
            mesh = new Helm("Helm", scene);
            if (positionOffset) MOVE(mesh, positionOffset);
        }
    }
    Warrior.initScene = initScene;
    var meshLib = new Array(6);
    var cloneCount = 1;

    var originalVerts = 0;
    var clonedVerts = 0;
    var MeshFactory = (function () {
        function MeshFactory(_scene, materialsRootDir) {
            this._scene = _scene;
            if (!materialsRootDir) { materialsRootDir = "./"; }
            defineMaterials(_scene, materialsRootDir); //embedded version check
        }

        MeshFactory.prototype.getModuleName = function () { return "Warrior";};

        MeshFactory.prototype.instance = function (meshName, cloneSkeleton) {
            var ret = null;
            var src;
            switch (meshName){
                case "Boots":
                    src = getViable(0);
                    if (src === null){
                        ret = new Boots("Boots", this._scene);
                        originalVerts += ret.getTotalVertices();
                        meshLib[0].push(ret);
                    }else{
                        ret = new Boots("Boots" + "_" + cloneCount++, this._scene, null, src);
                        clonedVerts += ret.getTotalVertices();
                    }
                    break;
                case "Gloves":
                    src = getViable(1);
                    if (src === null){
                        ret = new Gloves("Gloves", this._scene);
                        originalVerts += ret.getTotalVertices();
                        meshLib[1].push(ret);
                    }else{
                        ret = new Gloves("Gloves" + "_" + cloneCount++, this._scene, null, src);
                        clonedVerts += ret.getTotalVertices();
                    }
                    break;
                case "Warrior":
                    src = getViable(2);
                    if (src === null){
                        ret = new Warrior("Warrior", this._scene);
                        originalVerts += ret.getTotalVertices();
                        meshLib[2].push(ret);
                    }else{
                        ret = new Warrior("Warrior" + "_" + cloneCount++, this._scene, null, src);
                        clonedVerts += ret.getTotalVertices();
                    }
                    break;
                case "Armor":
                    src = getViable(3);
                    if (src === null){
                        ret = new Armor("Armor", this._scene);
                        originalVerts += ret.getTotalVertices();
                        meshLib[3].push(ret);
                    }else{
                        ret = new Armor("Armor" + "_" + cloneCount++, this._scene, null, src);
                        clonedVerts += ret.getTotalVertices();
                    }
                    break;
                case "Hair":
                    src = getViable(4);
                    if (src === null){
                        ret = new Hair("Hair", this._scene);
                        originalVerts += ret.getTotalVertices();
                        meshLib[4].push(ret);
                    }else{
                        ret = new Hair("Hair" + "_" + cloneCount++, this._scene, null, src);
                        clonedVerts += ret.getTotalVertices();
                    }
                    break;
                case "Helm":
                    src = getViable(5);
                    if (src === null){
                        ret = new Helm("Helm", this._scene);
                        originalVerts += ret.getTotalVertices();
                        meshLib[5].push(ret);
                    }else{
                        ret = new Helm("Helm" + "_" + cloneCount++, this._scene, null, src);
                        clonedVerts += ret.getTotalVertices();
                    }
                    break;
            }
            if (ret !== null){
                if (cloneSkeleton && src && src.skeleton){
                    var skelName = src.skeleton.name + cloneCount;
                    ret.skeleton = src.skeleton.clone(skelName, skelName);
                }
            }
            else _B.Tools.Error("Mesh not found: " + meshName);
            return ret;
        };
        return MeshFactory;
    })();
    Warrior.MeshFactory = MeshFactory;
    function getViable(libIdx, isNode) {
        var meshes = meshLib[libIdx];
        if (!meshes || meshes === null){
            if (!meshes) meshLib[libIdx] = new Array();
            return null;
        }

        for (var i = meshes.length - 1; i >= 0; i--){
            if (meshes[i].geometry || isNode) return meshes[i];
        }
        return null;
    }

    function clean(libIdx) {
        var meshes = meshLib[libIdx];
        if (!meshes  || meshes === null) return;

        var stillViable = false;
        for (var i = meshes.length - 1; i >= 0; i--){
            if (!meshes[i].geometry) meshes[i] = null;
            else stillViable = true;
        }
        if (!stillViable) meshLib[libIdx] = null;
    }

    function getStats() { return [cloneCount, originalVerts, clonedVerts]; }
    Warrior.getStats = getStats;


    var waitingMeshes = [];
    var pendingTextures = 0;
    function onTexturesLoaded(){
        if (--pendingTextures > 0) return;
        if (_sceneTransitionName) QI.SceneTransition.perform(_sceneTransitionName, waitingMeshes, _overriddenMillis, _overriddenSound, _options);
        else {
            for (var i = 0, len = waitingMeshes.length; i < len; i++) {
                if (typeof waitingMeshes[i].grandEntrance == "function") waitingMeshes[i].grandEntrance();
                else makeVisible(waitingMeshes[i]);
            }
        }
        waitingMeshes = [];
        _sceneTransitionName = null;
        matLoaded = true;
    }

    // QI.Mesh has similar method, using this to not require QI
    function makeVisible(mesh){
        var children = mesh.getChildMeshes();
        mesh.isVisible = true;
        for (var i = 0, len = children.length; i < len; i++) {
            children[i].isVisible = true;
        }
    }

    var aheadQueued = false;
    function matReadAhead(materialsRootDir) {
        if (aheadQueued) return;
        var txBuffer;
        var fName;

        fName = "Character_texture_complete.png";
        if (!TOWER_OF_BABEL.Preloader.findTextureBuffer(fName)) {
            txtBuffer = new TOWER_OF_BABEL.TextureBuffer(materialsRootDir, fName);
            txtBuffer.hasAlpha = true;
            txtBuffer.level = 1;
            txtBuffer.coordinatesIndex = 0;
            txtBuffer.coordinatesMode = 0;
            txtBuffer.uOffset = 0;
            txtBuffer.vOffset = 0;
            txtBuffer.uScale = 1;
            txtBuffer.vScale = 1;
            txtBuffer.uAng = 0;
            txtBuffer.vAng = 0;
            txtBuffer.wAng = 0;
            txtBuffer.wrapU = 1;
            txtBuffer.wrapV = 1;
            pendingTextures++;
            TOWER_OF_BABEL.Preloader.addtextureBuffer(txtBuffer);
        }

        fName = "Skirt.png";
        if (!TOWER_OF_BABEL.Preloader.findTextureBuffer(fName)) {
            txtBuffer = new TOWER_OF_BABEL.TextureBuffer(materialsRootDir, fName);
            txtBuffer.hasAlpha = true;
            txtBuffer.level = 1;
            txtBuffer.coordinatesIndex = 0;
            txtBuffer.coordinatesMode = 0;
            txtBuffer.uOffset = 0;
            txtBuffer.vOffset = 0;
            txtBuffer.uScale = 1;
            txtBuffer.vScale = 1;
            txtBuffer.uAng = 0;
            txtBuffer.vAng = 0;
            txtBuffer.wAng = 0;
            txtBuffer.wrapU = 1;
            txtBuffer.wrapV = 1;
            pendingTextures++;
            TOWER_OF_BABEL.Preloader.addtextureBuffer(txtBuffer);
        }

        fName = "Hair.png";
        if (!TOWER_OF_BABEL.Preloader.findTextureBuffer(fName)) {
            txtBuffer = new TOWER_OF_BABEL.TextureBuffer(materialsRootDir, fName);
            txtBuffer.hasAlpha = true;
            txtBuffer.level = 1;
            txtBuffer.coordinatesIndex = 0;
            txtBuffer.coordinatesMode = 0;
            txtBuffer.uOffset = 0;
            txtBuffer.vOffset = 0;
            txtBuffer.uScale = 1;
            txtBuffer.vScale = 1;
            txtBuffer.uAng = 0;
            txtBuffer.vAng = 0;
            txtBuffer.wAng = 0;
            txtBuffer.wrapU = 1;
            txtBuffer.wrapV = 1;
            pendingTextures++;
            TOWER_OF_BABEL.Preloader.addtextureBuffer(txtBuffer);
        }

        aheadQueued = true;
    }
    Warrior.matReadAhead = matReadAhead;

    var matLoaded = false;
    function defineMaterials(scene, materialsRootDir) {
        if (!materialsRootDir) { materialsRootDir = "./"; }
        if (materialsRootDir.lastIndexOf("/") + 1  !== materialsRootDir.length) { materialsRootDir  += "/"; }
        if (typeof(QI) !== "undefined") QI.TimelineControl.initialize(scene);
        if (typeof(TOWER_OF_BABEL) !== "undefined") TOWER_OF_BABEL.Preloader.SCENE = scene;
        matReadAhead(materialsRootDir);
        var material;
        var texture;
        var txBuffer;

        material = scene.getMaterialByID("Warrior.Gloves");
        if (!material){
            material = new _B.StandardMaterial("Warrior.Gloves", scene);
            material.ambientColor  = new _B.Color3(.0607,.0386,.0189);
            material.diffuseColor  = new _B.Color3(.0486,.0309,.0151);
            material.emissiveColor = new _B.Color3(.0261,.0166,.0081);
            material.specularColor = new _B.Color3(0,0,0);
            material.specularPower = 50;
            material.alpha =  1;
            material.backFaceCulling = true;
            material.checkReadyOnlyOnce = false;
            material.maxSimultaneousLights = 4;
        } else material.markDirty();

        material = scene.getMaterialByID("Warrior.texture");
        if (!material){
            material = new _B.StandardMaterial("Warrior.texture", scene);
            material.ambientColor  = new _B.Color3(1,1,1);
            material.diffuseColor  = new _B.Color3(1,1,1);
            material.emissiveColor = new _B.Color3(.43,.43,.43);
            material.specularColor = new _B.Color3(0,0,0);
            material.specularPower = 50;
            material.alpha =  1;
            material.backFaceCulling = true;
            material.checkReadyOnlyOnce = false;
            material.maxSimultaneousLights = 4;
        txtBuffer = TOWER_OF_BABEL.Preloader.findTextureBuffer("Character_texture_complete.png");
        txtBuffer.applyWhenReady(material, TOWER_OF_BABEL.TextureBuffer.DIFFUSE_TEX, onTexturesLoaded);
        } else material.markDirty();

        material = scene.getMaterialByID("Warrior.Material.002");
        if (!material){
            material = new _B.StandardMaterial("Warrior.Material.002", scene);
            material.ambientColor  = new _B.Color3(.8,.8,.8);
            material.diffuseColor  = new _B.Color3(.64,.64,.64);
            material.emissiveColor = new _B.Color3(.336,.336,.336);
            material.specularColor = new _B.Color3(0,0,0);
            material.specularPower = 50;
            material.alpha =  1;
            material.backFaceCulling = true;
            material.checkReadyOnlyOnce = false;
            material.maxSimultaneousLights = 4;
        txtBuffer = TOWER_OF_BABEL.Preloader.findTextureBuffer("Skirt.png");
        txtBuffer.applyWhenReady(material, TOWER_OF_BABEL.TextureBuffer.DIFFUSE_TEX, onTexturesLoaded);
        } else material.markDirty();

        material = scene.getMaterialByID("Warrior.Material.003");
        if (!material){
            material = new _B.StandardMaterial("Warrior.Material.003", scene);
            material.ambientColor  = new _B.Color3(.1845,.1845,.1845);
            material.diffuseColor  = new _B.Color3(.1476,.1476,.1476);
            material.emissiveColor = new _B.Color3(.0793,.0793,.0793);
            material.specularColor = new _B.Color3(0,0,0);
            material.specularPower = 50;
            material.alpha =  1;
            material.backFaceCulling = true;
            material.checkReadyOnlyOnce = false;
            material.maxSimultaneousLights = 4;
        } else material.markDirty();

        material = scene.getMaterialByID("Warrior.Material.000");
        if (!material){
            material = new _B.StandardMaterial("Warrior.Material.000", scene);
            material.ambientColor  = new _B.Color3(.3032,.2344,.0755);
            material.diffuseColor  = new _B.Color3(.3032,.2344,.0755);
            material.emissiveColor = new _B.Color3(.1243,.0961,.031);
            material.specularColor = new _B.Color3(0,0,0);
            material.specularPower = 50;
            material.alpha =  1;
            material.backFaceCulling = true;
            material.checkReadyOnlyOnce = false;
            material.maxSimultaneousLights = 4;
        } else material.markDirty();

        material = scene.getMaterialByID("Warrior.Hair");
        if (!material){
            material = new _B.StandardMaterial("Warrior.Hair", scene);
            material.ambientColor  = new _B.Color3(.8,.8,.8);
            material.diffuseColor  = new _B.Color3(.64,.64,.64);
            material.emissiveColor = new _B.Color3(.336,.336,.336);
            material.specularColor = new _B.Color3(0,0,0);
            material.specularPower = 50;
            material.alpha =  1;
            material.backFaceCulling = true;
            material.checkReadyOnlyOnce = false;
            material.maxSimultaneousLights = 4;
        txtBuffer = TOWER_OF_BABEL.Preloader.findTextureBuffer("Hair.png");
        txtBuffer.applyWhenReady(material, TOWER_OF_BABEL.TextureBuffer.DIFFUSE_TEX, onTexturesLoaded);
        } else material.markDirty();

        material = scene.getMaterialByID("Warrior.Material.001");
        if (!material){
            material = new _B.StandardMaterial("Warrior.Material.001", scene);
            material.ambientColor  = new _B.Color3(.477,.001,0);
            material.diffuseColor  = new _B.Color3(.3816,.0008,0);
            material.emissiveColor = new _B.Color3(0,0,0);
            material.specularColor = new _B.Color3(0,0,0);
            material.specularPower = 50;
            material.alpha =  1;
            material.backFaceCulling = true;
            material.checkReadyOnlyOnce = false;
            material.maxSimultaneousLights = 4;
        } else material.markDirty();
        var multiMaterial;
        multiMaterial = new _B.MultiMaterial("Warrior.Multimaterial#0", scene);
        multiMaterial.subMaterials.push(scene.getMaterialByID("Warrior.Material.002"));
        multiMaterial.subMaterials.push(scene.getMaterialByID("Warrior.Material.003"));
        multiMaterial.subMaterials.push(scene.getMaterialByID("Warrior.Material.000"));
        multiMaterial = new _B.MultiMaterial("Warrior.Multimaterial#1", scene);
        multiMaterial.subMaterials.push(scene.getMaterialByID("Warrior.Hair"));
        multiMaterial.subMaterials.push(scene.getMaterialByID("Warrior.Material.001"));
        multiMaterial = new _B.MultiMaterial("Warrior.Multimaterial#2", scene);
        multiMaterial.subMaterials.push(scene.getMaterialByID("Warrior.Hair"));
        multiMaterial.subMaterials.push(scene.getMaterialByID("Warrior.Gloves"));

        if (pendingTextures === 0) {
            matLoaded = true; 
            if (_sceneTransitionName) QI.SceneTransition.perform(_sceneTransitionName, waitingMeshes, _overriddenMillis, _overriddenSound, _options);
        }
    }
    Warrior.defineMaterials = defineMaterials;

    function skel_metarig(name, scene){
        var bone;
        var animation;

        var skeleton = new QI.Skeleton(name, "0", scene);
        skeleton.dimensionsAtRest = new _V(2.6981,4.8573,1.3847);
        bone = new QI.Bone("root", skeleton,null, _M(1,0,0,0,0,0,-1,0,0,-1,0,0,0,0,.3263,1), _M(1,0,0,0,0,0,-1,0,0,-1,0,0,0,0,.3263,1));
        bone.length = 1.1261;
        animation = new _B.Animation("anim", "_matrix", 24, 3, 1);
        animation.setKeys([
        {frame: 0, value: _M(1,0,0,0,0,0,-1,0,0,-1,0,0,0,0,.3263,1)},
        {frame: 16, value: _M(1,0,0,0,0,0,-1,0,0,-1,0,0,0,0,.3263,1)},
        {frame: 30, value: _M(1,0,0,0,0,0,-1,0,0,-1,0,0,0,0,.3263,1)},
        {frame: 50, value: _M(1,0,0,0,0,0,-1,0,0,-1,0,0,0,0,.3263,1)},
        {frame: 60, value: _M(1,0,0,0,0,0,-1,0,0,-1,0,0,0,0,.3263,1)},
        {frame: 120, value: _M(1,0,0,0,0,0,-1,0,0,-1,0,0,0,0,.3263,1)},
        {frame: 130, value: _M(1,0,0,0,0,0,-1,0,0,-1,0,0,0,0,.3263,1)},
        {frame: 192, value: _M(1,0,0,0,0,0,-1,0,0,-1,0,0,0,0,.3263,1)}
        ]);
        bone.animations.push(animation);

        bone = new QI.Bone("heel.L", skeleton,skeleton.bones[0], _M(-1,0,0,0,0,-.9518,.3067,0,0,.3067,.9518,0,.9165,.8398,-.1367,1), _M(-1,0,0,0,0,-.9518,.3067,0,0,.3067,.9518,0,.3253,.2268,-.1367,1));
        bone.length = .51;
        animation = new _B.Animation("anim", "_matrix", 24, 3, 1);
        animation.setKeys([
        {frame: 0, value: _M(-1,0,0,0,0,-.9518,.3067,0,0,.3067,.9518,0,.9165,.8398,-.1367,1)},
        {frame: 1, value: _M(-1,0,0,0,0,-.9518,.3067,0,0,.3067,.9518,0,.9165,.8693,-.1883,1)},
        {frame: 2, value: _M(-1,0,0,0,0,-.9518,.3067,0,0,.3067,.9518,0,.9165,.9465,-.3231,1)},
        {frame: 3, value: _M(-1,0,0,0,0,-.9518,.3067,0,0,.3067,.9518,0,.9165,1.0237,-.458,1)},
        {frame: 4, value: _M(-1,0,0,0,0,-.9518,.3067,0,0,.3067,.9518,0,.9165,1.0533,-.5096,1)},
        {frame: 5, value: _M(-1,0,0,0,0,-.9518,.3067,0,0,.3067,.9518,0,.9165,.934,-.3625,1)},
        {frame: 6, value: _M(-1,0,0,0,0,-.9518,.3067,0,0,.3067,.9518,0,.9165,1.0161,-.2297,1)},
        {frame: 7, value: _M(-1,0,0,0,0,-.9518,.3067,0,0,.3067,.9518,0,.9165,1.1308,-.1367,1)},
        {frame: 8, value: _M(-1,0,0,0,0,-.9518,.3067,0,0,.3067,.9518,0,.9165,1.251,-.1229,1)},
        {frame: 9, value: _M(-1,0,0,0,0,-.9518,.3067,0,0,.3067,.9518,0,.9165,1.3169,-.1367,1)},
        {frame: 10, value: _M(-1,0,0,0,0,-.9518,.3067,0,0,.3067,.9518,0,.9165,1.307,-.1367,1)},
        {frame: 11, value: _M(-1,0,0,0,0,-.9518,.3067,0,0,.3067,.9518,0,.9165,1.2646,-.1367,1)},
        {frame: 12, value: _M(-1,0,0,0,0,-.9518,.3067,0,0,.3067,.9518,0,.9165,1.187,-.1367,1)},
        {frame: 13, value: _M(-1,0,0,0,0,-.9518,.3067,0,0,.3067,.9518,0,.9165,1.0733,-.1367,1)},
        {frame: 14, value: _M(-1,0,0,0,0,-.9518,.3067,0,0,.3067,.9518,0,.9165,.9536,-.1367,1)},
        {frame: 15, value: _M(-1,0,0,0,0,-.9518,.3067,0,0,.3067,.9518,0,.9165,.8686,-.1367,1)},
        {frame: 16, value: _M(-1,0,0,0,0,-.9518,.3067,0,0,.3067,.9518,0,.9165,.8398,-.1367,1)},
        {frame: 30, value: _M(-1,0,0,0,0,-.9103,-.4139,0,0,-.4139,.9103,0,.2699,-1.0515,-1.3797,1)},
        {frame: 31, value: _M(-1,0,0,0,0,-.8579,-.5137,0,0,-.5137,.8579,0,.2699,-.8492,-1.3884,1)},
        {frame: 32, value: _M(-1,0,0,0,0,-.7941,-.6077,0,0,-.6077,.7941,0,.2699,-.4581,-1.3411,1)},
        {frame: 33, value: _M(-1,0,0,0,0,-.8404,-.542,0,0,-.542,.8404,0,.2664,-.1346,-1.2006,1)},
        {frame: 34, value: _M(-1,0,0,0,0,-.9403,-.3402,0,0,-.3402,.9403,0,.2566,.2079,-.9985,1)},
        {frame: 35, value: _M(-1,0,0,0,0,-.9952,-.0981,0,0,-.0981,.9952,0,.2462,.587,-.826,1)},
        {frame: 36, value: _M(-1,0,0,0,0,-.9722,.2341,0,0,.2341,.9722,0,.2373,1.0638,-.7045,1)},
        {frame: 37, value: _M(-1,0,0,0,0,-.9047,.4261,0,0,.4261,.9047,0,.2262,1.472,-.6204,1)},
        {frame: 38, value: _M(-1,0,0,0,0,-.9229,.385,0,0,.385,.9229,0,.2132,1.6539,-.5975,1)},
        {frame: 39, value: _M(-1,0,0,0,0,-.9737,.2279,0,0,.2279,.9737,0,.196,1.7001,-.5325,1)},
        {frame: 40, value: _M(-1,0,0,0,0,-.9969,-.0783,0,0,-.0783,.9969,0,.1715,1.2165,-.1367,1)},
        {frame: 41, value: _M(-1,0,0,0,0,-.9992,-.04,0,0,-.04,.9992,0,.1779,.8935,-.0759,1)},
        {frame: 42, value: _M(-1,0,0,0,0,-1,-.0017,0,0,-.0017,1,0,.1915,.613,-.1065,1)},
        {frame: 43, value: _M(-1,0,0,0,0,-.9986,-.0532,0,0,-.0532,.9986,0,.2047,.2226,-.1297,1)},
        {frame: 44, value: _M(-1,0,0,0,0,-.9866,-.1631,0,0,-.1631,.9866,0,.2196,-.204,-.1803,1)},
        {frame: 45, value: _M(-1,0,0,0,0,-.9769,-.2138,0,0,-.2138,.9769,0,.2355,-.5396,-.2838,1)},
        {frame: 46, value: _M(-1,0,0,0,0,-.9993,.0379,0,0,.0379,.9993,0,.2545,-.7366,-.4554,1)},
        {frame: 47, value: _M(-1,0,0,0,0,-.9579,.2871,0,0,.2871,.9579,0,.2699,-.8562,-.6738,1)},
        {frame: 48, value: _M(-1,0,0,0,0,-.9925,.1223,0,0,.1223,.9925,0,.2767,-.9946,-.8849,1)},
        {frame: 49, value: _M(-1,0,0,0,0,-.9828,-.1844,0,0,-.1844,.9828,0,.2776,-1.0954,-1.1108,1)},
        {frame: 50, value: _M(-1,0,0,0,0,-.9103,-.4139,0,0,-.4139,.9103,0,.2776,-1.0515,-1.3797,1)},
        {frame: 60, value: _M(-1,0,0,0,0,-.9518,.3067,0,0,.3067,.9518,0,.4932,.4817,-.1367,1)},
        {frame: 120, value: _M(-1,0,0,0,0,-.9518,.3067,0,0,.3067,.9518,0,.4932,.4817,-.1367,1)},
        {frame: 130, value: _M(-1,0,0,0,0,-.9518,.3067,0,0,.3067,.9518,0,.9165,.8398,-.1367,1)},
        {frame: 192, value: _M(-1,0,0,0,0,-.9518,.3067,0,0,.3067,.9518,0,.9165,.8398,-.1367,1)}
        ]);
        bone.animations.push(animation);

        bone = new QI.Bone("foot.L", skeleton,skeleton.bones[1], _M(-1,0,0,0,0,-.8947,.4467,0,0,.4467,.8947,0,0,.1648,-.0002,1), _M(-1,0,0,0,0,-.8947,.4467,0,0,.4467,.8947,0,0,.1648,-.0002,1));
        bone.length = .5841;
        animation = new _B.Animation("anim", "_matrix", 24, 3, 1);
        animation.setKeys([
        {frame: 0, value: _M(-1,0,0,0,0,-.8947,.4467,0,0,.4467,.8947,0,0,.1648,-.0002,1)},
        {frame: 16, value: _M(-1,0,0,0,0,-.8947,.4467,0,0,.4467,.8947,0,0,.1648,-.0002,1)},
        {frame: 30, value: _M(-1,0,0,0,0,.0671,.9977,0,0,.9977,-.0671,0,0,.1648,-.0002,1)},
        {frame: 31, value: _M(-1,0,0,0,0,.0209,.9998,0,0,.9998,-.0209,0,0,.1648,-.0002,1)},
        {frame: 32, value: _M(-1,0,0,0,0,-.0977,.9952,0,0,.9952,.0977,0,0,.1648,-.0002,1)},
        {frame: 33, value: _M(-1,0,0,0,0,-.2333,.9724,0,0,.9724,.2333,0,0,.1648,-.0002,1)},
        {frame: 34, value: _M(-1,0,0,0,0,-.3998,.9166,0,0,.9166,.3998,0,0,.1648,-.0002,1)},
        {frame: 35, value: _M(-1,0,0,0,0,-.5765,.8171,0,0,.8171,.5765,0,0,.1648,-.0002,1)},
        {frame: 36, value: _M(-1,0,0,0,0,-.7465,.6654,0,0,.6654,.7465,0,0,.1648,-.0002,1)},
        {frame: 37, value: _M(-1,0,0,0,0,-.8681,.4964,0,0,.4964,.8681,0,0,.1648,-.0002,1)},
        {frame: 38, value: _M(-1,0,0,0,0,-.9453,.3262,0,0,.3262,.9453,0,0,.1648,-.0002,1)},
        {frame: 39, value: _M(-1,0,0,0,0,-.9844,.1758,0,0,.1758,.9844,0,0,.1648,-.0002,1)},
        {frame: 40, value: _M(-1,0,0,0,0,-.9952,.098,0,0,.098,.9952,0,0,.1648,-.0002,1)},
        {frame: 41, value: _M(-1,0,0,0,0,-.995,.0995,0,0,.0995,.995,0,0,.1648,-.0002,1)},
        {frame: 42, value: _M(-1,0,0,0,0,-.9941,.1089,0,0,.1089,.9941,0,0,.1648,-.0002,1)},
        {frame: 43, value: _M(-1,0,0,0,0,-.9924,.1233,0,0,.1233,.9924,0,0,.1648,-.0002,1)},
        {frame: 44, value: _M(-1,0,0,0,0,-.9847,.1743,0,0,.1743,.9847,0,0,.1648,-.0002,1)},
        {frame: 45, value: _M(-1,0,0,0,0,-.9544,.2987,0,0,.2987,.9544,0,0,.1648,-.0002,1)},
        {frame: 46, value: _M(-1,0,0,0,0,-.8496,.5274,0,0,.5274,.8496,0,0,.1648,-.0002,1)},
        {frame: 47, value: _M(-1,0,0,0,0,-.6369,.771,0,0,.771,.6369,0,0,.1648,-.0002,1)},
        {frame: 48, value: _M(-1,0,0,0,0,-.3618,.9323,0,0,.9323,.3618,0,0,.1648,-.0002,1)},
        {frame: 49, value: _M(-1,0,0,0,0,-.0839,.9965,0,0,.9965,.0839,0,0,.1648,-.0002,1)},
        {frame: 50, value: _M(-1,0,0,0,0,.0671,.9977,0,0,.9977,-.0671,0,0,.1648,-.0002,1)},
        {frame: 60, value: _M(-1,0,0,0,0,-.8947,.4467,0,0,.4467,.8947,0,0,.1648,-.0002,1)},
        {frame: 120, value: _M(-1,0,0,0,0,-.8947,.4467,0,0,.4467,.8947,0,0,.1648,-.0002,1)},
        {frame: 130, value: _M(-1,0,0,0,0,-.8947,.4467,0,0,.4467,.8947,0,0,.1648,-.0002,1)},
        {frame: 192, value: _M(-1,0,0,0,0,-.8947,.4467,0,0,.4467,.8947,0,0,.1648,-.0002,1)}
        ]);
        bone.animations.push(animation);

        bone = new QI.Bone("heel.R", skeleton,skeleton.bones[0], _M(-1,0,0,0,0,-.9518,.3067,0,0,.3067,.9518,0,-.9244,-.4429,-.1367,1), _M(-1,0,0,0,0,-.9518,.3067,0,0,.3067,.9518,0,-.3253,.2268,-.1367,1));
        bone.length = .51;
        animation = new _B.Animation("anim", "_matrix", 24, 3, 1);
        animation.setKeys([
        {frame: 0, value: _M(-1,0,0,0,0,-.9518,.3067,0,0,.3067,.9518,0,-.9244,-.4429,-.1367,1)},
        {frame: 8, value: _M(-1,0,0,0,0,-.9518,.3067,0,0,.3067,.9518,0,-.9244,-.4429,-.2214,1)},
        {frame: 9, value: _M(-1,0,0,0,0,-.9518,.3067,0,0,.3067,.9518,0,-.9244,-.4429,-.3061,1)},
        {frame: 12, value: _M(-1,0,0,0,0,-.9518,.3067,0,0,.3067,.9518,0,-.9244,-.4429,-.291,1)},
        {frame: 13, value: _M(-1,0,0,0,0,-.9518,.3067,0,0,.3067,.9518,0,-.9244,-.4429,-.2486,1)},
        {frame: 14, value: _M(-1,0,0,0,0,-.9518,.3067,0,0,.3067,.9518,0,-.9244,-.4429,-.1942,1)},
        {frame: 15, value: _M(-1,0,0,0,0,-.9518,.3067,0,0,.3067,.9518,0,-.9244,-.4429,-.1517,1)},
        {frame: 16, value: _M(-1,0,0,0,0,-.9518,.3067,0,0,.3067,.9518,0,-.9244,-.4429,-.1367,1)},
        {frame: 30, value: _M(-1,0,0,0,0,-.9969,-.0783,0,0,-.0783,.9969,0,-.1715,1.2165,-.1367,1)},
        {frame: 31, value: _M(-1,0,0,0,0,-.9992,-.0397,0,0,-.0397,.9992,0,-.1779,1.0152,-.1152,1)},
        {frame: 32, value: _M(-1,0,0,0,0,-1,-.0017,0,0,-.0017,1,0,-.1915,.613,-.1065,1)},
        {frame: 33, value: _M(-1,0,0,0,0,-.9985,-.0542,0,0,-.0542,.9985,0,-.2047,.2226,-.1297,1)},
        {frame: 34, value: _M(-1,0,0,0,0,-.9865,-.1636,0,0,-.1636,.9865,0,-.2196,-.204,-.1803,1)},
        {frame: 35, value: _M(-1,0,0,0,0,-.9769,-.2138,0,0,-.2138,.9769,0,-.2355,-.5396,-.2838,1)},
        {frame: 36, value: _M(-1,0,0,0,0,-.9992,.04,0,0,.04,.9992,0,-.2545,-.7366,-.4554,1)},
        {frame: 37, value: _M(-1,0,0,0,0,-.9579,.2871,0,0,.2871,.9579,0,-.2699,-.8562,-.6738,1)},
        {frame: 38, value: _M(-1,0,0,0,0,-.9921,.1253,0,0,.1253,.9921,0,-.2767,-.9946,-.8849,1)},
        {frame: 39, value: _M(-1,0,0,0,0,-.9828,-.1844,0,0,-.1844,.9828,0,-.2776,-1.0954,-1.1108,1)},
        {frame: 40, value: _M(-1,0,0,0,0,-.9103,-.4139,0,0,-.4139,.9103,0,-.2776,-1.0515,-1.3797,1)},
        {frame: 41, value: _M(-1,0,0,0,0,-.8306,-.5568,0,0,-.5568,.8306,0,-.2755,-.7934,-1.4064,1)},
        {frame: 42, value: _M(-1,0,0,0,0,-.7941,-.6077,0,0,-.6077,.7941,0,-.2699,-.4581,-1.3411,1)},
        {frame: 43, value: _M(-1,0,0,0,0,-.8402,-.5423,0,0,-.5423,.8402,0,-.2633,-.1346,-1.2006,1)},
        {frame: 44, value: _M(-1,0,0,0,0,-.9401,-.3409,0,0,-.3409,.9401,0,-.2551,.2079,-.9985,1)},
        {frame: 45, value: _M(-1,0,0,0,0,-.9952,-.0981,0,0,-.0981,.9952,0,-.2462,.587,-.826,1)},
        {frame: 46, value: _M(-1,0,0,0,0,-.9722,.2343,0,0,.2343,.9722,0,-.2373,1.0638,-.7045,1)},
        {frame: 47, value: _M(-1,0,0,0,0,-.9047,.4261,0,0,.4261,.9047,0,-.2262,1.472,-.6204,1)},
        {frame: 48, value: _M(-1,0,0,0,0,-.9229,.385,0,0,.385,.9229,0,-.2132,1.6539,-.5975,1)},
        {frame: 49, value: _M(-1,0,0,0,0,-.9737,.2279,0,0,.2279,.9737,0,-.196,1.7001,-.5325,1)},
        {frame: 50, value: _M(-1,0,0,0,0,-.9969,-.0783,0,0,-.0783,.9969,0,-.1715,1.2165,-.1367,1)},
        {frame: 60, value: _M(-1,0,0,0,0,-.9518,.3067,0,0,.3067,.9518,0,-.4565,-.0486,-.1367,1)},
        {frame: 120, value: _M(-1,0,0,0,0,-.9518,.3067,0,0,.3067,.9518,0,-.4565,-.0486,-.1367,1)},
        {frame: 130, value: _M(-1,0,0,0,0,-.9518,.3067,0,0,.3067,.9518,0,-.9244,-.4429,-.1367,1)},
        {frame: 192, value: _M(-1,0,0,0,0,-.9518,.3067,0,0,.3067,.9518,0,-.9244,-.4429,-.1367,1)}
        ]);
        bone.animations.push(animation);

        bone = new QI.Bone("foot.R", skeleton,skeleton.bones[3], _M(-.8926,-.444,.0776,0,.4319,-.7934,.429,0,-.1289,.4164,.9,0,0,.1648,-.0002,1), _M(-1,0,0,0,0,-.8947,.4467,0,0,.4467,.8947,0,0,.1648,-.0002,1));
        bone.length = .5841;
        animation = new _B.Animation("anim", "_matrix", 24, 3, 1);
        animation.setKeys([
        {frame: 0, value: _M(-.8926,-.444,.0776,0,.4319,-.7934,.429,0,-.1289,.4164,.9,0,0,.1648,-.0002,1)},
        {frame: 8, value: _M(-.8926,-.4233,.1551,0,.4319,-.7048,.5628,0,-.1289,.5693,.8119,0,0,.1648,-.0002,1)},
        {frame: 9, value: _M(-.8926,-.3891,.2276,0,.4319,-.5939,.6788,0,-.1289,.7042,.6982,0,0,.1648,-.0002,1)},
        {frame: 12, value: _M(-.8926,-.3961,.2152,0,.4319,-.615,.6597,0,-.1289,.6818,.7201,0,0,.1648,-.0002,1)},
        {frame: 13, value: _M(-.8926,-.4137,.1791,0,.4319,-.6713,.6023,0,-.1289,.615,.7779,0,0,.1648,-.0002,1)},
        {frame: 14, value: _M(-.8926,-.4315,.1305,0,.4319,-.7359,.5214,0,-.1289,.5218,.8433,0,0,.1648,-.0002,1)},
        {frame: 15, value: _M(-.8926,-.4414,.0916,0,.4319,-.7794,.4538,0,-.1289,.4446,.8864,0,0,.1648,-.0002,1)},
        {frame: 16, value: _M(-.8926,-.444,.0776,0,.4319,-.7934,.429,0,-.1289,.4164,.9,0,0,.1648,-.0002,1)},
        {frame: 30, value: _M(-1,0,0,0,0,-.9952,.098,0,0,.098,.9952,0,0,.1648,-.0002,1)},
        {frame: 31, value: _M(-1,0,0,0,0,-.9951,.0986,0,0,.0986,.9951,0,0,.1648,-.0002,1)},
        {frame: 32, value: _M(-1,0,0,0,0,-.9941,.1089,0,0,.1089,.9941,0,0,.1648,-.0002,1)},
        {frame: 33, value: _M(-1,0,0,0,0,-.9927,.1204,0,0,.1204,.9927,0,0,.1648,-.0002,1)},
        {frame: 34, value: _M(-1,0,0,0,0,-.9863,.1652,0,0,.1652,.9863,0,0,.1648,-.0002,1)},
        {frame: 35, value: _M(-1,0,0,0,0,-.9544,.2987,0,0,.2987,.9544,0,0,.1648,-.0002,1)},
        {frame: 36, value: _M(-1,0,0,0,0,-.8415,.5403,0,0,.5403,.8415,0,0,.1648,-.0002,1)},
        {frame: 37, value: _M(-1,0,0,0,0,-.6369,.771,0,0,.771,.6369,0,0,.1648,-.0002,1)},
        {frame: 38, value: _M(-1,0,0,0,0,-.372,.9282,0,0,.9282,.372,0,0,.1648,-.0002,1)},
        {frame: 39, value: _M(-1,0,0,0,0,-.0839,.9965,0,0,.9965,.0839,0,0,.1648,-.0002,1)},
        {frame: 40, value: _M(-1,0,0,0,0,.0671,.9977,0,0,.9977,-.0671,0,0,.1648,-.0002,1)},
        {frame: 41, value: _M(-1,0,0,0,0,.0214,.9998,0,0,.9998,-.0214,0,0,.1648,-.0002,1)},
        {frame: 42, value: _M(-1,0,0,0,0,-.0977,.9952,0,0,.9952,.0977,0,0,.1648,-.0002,1)},
        {frame: 43, value: _M(-1,0,0,0,0,-.2393,.971,0,0,.971,.2393,0,0,.1648,-.0002,1)},
        {frame: 44, value: _M(-1,0,0,0,0,-.4082,.9129,0,0,.9129,.4082,0,0,.1648,-.0002,1)},
        {frame: 45, value: _M(-1,0,0,0,0,-.5765,.8171,0,0,.8171,.5765,0,0,.1648,-.0002,1)},
        {frame: 46, value: _M(-1,0,0,0,0,-.74,.6726,0,0,.6726,.74,0,0,.1648,-.0002,1)},
        {frame: 47, value: _M(-1,0,0,0,0,-.8681,.4964,0,0,.4964,.8681,0,0,.1648,-.0002,1)},
        {frame: 48, value: _M(-1,0,0,0,0,-.9467,.3221,0,0,.3221,.9467,0,0,.1648,-.0002,1)},
        {frame: 49, value: _M(-1,0,0,0,0,-.9844,.1758,0,0,.1758,.9844,0,0,.1648,-.0002,1)},
        {frame: 50, value: _M(-1,0,0,0,0,-.9952,.098,0,0,.098,.9952,0,0,.1648,-.0002,1)},
        {frame: 60, value: _M(-.9746,-.2205,.0385,0,.2145,-.8707,.4425,0,-.064,.4395,.8959,0,0,.1648,-.0002,1)},
        {frame: 120, value: _M(-.9746,-.2205,.0385,0,.2145,-.8707,.4425,0,-.064,.4395,.8959,0,0,.1648,-.0002,1)},
        {frame: 130, value: _M(-.8926,-.444,.0776,0,.4319,-.7934,.429,0,-.1289,.4164,.9,0,0,.1648,-.0002,1)},
        {frame: 192, value: _M(-.8926,-.444,.0776,0,.4319,-.7934,.429,0,-.1289,.4164,.9,0,0,.1648,-.0002,1)}
        ]);
        bone.animations.push(animation);

        bone = new QI.Bone("hips", skeleton,skeleton.bones[0], _M(.972,.2349,0,0,-.024,.0992,-.9948,0,-.2337,.9669,.102,0,0,.2173,-2.3245,1), _M(1,0,0,0,0,.102,-.9948,0,0,.9948,.102,0,0,.2173,-2.5278,1));
        bone.length = .4281;
        animation = new _B.Animation("anim", "_matrix", 24, 3, 1);
        animation.setKeys([
        {frame: 0, value: _M(.972,.2349,0,0,-.024,.0992,-.9948,0,-.2337,.9669,.102,0,0,.2173,-2.3228,1)},
        {frame: 1, value: _M(.9673,.2532,-.017,0,-.0313,.0525,-.9981,0,-.2519,.966,.0587,0,0,.2173,-2.3222,1)},
        {frame: 2, value: _M(.9513,.3003,-.0696,0,-.0471,-.0815,-.9956,0,-.3046,.9504,-.0634,0,0,.2173,-2.3195,1)},
        {frame: 3, value: _M(.9278,.3458,-.1401,0,-.0562,-.2416,-.9687,0,-.3689,.9066,-.2048,0,0,.2173,-2.3135,1)},
        {frame: 4, value: _M(.9086,.3701,-.1936,0,-.0559,-.3516,-.9345,0,-.4139,.8599,-.2988,0,0,.2173,-2.3047,1)},
        {frame: 5, value: _M(.9007,.3776,-.2149,0,-.0542,-.393,-.9179,0,-.431,.8384,-.3335,0,0,.2173,-2.2895,1)},
        {frame: 6, value: _M(.9202,.3629,-.1467,0,-.0526,-.2568,-.965,0,-.3879,.8957,-.2172,0,0,.2173,-2.2572,1)},
        {frame: 7, value: _M(.9566,.2907,-.0215,0,-.0406,.0597,-.9974,0,-.2887,.955,.0689,0,0,.2173,-2.2198,1)},
        {frame: 8, value: _M(.9891,.1288,.0719,0,.0011,.481,-.8767,0,-.1475,.8672,.4756,0,0,.2173,-2.1769,1)},
        {frame: 9, value: _M(.9961,.0208,.0857,0,.0485,.6827,-.729,0,-.0737,.7304,.6791,0,0,.2173,-2.1539,1)},
        {frame: 10, value: _M(.996,.0255,.0852,0,.046,.6721,-.739,0,-.0761,.74,.6683,0,0,.2173,-2.1574,1)},
        {frame: 11, value: _M(.9955,.0454,.0832,0,.0361,.6304,-.7754,0,-.0876,.7749,.6259,0,0,.2173,-2.1724,1)},
        {frame: 12, value: _M(.9937,.0821,.0768,0,.0194,.5479,-.8363,0,-.1107,.8325,.5428,0,0,.2173,-2.1999,1)},
        {frame: 13, value: _M(.989,.1354,.0602,0,-.0011,.4128,-.9108,0,-.1482,.9007,.4084,0,0,.2173,-2.2401,1)},
        {frame: 14, value: _M(.9814,.1889,.0335,0,-.0164,.2562,-.9665,0,-.1911,.948,.2546,0,0,.2173,-2.2825,1)},
        {frame: 15, value: _M(.9746,.2238,.0091,0,-.0227,.1393,-.99,0,-.2229,.9646,.1409,0,0,.2173,-2.3126,1)},
        {frame: 16, value: _M(.972,.2349,0,0,-.024,.0992,-.9948,0,-.2337,.9669,.102,0,0,.2173,-2.3228,1)},
        {frame: 30, value: _M(1,0,0,0,0,.321,-.9471,0,0,.9471,.321,0,0,.5152,-2.3037,1)},
        {frame: 31, value: _M(1,0,0,0,0,.321,-.9471,0,0,.9471,.321,0,0,.5496,-2.2359,1)},
        {frame: 32, value: _M(1,0,0,0,0,.321,-.9471,0,0,.9471,.321,0,0,.5767,-2.0957,1)},
        {frame: 33, value: _M(1,0,0,0,0,.321,-.9471,0,0,.9471,.321,0,0,.5503,-2.0342,1)},
        {frame: 34, value: _M(1,0,0,0,0,.321,-.9471,0,0,.9471,.321,0,0,.5177,-2.1339,1)},
        {frame: 35, value: _M(1,0,0,0,0,.321,-.9471,0,0,.9471,.321,0,0,.5152,-2.3037,1)},
        {frame: 36, value: _M(1,0,0,0,0,.321,-.9471,0,0,.9471,.321,0,0,.5285,-2.4318,1)},
        {frame: 37, value: _M(1,0,0,0,0,.321,-.9471,0,0,.9471,.321,0,0,.5392,-2.5352,1)},
        {frame: 38, value: _M(1,0,0,0,0,.321,-.9471,0,0,.9471,.321,0,0,.5416,-2.6062,1)},
        {frame: 39, value: _M(1,0,0,0,0,.321,-.9471,0,0,.9471,.321,0,0,.5392,-2.6297,1)},
        {frame: 40, value: _M(1,0,0,0,0,.321,-.9471,0,0,.9471,.321,0,0,.5152,-2.3037,1)},
        {frame: 41, value: _M(1,0,0,0,0,.321,-.9471,0,0,.9471,.321,0,0,.5456,-2.1279,1)},
        {frame: 42, value: _M(1,0,0,0,0,.321,-.9471,0,0,.9471,.321,0,0,.5715,-2.0453,1)},
        {frame: 43, value: _M(1,0,0,0,0,.321,-.9471,0,0,.9471,.321,0,0,.5503,-2.0342,1)},
        {frame: 44, value: _M(1,0,0,0,0,.321,-.9471,0,0,.9471,.321,0,0,.5177,-2.1339,1)},
        {frame: 45, value: _M(1,0,0,0,0,.321,-.9471,0,0,.9471,.321,0,0,.5152,-2.3037,1)},
        {frame: 46, value: _M(1,0,0,0,0,.321,-.9471,0,0,.9471,.321,0,0,.5285,-2.4318,1)},
        {frame: 47, value: _M(1,0,0,0,0,.321,-.9471,0,0,.9471,.321,0,0,.5392,-2.5352,1)},
        {frame: 48, value: _M(1,0,0,0,0,.321,-.9471,0,0,.9471,.321,0,0,.5416,-2.6062,1)},
        {frame: 49, value: _M(1,0,0,0,0,.321,-.9471,0,0,.9471,.321,0,0,.5392,-2.6297,1)},
        {frame: 50, value: _M(1,0,0,0,0,.321,-.9471,0,0,.9471,.321,0,0,.5152,-2.3037,1)},
        {frame: 60, value: _M(.9862,.1658,0,0,-.0169,.1006,-.9948,0,-.1649,.981,.102,0,0,.2173,-2.4285,1)},
        {frame: 61, value: _M(.9862,.1658,0,0,-.0169,.1006,-.9948,0,-.1649,.981,.102,0,0,.2173,-2.4286,1)},
        {frame: 62, value: _M(.9862,.1658,0,0,-.0169,.1006,-.9948,0,-.1649,.981,.102,0,0,.2173,-2.4287,1)},
        {frame: 63, value: _M(.9862,.1658,0,0,-.0169,.1006,-.9948,0,-.1649,.981,.102,0,0,.2173,-2.429,1)},
        {frame: 64, value: _M(.9862,.1658,0,0,-.0169,.1006,-.9948,0,-.1649,.981,.102,0,0,.2173,-2.4294,1)},
        {frame: 65, value: _M(.9862,.1658,0,0,-.0169,.1006,-.9948,0,-.1649,.981,.102,0,0,.2173,-2.4299,1)},
        {frame: 66, value: _M(.9862,.1658,0,0,-.0169,.1006,-.9948,0,-.1649,.981,.102,0,0,.2173,-2.4306,1)},
        {frame: 67, value: _M(.9862,.1658,0,0,-.0169,.1006,-.9948,0,-.1649,.981,.102,0,0,.2173,-2.4313,1)},
