{"producer":{"name":"Blender","version":"2.79 (sub 0)","exporter_version":"5.6.3","file":"skeleton.babylon"},
"autoClear":true,"clearColor":[0,0,0],"ambientColor":[0,0,0],"gravity":[0,-9.81,0],
"materials":[{"name":"skeleton.skeleton","id":"skeleton.skeleton","ambient":[0.8,0.8,0.8],"diffuse":[0.64,0.64,0.64],"specular":[0,0,0],"emissive":[0,0,0],"specularPower":50,"alpha":1,"backFaceCulling":true,"checkReadyOnlyOnce":false,"maxSimultaneousLights":4, 
"diffuseTexture":{"name":"skeleton1.png","level":1,"hasAlpha":1,"coordinatesMode":0,"uOffset":0,"vOffset":0,"uScale":1,"vScale":1,"uAng":0,"vAng":0,"wAng":0,"wrapU":1,"wrapV":1,"coordinatesIndex":0}}],
"multiMaterials":[],
"skeletons":[{"name":"metarig","id":0,"dimensionsAtRest":[2.6981,4.8573,1.658],"bones":[
{"name":"forearm.L.ik","index":0,"matrix":[1,0,0,0,0,0,1,0,0,1,0,0,0.5435,2.0287,-0.5206,1],"rest":[1,0,0,0,0,0,1,0,0,1,0,0,1.1895,2.6372,-0.0095,1],"parentBoneIndex":-1,"length":0.5914
,"animation":{"dataType":3,"framePerSecond":24,"keys":[
{"frame":0,"values":[1,0,0,0,0,0,1,0,0,1,0,0,0.5435,2.0287,-0.5206,1]},
{"frame":1,"values":[1,0,0,0,0,0,1,0,0,1,0,0,0.5435,2.0432,-0.5345,1]},
{"frame":2,"values":[1,0,0,0,0,0,1,0,0,1,0,0,0.5435,2.0878,-0.5763,1]},
{"frame":3,"values":[1,0,0,0,0,0,1,0,0,1,0,0,0.5435,2.1556,-0.6366,1]},
{"frame":4,"values":[1,0,0,0,0,0,1,0,0,1,0,0,0.5435,2.2289,-0.6968,1]},
{"frame":5,"values":[1,0,0,0,0,0,1,0,0,1,0,0,0.5435,2.2921,-0.742,1]},
{"frame":6,"values":[1,0,0,0,0,0,1,0,0,1,0,0,0.5255,2.3578,-0.7795,1]},
{"frame":7,"values":[1,0,0,0,0,0,1,0,0,1,0,0,0.4748,2.4381,-0.818,1]},
{"frame":8,"values":[1,0,0,0,0,0,1,0,0,1,0,0,0.4096,2.5149,-0.8505,1]},
{"frame":9,"values":[1,0,0,0,0,0,1,0,0,1,0,0,0.3588,2.5665,-0.8706,1]},
{"frame":10,"values":[1,0,0,0,0,0,1,0,0,1,0,0,0.3408,2.5834,-0.8768,1]},
{"frame":11,"values":[1,0,0,0,0,0,1,0,0,1,0,0,0.3898,2.4933,-0.7109,1]},
{"frame":12,"values":[1,0,0,0,0,0,1,0,0,1,0,0,0.4946,2.3004,-0.3002,1]},
{"frame":13,"values":[1,0,0,0,0,0,1,0,0,1,0,0,0.5435,2.2103,0.037,1]},
{"frame":14,"values":[1,0,0,0,0,0,1,0,0,1,0,0,0.5435,2.2128,0.2456,1]},
{"frame":15,"values":[1,0,0,0,0,0,1,0,0,1,0,0,0.5435,2.2153,0.3232,1]},
{"frame":16,"values":[1,0,0,0,0,0,1,0,0,1,0,0,0.5435,2.1987,0.2482,1]},
{"frame":17,"values":[1,0,0,0,0,0,1,0,0,1,0,0,0.5435,2.152,0.037,1]},
{"frame":18,"values":[1,0,0,0,0,0,1,0,0,1,0,0,0.5435,2.092,-0.2343,1]},
{"frame":19,"values":[1,0,0,0,0,0,1,0,0,1,0,0,0.5435,2.0453,-0.4456,1]},
{"frame":20,"values":[1,0,0,0,0,0,1,0,0,1,0,0,0.5435,2.0287,-0.5206,1]},
{"frame":30,"values":[1,0,0,0,0,0,1,0,0,1,0,0,0.5435,2.2519,0.1028,1]},
{"frame":31,"values":[1,0,0,0,0,0,1,0,0,1,0,0,0.5435,2.2709,0.1328,1]},
{"frame":32,"values":[1,0,0,0,0,0,1,0,0,1,0,0,0.5435,2.3147,0.197,1]},
{"frame":33,"values":[1,0,0,0,0,0,1,0,0,1,0,0,0.5435,2.3439,0.2271,1]},
{"frame":34,"values":[1,0,0,0,0,0,1,0,0,1,0,0,0.5435,2.3514,0.2226,1]},
{"frame":35,"values":[1,0,0,0,0,0,1,0,0,1,0,0,0.5435,2.3522,0.1843,1]},
{"frame":36,"values":[1,0,0,0,0,0,1,0,0,1,0,0,0.5435,2.3597,0.0912,1]},
{"frame":37,"values":[1,0,0,0,0,0,1,0,0,1,0,0,0.5435,2.3832,-0.0921,1]},
{"frame":38,"values":[1,0,0,0,0,0,1,0,0,1,0,0,0.5435,2.4214,-0.3699,1]},
{"frame":39,"values":[1,0,0,0,0,0,1,0,0,1,0,0,0.5435,2.4551,-0.6091,1]},
{"frame":40,"values":[1,0,0,0,0,0,1,0,0,1,0,0,0.5435,2.4674,-0.695,1]},
{"frame":41,"values":[1,0,0,0,0,0,1,0,0,1,0,0,0.5435,2.4668,-0.6945,1]},
{"frame":42,"values":[1,0,0,0,0,0,1,0,0,1,0,0,0.5435,2.4612,-0.6901,1]},
{"frame":43,"values":[1,0,0,0,0,0,1,0,0,1,0,0,0.5435,2.4477,-0.6794,1]},
{"frame":44,"values":[1,0,0,0,0,0,1,0,0,1,0,0,0.5435,2.4253,-0.6555,1]},
{"frame":45,"values":[1,0,0,0,0,0,1,0,0,1,0,0,0.5435,2.393,-0.5931,1]},
{"frame":46,"values":[1,0,0,0,0,0,1,0,0,1,0,0,0.5435,2.3597,-0.4875,1]},
{"frame":47,"values":[1,0,0,0,0,0,1,0,0,1,0,0,0.5435,2.3198,-0.2971,1]},
{"frame":48,"values":[1,0,0,0,0,0,1,0,0,1,0,0,0.5435,2.2775,-0.0566,1]},
{"frame":49,"values":[1,0,0,0,0,0,1,0,0,1,0,0,0.5435,2.2613,0.0419,1]},
{"frame":60,"values":[1,0,0,0,0,0,1,0,0,1,0,0,0.5435,2.0287,-0.5206,1]},
{"frame":61,"values":[1,0,0,0,0,0,1,0,0,1,0,0,0.5435,2.0291,-0.5197,1]},
{"frame":62,"values":[1,0,0,0,0,0,1,0,0,1,0,0,0.5435,2.0304,-0.517,1]},
{"frame":63,"values":[1,0,0,0,0,0,1,0,0,1,0,0,0.5435,2.0325,-0.5124,1]},
{"frame":64,"values":[1,0,0,0,0,0,1,0,0,1,0,0,0.5435,2.0355,-0.5061,1]},
{"frame":65,"values":[1,0,0,0,0,0,1,0,0,1,0,0,0.5435,2.0393,-0.498,1]},
{"frame":66,"values":[1,0,0,0,0,0,1,0,0,1,0,0,0.5435,2.0439,-0.4883,1]},
{"frame":67,"values":[1,0,0,0,0,0,1,0,0,1,0,0,0.5435,2.0491,-0.4773,1]},
{"frame":68,"values":[1,0,0,0,0,0,1,0,0,1,0,0,0.5435,2.0548,-0.4652,1]},
{"frame":69,"values":[1,0,0,0,0,0,1,0,0,1,0,0,0.5435,2.0609,-0.4522,1]},
{"frame":70,"values":[1,0,0,0,0,0,1,0,0,1,0,0,0.5435,2.0671,-0.4389,1]},
{"frame":71,"values":[1,0,0,0,0,0,1,0,0,1,0,0,0.5435,2.0734,-0.4256,1]},
{"frame":72,"values":[1,0,0,0,0,0,1,0,0,1,0,0,0.5435,2.0795,-0.4127,1]},
{"frame":73,"values":[1,0,0,0,0,0,1,0,0,1,0,0,0.5435,2.0852,-0.4005,1]},
{"frame":74,"values":[1,0,0,0,0,0,1,0,0,1,0,0,0.5435,2.0904,-0.3895,1]},
{"frame":75,"values":[1,0,0,0,0,0,1,0,0,1,0,0,0.5435,2.095,-0.3798,1]},
{"frame":76,"values":[1,0,0,0,0,0,1,0,0,1,0,0,0.5435,2.0988,-0.3718,1]},
{"frame":77,"values":[1,0,0,0,0,0,1,0,0,1,0,0,0.5435,2.1017,-0.3654,1]},
{"frame":78,"values":[1,0,0,0,0,0,1,0,0,1,0,0,0.5435,2.1039,-0.3609,1]},
{"frame":79,"values":[1,0,0,0,0,0,1,0,0,1,0,0,0.5435,2.1052,-0.3582,1]},
{"frame":80,"values":[1,0,0,0,0,0,1,0,0,1,0,0,0.5435,2.1056,-0.3573,1]},
{"frame":81,"values":[1,0,0,0,0,0,1,0,0,1,0,0,0.5435,2.1049,-0.3586,1]},
{"frame":82,"values":[1,0,0,0,0,0,1,0,0,1,0,0,0.5435,2.103,-0.3628,1]},
{"frame":83,"values":[1,0,0,0,0,0,1,0,0,1,0,0,0.5435,2.0997,-0.3698,1]},
{"frame":84,"values":[1,0,0,0,0,0,1,0,0,1,0,0,0.5435,2.0952,-0.3793,1]},
{"frame":85,"values":[1,0,0,0,0,0,1,0,0,1,0,0,0.5435,2.0896,-0.3912,1]},
{"frame":86,"values":[1,0,0,0,0,0,1,0,0,1,0,0,0.5435,2.0831,-0.405,1]},
{"frame":87,"values":[1,0,0,0,0,0,1,0,0,1,0,0,0.5435,2.0761,-0.4199,1]},
{"frame":88,"values":[1,0,0,0,0,0,1,0,0,1,0,0,0.5435,2.0688,-0.4353,1]},
{"frame":89,"values":[1,0,0,0,0,0,1,0,0,1,0,0,0.5435,2.0618,-0.4502,1]},
{"frame":90,"values":[1,0,0,0,0,0,1,0,0,1,0,0,0.5435,2.0553,-0.464,1]},
{"frame":91,"values":[1,0,0,0,0,0,1,0,0,1,0,0,0.5435,2.0497,-0.4759,1]},
{"frame":92,"values":[1,0,0,0,0,0,1,0,0,1,0,0,0.5435,2.0452,-0.4855,1]},
{"frame":93,"values":[1,0,0,0,0,0,1,0,0,1,0,0,0.5435,2.0419,-0.4924,1]},
{"frame":94,"values":[1,0,0,0,0,0,1,0,0,1,0,0,0.5435,2.04,-0.4966,1]},
{"frame":95,"values":[1,0,0,0,0,0,1,0,0,1,0,0,0.5435,2.0393,-0.498,1]}],"loopBehavior":1,"name":"anim","property":"_matrix"}},
{"name":"hand.L","index":1,"matrix":[-0.0526,0.9901,-0.1303,0,0.2548,-0.1129,-0.9604,0,-0.9656,-0.0837,-0.2464,0,0,0,0,1],"rest":[-0.0526,0.9901,-0.1303,0,0.2548,-0.1129,-0.9604,0,-0.9656,-0.0837,-0.2464,0,0,0,0,1],"parentBoneIndex":0,"length":0.2494
,"animation":{"dataType":3,"framePerSecond":24,"keys":[
{"frame":0,"values":[-0.0526,0.9901,-0.1303,0,0.2548,-0.1129,-0.9604,0,-0.9656,-0.0837,-0.2464,0,0,0,0,1]},
{"frame":20,"values":[-0.0526,0.9901,-0.1303,0,0.2548,-0.1129,-0.9604,0,-0.9656,-0.0837,-0.2464,0,0,0,0,1]},
{"frame":30,"values":[-0.0526,0.9901,-0.1303,0,0.2548,-0.1129,-0.9604,0,-0.9656,-0.0837,-0.2464,0,0,0,0,1]},
{"frame":49,"values":[-0.0526,0.9901,-0.1303,0,0.2548,-0.1129,-0.9604,0,-0.9656,-0.0837,-0.2464,0,0,0,0,1]},
{"frame":60,"values":[-0.0526,0.9901,-0.1303,0,0.2548,-0.1129,-0.9604,0,-0.9656,-0.0837,-0.2464,0,0,0,0,1]},
{"frame":95,"values":[-0.0526,0.9901,-0.1303,0,0.2548,-0.1129,-0.9604,0,-0.9656,-0.0837,-0.2464,0,0,0,0,1]}],"loopBehavior":1,"name":"anim","property":"_matrix"}},
{"name":"Finger_Bone1.L","index":2,"matrix":[0.0552,0.8734,-0.4839,0,0.0002,0.4846,0.8747,0,0.9985,-0.0484,0.0266,0,0,0.2494,0,1],"rest":[-0.0517,0.2862,-0.9568,0,0.0044,0.9581,0.2863,0,0.9987,0.0106,-0.0508,0,0,0.2494,0,1],"parentBoneIndex":1,"length":0.1634
,"animation":{"dataType":3,"framePerSecond":24,"keys":[
{"frame":0,"values":[0.0552,0.8734,-0.4839,0,0.0002,0.4846,0.8747,0,0.9985,-0.0484,0.0266,0,0,0.2494,0,1]},
{"frame":20,"values":[0.0552,0.8734,-0.4839,0,0.0002,0.4846,0.8747,0,0.9985,-0.0484,0.0266,0,0,0.2494,0,1]},
{"frame":30,"values":[0.0552,0.8734,-0.4839,0,0.0002,0.4846,0.8747,0,0.9985,-0.0484,0.0266,0,0,0.2494,0,1]},
{"frame":49,"values":[0.0552,0.8734,-0.4839,0,0.0002,0.4846,0.8747,0,0.9985,-0.0484,0.0266,0,0,0.2494,0,1]},
{"frame":60,"values":[0.0552,0.8734,-0.4839,0,0.0002,0.4846,0.8747,0,0.9985,-0.0484,0.0266,0,0,0.2494,0,1]},
{"frame":95,"values":[0.0552,0.8734,-0.4839,0,0.0002,0.4846,0.8747,0,0.9985,-0.0484,0.0266,0,0,0.2494,0,1]}],"loopBehavior":1,"name":"anim","property":"_matrix"}},
{"name":"Finger_Bone2.L","index":3,"matrix":[-0.2242,0.9677,0.1149,0,-0.9682,-0.2077,-0.1395,0,-0.1111,-0.1425,0.9835,0,0,0.1634,0,1],"rest":[0.9071,0.4182,0.048,0,-0.4189,0.908,0.0061,0,-0.041,-0.0256,0.9988,0,0,0.1634,0,1],"parentBoneIndex":2,"length":0.1464
,"animation":{"dataType":3,"framePerSecond":24,"keys":[
{"frame":0,"values":[-0.2242,0.9677,0.1149,0,-0.9682,-0.2077,-0.1395,0,-0.1111,-0.1425,0.9835,0,0,0.1634,0,1]},
{"frame":20,"values":[-0.2242,0.9677,0.1149,0,-0.9682,-0.2077,-0.1395,0,-0.1111,-0.1425,0.9835,0,0,0.1634,0,1]},
{"frame":30,"values":[-0.2242,0.9677,0.1149,0,-0.9682,-0.2077,-0.1395,0,-0.1111,-0.1425,0.9835,0,0,0.1634,0,1]},
{"frame":49,"values":[-0.2242,0.9677,0.1149,0,-0.9682,-0.2077,-0.1395,0,-0.1111,-0.1425,0.9835,0,0,0.1634,0,1]},
{"frame":60,"values":[-0.2242,0.9677,0.1149,0,-0.9682,-0.2077,-0.1395,0,-0.1111,-0.1425,0.9835,0,0,0.1634,0,1]},
{"frame":95,"values":[-0.2242,0.9677,0.1149,0,-0.9682,-0.2077,-0.1395,0,-0.1111,-0.1425,0.9835,0,0,0.1634,0,1]}],"loopBehavior":1,"name":"anim","property":"_matrix"}},
{"name":"knee_pole.L","index":4,"matrix":[1,0,0,0,0,1,0,0,0,0,-1,0,0.3328,1.3943,-1.0731,1],"rest":[1,0,0,0,0,1,0,0,0,0,-1,0,0.3328,1.3943,-1.0731,1],"parentBoneIndex":-1,"length":0.7
,"animation":{"dataType":3,"framePerSecond":24,"keys":[
{"frame":0,"values":[1,0,0,0,0,1,0,0,0,0,-1,0,0.3328,1.3943,-1.0731,1]},
{"frame":20,"values":[1,0,0,0,0,1,0,0,0,0,-1,0,0.3328,1.3943,-1.0731,1]},
{"frame":30,"values":[1,0,0,0,0,1,0,0,0,0,-1,0,0.3328,1.3943,-1.0731,1]},
{"frame":49,"values":[1,0,0,0,0,1,0,0,0,0,-1,0,0.3328,1.3943,-1.0731,1]},
{"frame":60,"values":[1,0,0,0,0,1,0,0,0,0,-1,0,0.3328,1.3943,-1.0731,1]},
{"frame":95,"values":[1,0,0,0,0,1,0,0,0,0,-1,0,0.3328,1.3943,-1.0731,1]}],"loopBehavior":1,"name":"anim","property":"_matrix"}},
{"name":"arm_pole.L","index":5,"matrix":[1,0,0,0,0,1,0,0,0,0,-1,0,0.9972,3.0135,-1.0426,1],"rest":[1,0,0,0,0,1,0,0,0,0,-1,0,0.9972,3.0135,-1.0426,1],"parentBoneIndex":-1,"length":0.6945
,"animation":{"dataType":3,"framePerSecond":24,"keys":[
{"frame":0,"values":[1,0,0,0,0,1,0,0,0,0,-1,0,0.9972,3.0135,-1.0426,1]},
{"frame":1,"values":[1,0,0,0,0,1,0,0,0,0,-1,0,0.9224,3.0135,-1.0426,1]},
{"frame":2,"values":[1,0,0,0,0,1,0,0,0,0,-1,0,0.7115,3.0135,-1.0426,1]},
{"frame":3,"values":[1,0,0,0,0,1,0,0,0,0,-1,0,0.4407,3.0135,-1.0426,1]},
{"frame":4,"values":[1,0,0,0,0,1,0,0,0,0,-1,0,0.2299,3.0135,-1.0426,1]},
{"frame":5,"values":[1,0,0,0,0,1,0,0,0,0,-1,0,0.155,3.0135,-1.0426,1]},
{"frame":6,"values":[1,0,0,0,0,1,0,0,0,0,-1,0,0.1559,3.0135,-1.0426,1]},
{"frame":7,"values":[1,0,0,0,0,1,0,0,0,0,-1,0,0.1638,3.0135,-1.0426,1]},
{"frame":8,"values":[1,0,0,0,0,1,0,0,0,0,-1,0,0.1881,3.0135,-1.0426,1]},
{"frame":9,"values":[1,0,0,0,0,1,0,0,0,0,-1,0,0.2348,3.0135,-1.0426,1]},
{"frame":10,"values":[1,0,0,0,0,1,0,0,0,0,-1,0,0.3016,3.0135,-1.0426,1]},
{"frame":11,"values":[1,0,0,0,0,1,0,0,0,0,-1,0,0.5087,3.0135,-1.0426,1]},
{"frame":12,"values":[1,0,0,0,0,1,0,0,0,0,-1,0,0.8476,3.0135,-1.0426,1]},
{"frame":13,"values":[1,0,0,0,0,1,0,0,0,0,-1,0,0.9972,3.0135,-1.0426,1]},
{"frame":20,"values":[1,0,0,0,0,1,0,0,0,0,-1,0,0.9972,3.0135,-1.0426,1]},
{"frame":30,"values":[1,0,0,0,0,1,0,0,0,0,-1,0,0.9972,3.0135,-1.0426,1]},
{"frame":49,"values":[1,0,0,0,0,1,0,0,0,0,-1,0,0.9972,3.0135,-1.0426,1]},
{"frame":60,"values":[1,0,0,0,0,1,0,0,0,0,-1,0,0.9972,3.0135,-1.0426,1]},
{"frame":95,"values":[1,0,0,0,0,1,0,0,0,0,-1,0,0.9972,3.0135,-1.0426,1]}],"loopBehavior":1,"name":"anim","property":"_matrix"}},
{"name":"forearm.R.ik","index":6,"matrix":[1,0,0,0,0,0,1,0,0,1,0,0,-0.7705,2.3695,0.5267,1],"rest":[1,0,0,0,0,0,1,0,0,1,0,0,-1.1895,2.6372,-0.0095,1],"parentBoneIndex":-1,"length":0.5914
,"animation":{"dataType":3,"framePerSecond":24,"keys":[
{"frame":0,"values":[1,0,0,0,0,0,1,0,0,1,0,0,-0.7705,2.3695,0.5267,1]},
{"frame":1,"values":[1,0,0,0,0,0,1,0,0,1,0,0,-0.8024,2.386,0.565,1]},
{"frame":2,"values":[1,0,0,0,0,0,1,0,0,1,0,0,-0.8973,2.4364,0.6727,1]},
{"frame":3,"values":[1,0,0,0,0,0,1,0,0,1,0,0,-1.0321,2.5122,0.811,1]},
{"frame":4,"values":[1,0,0,0,0,0,1,0,0,1,0,0,-1.1625,2.5926,0.9188,1]},
{"frame":5,"values":[1,0,0,0,0,0,1,0,0,1,0,0,-1.2549,2.6601,0.957,1]},
{"frame":6,"values":[1,0,0,0,0,0,1,0,0,1,0,0,-1.3224,2.7276,0.9548,1]},
{"frame":7,"values":[1,0,0,0,0,0,1,0,0,1,0,0,-1.3825,2.808,0.9353,1]},
{"frame":8,"values":[1,0,0,0,0,0,1,0,0,1,0,0,-1.4272,2.8837,0.8753,1]},
{"frame":9,"values":[1,0,0,0,0,0,1,0,0,1,0,0,-1.4518,2.9342,0.76,1]},
{"frame":10,"values":[1,0,0,0,0,0,1,0,0,1,0,0,-1.4588,2.9506,0.5948,1]},
{"frame":11,"values":[1,0,0,0,0,0,1,0,0,1,0,0,-1.4386,2.865,0.232,1]},
{"frame":12,"values":[1,0,0,0,0,0,1,0,0,1,0,0,-1.337,2.6314,-0.3553,1]},
{"frame":13,"values":[1,0,0,0,0,0,1,0,0,1,0,0,-1.137,2.3904,-0.7873,1]},
{"frame":14,"values":[1,0,0,0,0,0,1,0,0,1,0,0,-0.705,2.1111,-0.9637,1]},
{"frame":15,"values":[1,0,0,0,0,0,1,0,0,1,0,0,-0.4108,1.9508,-1.0029,1]},
{"frame":16,"values":[1,0,0,0,0,0,1,0,0,1,0,0,-0.5104,1.9973,-1.0316,1]},
{"frame":17,"values":[1,0,0,0,0,0,1,0,0,1,0,0,-0.6572,2.0916,-1.0356,1]},
{"frame":18,"values":[1,0,0,0,0,0,1,0,0,1,0,0,-0.7264,2.2012,-0.6583,1]},
{"frame":19,"values":[1,0,0,0,0,0,1,0,0,1,0,0,-0.7628,2.3223,0.1493,1]},
{"frame":20,"values":[1,0,0,0,0,0,1,0,0,1,0,0,-0.7705,2.3695,0.5267,1]},
{"frame":30,"values":[1,0,0,0,0,0,1,0,0,1,0,0,-0.7705,2.6377,0.0096,1]},
{"frame":31,"values":[1,0,0,0,0,0,1,0,0,1,0,0,-0.7705,2.6656,-0.0364,1]},
{"frame":32,"values":[1,0,0,0,0,0,1,0,0,1,0,0,-0.7705,2.7253,-0.135,1]},
{"frame":33,"values":[1,0,0,0,0,0,1,0,0,1,0,0,-0.7705,2.7532,-0.181,1]},
{"frame":34,"values":[1,0,0,0,0,0,1,0,0,1,0,0,-0.7705,2.7326,-0.1358,1]},
{"frame":35,"values":[1,0,0,0,0,0,1,0,0,1,0,0,-0.7705,2.6812,-0.0167,1]},
{"frame":36,"values":[1,0,0,0,0,0,1,0,0,1,0,0,-0.7705,2.6377,0.097,1]},
{"frame":37,"values":[1,0,0,0,0,0,1,0,0,1,0,0,-0.7705,2.6164,0.1832,1]},
{"frame":38,"values":[1,0,0,0,0,0,1,0,0,1,0,0,-0.7705,2.6215,0.3773,1]},
{"frame":39,"values":[1,0,0,0,0,0,1,0,0,1,0,0,-0.7705,2.6326,0.6118,1]},
{"frame":40,"values":[1,0,0,0,0,0,1,0,0,1,0,0,-0.7705,2.6377,0.7063,1]},
{"frame":41,"values":[1,0,0,0,0,0,1,0,0,1,0,0,-0.7705,2.6002,0.6974,1]},
{"frame":42,"values":[1,0,0,0,0,0,1,0,0,1,0,0,-0.7705,2.5997,0.6904,1]},
{"frame":43,"values":[1,0,0,0,0,0,1,0,0,1,0,0,-0.7705,2.5996,0.6686,1]},
{"frame":44,"values":[1,0,0,0,0,0,1,0,0,1,0,0,-0.7705,2.5994,0.6287,1]},
{"frame":45,"values":[1,0,0,0,0,0,1,0,0,1,0,0,-0.7705,2.5994,0.5696,1]},
{"frame":46,"values":[1,0,0,0,0,0,1,0,0,1,0,0,-0.7705,2.5994,0.4801,1]},
{"frame":47,"values":[1,0,0,0,0,0,1,0,0,1,0,0,-0.7705,2.6073,0.3249,1]},
{"frame":48,"values":[1,0,0,0,0,0,1,0,0,1,0,0,-0.7705,2.6244,0.1343,1]},
{"frame":49,"values":[1,0,0,0,0,0,1,0,0,1,0,0,-0.7705,2.6324,0.057,1]},
{"frame":60,"values":[1,0,0,0,0,0,1,0,0,1,0,0,-0.7705,2.3695,0.5267,1]},
{"frame":95,"values":[1,0,0,0,0,0,1,0,0,1,0,0,-0.7705,2.3695,0.5267,1]}],"loopBehavior":1,"name":"anim","property":"_matrix"}},
{"name":"root","index":7,"matrix":[1,0,0,0,0,0,-1,0,0,-1,0,0,0,0,0.3263,1],"rest":[1,0,0,0,0,0,-1,0,0,-1,0,0,0,0,0.3263,1],"parentBoneIndex":-1,"length":1.1261
,"animation":{"dataType":3,"framePerSecond":24,"keys":[
{"frame":0,"values":[1,0,0,0,0,0,-1,0,0,-1,0,0,0,0,0.3263,1]},
{"frame":20,"values":[1,0,0,0,0,0,-1,0,0,-1,0,0,0,0,0.3263,1]},
{"frame":30,"values":[1,0,0,0,0,0,-1,0,0,-1,0,0,0,0,0.3263,1]},
{"frame":49,"values":[1,0,0,0,0,0,-1,0,0,-1,0,0,0,0,0.3263,1]},
{"frame":60,"values":[1,0,0,0,0,0,-1,0,0,-1,0,0,0,0,0.3263,1]},
{"frame":95,"values":[1,0,0,0,0,0,-1,0,0,-1,0,0,0,0,0.3263,1]}],"loopBehavior":1,"name":"anim","property":"_matrix"}},
{"name":"heel.L","index":8,"matrix":[-1,0,0,0,0,-0.9518,0.3067,0,0,0.3067,0.9518,0,0.3469,0.6317,-0.1367,1],"rest":[-1,0,0,0,0,-0.9518,0.3067,0,0,0.3067,0.9518,0,0.3253,0.2268,-0.1367,1],"parentBoneIndex":7,"length":0.51
,"animation":{"dataType":3,"framePerSecond":24,"keys":[
{"frame":0,"values":[-1,0,0,0,0,-0.9518,0.3067,0,0,0.3067,0.9518,0,0.3469,0.6317,-0.1367,1]},
{"frame":20,"values":[-1,0,0,0,0,-0.9518,0.3067,0,0,0.3067,0.9518,0,0.3469,0.6317,-0.1367,1]},
{"frame":30,"values":[-1,0,0,0,0,-0.9518,0.3067,0,0,0.3067,0.9518,0,0.3469,1.1265,-0.1367,1]},
{"frame":31,"values":[-1,0,0,0,0,-0.9518,0.3067,0,0,0.3067,0.9518,0,0.3469,1.1216,-0.1359,1]},
{"frame":32,"values":[-1,0,0,0,0,-0.9518,0.3067,0,0,0.3067,0.9518,0,0.3469,1.0798,-0.1294,1]},
{"frame":33,"values":[-1,0,0,0,0,-0.9518,0.3067,0,0,0.3067,0.9518,0,0.3469,0.978,-0.1136,1]},
{"frame":34,"values":[-1,0,0,0,0,-0.9518,0.3067,0,0,0.3067,0.9518,0,0.3469,0.8039,-0.1034,1]},
{"frame":35,"values":[-1,0,0,0,0,-0.9518,0.3067,0,0,0.3067,0.9518,0,0.3469,0.5547,-0.1152,1]},
{"frame":36,"values":[-1,0,0,0,0,-0.9518,0.3067,0,0,0.3067,0.9518,0,0.3469,0.3156,-0.1397,1]},
{"frame":37,"values":[-1,0,0,0,0,-0.9518,0.3067,0,0,0.3067,0.9518,0,0.3469,0.0726,-0.1634,1]},
{"frame":38,"values":[-1,0,0,0,0,-0.9518,0.3067,0,0,0.3067,0.9518,0,0.3469,-0.198,-0.191,1]},
{"frame":39,"values":[-1,0,0,0,0,-0.9518,0.3067,0,0,0.3067,0.9518,0,0.3469,-0.4072,-0.238,1]},
{"frame":40,"values":[-1,0,0,0,0,-0.9518,0.3067,0,0,0.3067,0.9518,0,0.3469,-0.4953,-0.3108,1]},
{"frame":41,"values":[-0.9998,0.0221,0,0,-0.021,-0.9516,0.3067,0,0.0068,0.3066,0.9518,0,0.3352,-0.521,-0.3924,1]},
{"frame":42,"values":[-0.9962,0.087,0,0,-0.0828,-0.9482,0.3067,0,0.0267,0.3055,0.9518,0,0.301,-0.5391,-0.465,1]},
{"frame":43,"values":[-0.9866,0.1631,0,0,-0.1552,-0.9391,0.3067,0,0.05,0.3026,0.9518,0,0.2608,-0.5465,-0.5282,1]},
{"frame":44,"values":[-0.9652,0.2616,0,0,-0.249,-0.9187,0.3067,0,0.0803,0.296,0.9518,0,0.208,-0.5507,-0.591,1]},
{"frame":45,"values":[-0.9282,0.372,0,0,-0.3541,-0.8835,0.3067,0,0.1141,0.2847,0.9518,0,0.147,-0.5107,-0.656,1]},
{"frame":46,"values":[-0.9102,0.4142,0,0,-0.3942,-0.8663,0.3067,0,0.127,0.2791,0.9518,0,0.1227,-0.3751,-0.717,1]},
{"frame":47,"values":[-0.9433,0.332,0,0,-0.316,-0.8978,0.3067,0,0.1018,0.2893,0.9518,0,0.1694,0.0393,-0.629,1]},
{"frame":48,"values":[-0.9891,0.1472,0,0,-0.1401,-0.9414,0.3067,0,0.0451,0.3033,0.9518,0,0.2692,0.6769,-0.3605,1]},
{"frame":49,"values":[-0.9983,0.0587,0,0,-0.0559,-0.9502,0.3067,0,0.018,0.3062,0.9518,0,0.3159,0.9541,-0.2283,1]},
{"frame":60,"values":[-1,0,0,0,0,-0.9518,0.3067,0,0,0.3067,0.9518,0,0.3469,0.6317,-0.1367,1]},
{"frame":95,"values":[-1,0,0,0,0,-0.9518,0.3067,0,0,0.3067,0.9518,0,0.3469,0.6317,-0.1367,1]}],"loopBehavior":1,"name":"anim","property":"_matrix"}},
{"name":"foot.L","index":9,"matrix":[-1,0,0,0,0,-0.8947,0.4467,0,0,0.4467,0.8947,0,0,0.1648,-0.0002,1],"rest":[-1,0,0,0,0,-0.8947,0.4467,0,0,0.4467,0.8947,0,0,0.1648,-0.0002,1],"parentBoneIndex":8,"length":0.5841
,"animation":{"dataType":3,"framePerSecond":24,"keys":[
{"frame":0,"values":[-1,0,0,0,0,-0.8947,0.4467,0,0,0.4467,0.8947,0,0,0.1648,-0.0002,1]},
{"frame":20,"values":[-1,0,0,0,0,-0.8947,0.4467,0,0,0.4467,0.8947,0,0,0.1648,-0.0002,1]},
{"frame":30,"values":[-1,0,0,0,0,-0.992,0.126,0,0,0.126,0.992,0,0,0.1648,-0.0002,1]},
{"frame":31,"values":[-1,0,0,0,0,-0.9918,0.1279,0,0,0.1279,0.9918,0,0,0.1648,-0.0002,1]},
{"frame":32,"values":[-1,0,0,0,0,-0.9896,0.1438,0,0,0.1438,0.9896,0,0,0.1648,-0.0002,1]},
{"frame":33,"values":[-1,0,0,0,0,-0.9832,0.1826,0,0,0.1826,0.9832,0,0,0.1648,-0.0002,1]},
{"frame":34,"values":[-1,0,0,0,0,-0.9686,0.2488,0,0,0.2488,0.9686,0,0,0.1648,-0.0002,1]},
{"frame":35,"values":[-1,0,0,0,0,-0.9397,0.3421,0,0,0.3421,0.9397,0,0,0.1648,-0.0002,1]},
{"frame":36,"values":[-1,0,0,0,0,-0.9033,0.4289,0,0,0.4289,0.9033,0,0,0.1648,-0.0002,1]},
{"frame":37,"values":[-1,0,0,0,0,-0.8674,0.4976,0,0,0.4976,0.8674,0,0,0.1648,-0.0002,1]},
{"frame":38,"values":[-1,0,0,0,0,-0.8304,0.5571,0,0,0.5571,0.8304,0,0,0.1648,-0.0002,1]},
{"frame":39,"values":[-1,0,0,0,0,-0.7854,0.6189,0,0,0.6189,0.7854,0,0,0.1648,-0.0002,1]},
{"frame":40,"values":[-1,0,0,0,0,-0.7247,0.6891,0,0,0.6891,0.7247,0,0,0.1648,-0.0002,1]},
{"frame":41,"values":[-0.9997,-0.0118,-0.0207,0,-0.0083,-0.6398,0.7685,0,-0.0223,0.7685,0.6395,0,0,0.1648,-0.0002,1]},
{"frame":42,"values":[-0.9956,-0.0523,-0.0782,0,-0.0391,-0.5255,0.8499,0,-0.0856,0.8492,0.5211,0,0,0.1648,-0.0002,1]},
{"frame":43,"values":[-0.9842,-0.1084,-0.1397,0,-0.0847,-0.405,0.9104,0,-0.1552,0.9079,0.3894,0,0,0.1648,-0.0002,1]},
{"frame":44,"values":[-0.9589,-0.1914,-0.2093,0,-0.1555,-0.2624,0.9524,0,-0.2372,0.9458,0.2218,0,0,0.1648,-0.0002,1]},
{"frame":45,"values":[-0.9157,-0.295,-0.2729,0,-0.2477,-0.1207,0.9613,0,-0.3166,0.9478,0.0374,0,0,0.1648,-0.0002,1]},
{"frame":46,"values":[-0.8948,-0.3371,-0.2926,0,-0.2861,-0.0702,0.9556,0,-0.3427,0.9388,-0.0336,0,0,0.1648,-0.0002,1]},
{"frame":47,"values":[-0.9278,-0.2433,-0.2829,0,-0.195,-0.3301,0.9236,0,-0.3181,0.912,0.2588,0,0,0.1648,-0.0002,1]},
{"frame":48,"values":[-0.9857,-0.0628,-0.1566,0,-0.037,-0.8252,0.5637,0,-0.1646,0.5614,0.811,0,0,0.1648,-0.0002,1]},
{"frame":49,"values":[-0.9979,-0.0152,-0.0637,0,-0.0048,-0.9528,0.3035,0,-0.0653,0.3031,0.9507,0,0,0.1648,-0.0002,1]},
{"frame":60,"values":[-1,0,0,0,0,-0.8947,0.4467,0,0,0.4467,0.8947,0,0,0.1648,-0.0002,1]},
{"frame":95,"values":[-1,0,0,0,0,-0.8947,0.4467,0,0,0.4467,0.8947,0,0,0.1648,-0.0002,1]}],"loopBehavior":1,"name":"anim","property":"_matrix"}},
{"name":"heel.R","index":10,"matrix":[-0.9102,-0.4142,0,0,0.3942,-0.8663,0.3067,0,-0.127,0.2791,0.9518,0,-0.1227,-0.5614,-0.1367,1],"rest":[-1,0,0,0,0,-0.9518,0.3067,0,0,0.3067,0.9518,0,-0.3253,0.2268,-0.1367,1],"parentBoneIndex":7,"length":0.51
,"animation":{"dataType":3,"framePerSecond":24,"keys":[
{"frame":0,"values":[-0.9102,-0.4142,0,0,0.3942,-0.8663,0.3067,0,-0.127,0.2791,0.9518,0,-0.1227,-0.5614,-0.1367,1]},
{"frame":20,"values":[-0.9102,-0.4142,0,0,0.3942,-0.8663,0.3067,0,-0.127,0.2791,0.9518,0,-0.1227,-0.5614,-0.1367,1]},
{"frame":30,"values":[-0.9102,-0.4142,0,0,0.3942,-0.8663,0.3067,0,-0.127,0.2791,0.9518,0,-0.1227,-0.7905,-0.2833,1]},
{"frame":31,"values":[-0.9102,-0.4142,0,0,0.3942,-0.8663,0.3067,0,-0.127,0.2791,0.9518,0,-0.1227,-0.7938,-0.2978,1]},
{"frame":32,"values":[-0.9102,-0.4142,0,0,0.3942,-0.8663,0.3067,0,-0.127,0.2791,0.9518,0,-0.1227,-0.7965,-0.3427,1]},
{"frame":33,"values":[-0.9102,-0.4142,0,0,0.3942,-0.8663,0.3067,0,-0.127,0.2791,0.9518,0,-0.1227,-0.7863,-0.3998,1]},
{"frame":34,"values":[-0.9102,-0.4142,0,0,0.3942,-0.8663,0.3067,0,-0.127,0.2791,0.9518,0,-0.1227,-0.7321,-0.4879,1]},
{"frame":35,"values":[-0.9102,-0.4142,0,0,0.3942,-0.8663,0.3067,0,-0.127,0.2791,0.9518,0,-0.1227,-0.5857,-0.6168,1]},
{"frame":36,"values":[-0.9102,-0.4142,0,0,0.3942,-0.8663,0.3067,0,-0.127,0.2791,0.9518,0,-0.1227,-0.3751,-0.717,1]},
{"frame":37,"values":[-0.9102,-0.4142,0,0,0.3942,-0.8663,0.3067,0,-0.127,0.2791,0.9518,0,-0.1227,-0.0311,-0.6879,1]},
{"frame":38,"values":[-0.9102,-0.4142,0,0,0.3942,-0.8663,0.3067,0,-0.127,0.2791,0.9518,0,-0.1227,0.482,-0.4871,1]},
{"frame":39,"values":[-0.9102,-0.4142,0,0,0.3942,-0.8663,0.3067,0,-0.127,0.2791,0.9518,0,-0.1227,0.9213,-0.2625,1]},
{"frame":40,"values":[-0.9102,-0.4142,0,0,0.3942,-0.8663,0.3067,0,-0.127,0.2791,0.9518,0,-0.1227,1.0787,-0.1733,1]},
{"frame":41,"values":[-0.9191,-0.394,0,0,0.375,-0.8748,0.3067,0,-0.1208,0.2819,0.9518,0,-0.1344,1.0756,-0.1728,1]},
{"frame":42,"values":[-0.9428,-0.3335,0,0,0.3174,-0.8973,0.3067,0,-0.1023,0.2891,0.9518,0,-0.1686,1.0483,-0.1685,1]},
{"frame":43,"values":[-0.9656,-0.2602,0,0,0.2476,-0.919,0.3067,0,-0.0798,0.2961,0.9518,0,-0.2088,0.9821,-0.1581,1]},
{"frame":44,"values":[-0.9869,-0.1616,0,0,0.1538,-0.9393,0.3067,0,-0.0496,0.3026,0.9518,0,-0.2616,0.8463,-0.1425,1]},
{"frame":45,"values":[-0.9989,-0.0459,0,0,0.0437,-0.9508,0.3067,0,-0.0141,0.3064,0.9518,0,-0.3227,0.601,-0.1316,1]},
{"frame":46,"values":[-1,0,0,0,0,-0.9518,0.3067,0,0,0.3067,0.9518,0,-0.3469,0.3156,-0.1397,1]},
{"frame":47,"values":[-0.9961,-0.0885,0,0,0.0842,-0.9481,0.3067,0,-0.0271,0.3055,0.9518,0,-0.3002,-0.071,-0.1797,1]},
{"frame":48,"values":[-0.9612,-0.2757,0,0,0.2624,-0.9149,0.3067,0,-0.0846,0.2948,0.9518,0,-0.2004,-0.5124,-0.2402,1]},
{"frame":49,"values":[-0.933,-0.36,0,0,0.3426,-0.888,0.3067,0,-0.1104,0.2861,0.9518,0,-0.1537,-0.6864,-0.2664,1]},
{"frame":60,"values":[-0.9102,-0.4142,0,0,0.3942,-0.8663,0.3067,0,-0.127,0.2791,0.9518,0,-0.1227,-0.5614,-0.1367,1]},
{"frame":95,"values":[-0.9102,-0.4142,0,0,0.3942,-0.8663,0.3067,0,-0.127,0.2791,0.9518,0,-0.1227,-0.5614,-0.1367,1]}],"loopBehavior":1,"name":"anim","property":"_matrix"}},
{"name":"foot.R","index":11,"matrix":[-1,0,0,0,0,-0.8947,0.4467,0,0,0.4467,0.8947,0,0,0.1648,-0.0002,1],"rest":[-1,0,0,0,0,-0.8947,0.4467,0,0,0.4467,0.8947,0,0,0.1648,-0.0002,1],"parentBoneIndex":10,"length":0.5841
,"animation":{"dataType":3,"framePerSecond":24,"keys":[
{"frame":0,"values":[-1,0,0,0,0,-0.8947,0.4467,0,0,0.4467,0.8947,0,0,0.1648,-0.0002,1]},
{"frame":20,"values":[-1,0,0,0,0,-0.8947,0.4467,0,0,0.4467,0.8947,0,0,0.1648,-0.0002,1]},
{"frame":30,"values":[-0.9921,0.0544,0.1126,0,0.0357,-0.7395,0.6722,0,0.1199,0.671,0.7317,0,0,0.1648,-0.0002,1]},
{"frame":31,"values":[-0.9898,0.0646,0.1271,0,0.0434,-0.7128,0.7001,0,0.1358,0.6984,0.7027,0,0,0.1648,-0.0002,1]},
{"frame":32,"values":[-0.9809,0.0981,0.1678,0,0.07,-0.6269,0.776,0,0.1813,0.7729,0.608,0,0,0.1648,-0.0002,1]},
{"frame":33,"values":[-0.9669,0.1443,0.2105,0,0.1088,-0.5131,0.8514,0,0.2308,0.8461,0.4804,0,0,0.1648,-0.0002,1]},
{"frame":34,"values":[-0.943,0.2137,0.255,0,0.1703,-0.3485,0.9217,0,0.2859,0.9126,0.2922,0,0,0.1648,-0.0002,1]},
{"frame":35,"values":[-0.9093,0.3017,0.2865,0,0.252,-0.1486,0.9562,0,0.331,0.9418,0.0591,0,0,0.1648,-0.0002,1]},
{"frame":36,"values":[-0.8948,0.3371,0.2926,0,0.2861,-0.0702,0.9556,0,0.3427,0.9388,-0.0336,0,0,0.1648,-0.0002,1]},
{"frame":37,"values":[-0.9275,0.2555,0.273,0,0.2086,-0.2526,0.9448,0,0.3103,0.9332,0.181,0,0,0.1648,-0.0002,1]},
{"frame":38,"values":[-0.9916,0.0567,0.116,0,0.0375,-0.7334,0.6788,0,0.1236,0.6774,0.7251,0,0,0.1648,-0.0002,1]},
{"frame":39,"values":[-0.9909,-0.0218,-0.1326,0,-0.0003,-0.9864,0.1645,0,-0.1344,0.163,0.9774,0,0,0.1648,-0.0002,1]},
{"frame":40,"values":[-0.976,-0.0146,-0.2173,0,0.0203,-0.9995,-0.024,0,-0.2168,-0.0278,0.9758,0,0,0.1648,-0.0002,1]},
{"frame":41,"values":[-0.9776,-0.0157,-0.21,0,0.018,-0.9998,-0.0089,0,-0.2098,-0.0124,0.9777,0,0,0.1648,-0.0002,1]},
{"frame":42,"values":[-0.9811,-0.0179,-0.1925,0,0.013,-0.9996,0.0268,0,-0.1929,0.0238,0.9809,0,0,0.1648,-0.0002,1]},
{"frame":43,"values":[-0.9866,-0.0204,-0.1617,0,0.0056,-0.9958,0.0916,0,-0.1629,0.0894,0.9826,0,0,0.1648,-0.0002,1]},
{"frame":44,"values":[-0.9931,-0.0204,-0.1152,0,-0.0018,-0.9819,0.1893,0,-0.117,0.1882,0.9751,0,0,0.1648,-0.0002,1]},
{"frame":45,"values":[-0.9985,-0.0132,-0.0538,0,-0.0045,-0.9485,0.3168,0,-0.0552,0.3166,0.947,0,0,0.1648,-0.0002,1]},
{"frame":46,"values":[-1,0,0,0,0,-0.9033,0.4289,0,0,0.4289,0.9033,0,0,0.1648,-0.0002,1]},
{"frame":47,"values":[-0.9986,0.0186,0.0492,0,0.0105,-0.8453,0.5341,0,0.0516,0.5339,0.844,0,0,0.1648,-0.0002,1]},
{"frame":48,"values":[-0.995,0.0406,0.0912,0,0.0255,-0.7801,0.6252,0,0.0965,0.6244,0.7751,0,0,0.1648,-0.0002,1]},
{"frame":49,"values":[-0.9932,0.0494,0.1053,0,0.032,-0.7541,0.6559,0,0.1118,0.6549,0.7474,0,0,0.1648,-0.0002,1]},
{"frame":60,"values":[-1,0,0,0,0,-0.8947,0.4467,0,0,0.4467,0.8947,0,0,0.1648,-0.0002,1]},
{"frame":95,"values":[-1,0,0,0,0,-0.8947,0.4467,0,0,0.4467,0.8947,0,0,0.1648,-0.0002,1]}],"loopBehavior":1,"name":"anim","property":"_matrix"}},
{"name":"hips","index":12,"matrix":[0.5467,0.8373,0,0,-0.0854,0.0558,-0.9948,0,-0.8329,0.5439,0.102,0,0,0.2173,-2.1395,1],"rest":[1,0,0,0,0,0.102,-0.9948,0,0,0.9948,0.102,0,0,0.2173,-2.5278,1],"parentBoneIndex":7,"length":0.4281
,"animation":{"dataType":3,"framePerSecond":24,"keys":[
{"frame":0,"values":[0.5467,0.8373,0,0,-0.0854,0.0558,-0.9948,0,-0.8329,0.5439,0.102,0,0,0.2173,-2.1395,1]},
{"frame":1,"values":[0.5467,0.8373,0,0,-0.0854,0.0558,-0.9948,0,-0.8329,0.5439,0.102,0,0,0.2047,-2.1294,1]},
{"frame":2,"values":[0.5467,0.8373,0,0,-0.0854,0.0558,-0.9948,0,-0.8329,0.5439,0.102,0,0,0.1691,-2.1011,1]},
{"frame":3,"values":[0.5467,0.8373,0,0,-0.0854,0.0558,-0.9948,0,-0.8329,0.5439,0.102,0,0,0.1234,-2.0648,1]},
{"frame":4,"values":[0.5467,0.8373,0,0,-0.0854,0.0558,-0.9948,0,-0.8329,0.5439,0.102,0,0,0.0879,-2.0365,1]},
{"frame":5,"values":[0.5467,0.8373,0,0,-0.0854,0.0558,-0.9948,0,-0.8329,0.5439,0.102,0,0,0.0752,-2.0264,1]},
{"frame":6,"values":[0.5235,0.852,0,0,-0.0869,0.0534,-0.9948,0,-0.8476,0.5207,0.102,0,-0.0277,0.0879,-2.0365,1]},
{"frame":7,"values":[0.4557,0.8901,0,0,-0.0908,0.0465,-0.9948,0,-0.8855,0.4533,0.102,0,-0.1056,0.1234,-2.0648,1]},
{"frame":8,"values":[0.3646,0.9312,0,0,-0.095,0.0372,-0.9948,0,-0.9263,0.3627,0.102,0,-0.2057,0.1691,-2.1011,1]},
{"frame":9,"values":[0.2912,0.9567,0,0,-0.0976,0.0297,-0.9948,0,-0.9517,0.2896,0.102,0,-0.2837,0.2047,-2.1294,1]},
{"frame":10,"values":[0.2647,0.9643,0,0,-0.0984,0.027,-0.9948,0,-0.9593,0.2633,0.102,0,-0.3114,0.2173,-2.1395,1]},
{"frame":11,"values":[0.3964,0.9181,0,0,-0.0937,0.0405,-0.9948,0,-0.9133,0.3944,0.102,0,-0.2362,0.2173,-2.1395,1]},
{"frame":12,"values":[0.7047,0.7095,0,0,-0.0724,0.0719,-0.9948,0,-0.7058,0.701,0.102,0,-0.0752,0.2173,-2.1395,1]},
{"frame":13,"values":[0.9066,0.4219,0,0,-0.0431,0.0925,-0.9948,0,-0.4197,0.9019,0.102,0,0,0.2173,-2.1395,1]},
{"frame":14,"values":[0.9952,0.0979,0,0,-0.01,0.1016,-0.9948,0,-0.0974,0.99,0.102,0,0,0.3691,-2.0718,1]},
{"frame":15,"values":[0.9969,-0.0789,0,0,0.008,0.1017,-0.9948,0,0.0785,0.9917,0.102,0,0,0.5208,-2.0042,1]},
{"frame":16,"values":[0.9999,0.0129,0,0,-0.0013,0.102,-0.9948,0,-0.0128,0.9947,0.102,0,0.1317,0.5221,-2.0209,1]},
{"frame":17,"values":[0.9609,0.2771,0,0,-0.0283,0.0981,-0.9948,0,-0.2756,0.9558,0.102,0,0.2635,0.5224,-2.0501,1]},
{"frame":18,"values":[0.8064,0.5913,0,0,-0.0603,0.0823,-0.9948,0,-0.5882,0.8022,0.102,0,0.1998,0.4478,-2.0828,1]},
{"frame":19,"values":[0.6212,0.7837,0,0,-0.08,0.0634,-0.9948,0,-0.7796,0.6179,0.102,0,0.0636,0.2906,-2.1231,1]},
{"frame":20,"values":[0.5467,0.8373,0,0,-0.0854,0.0558,-0.9948,0,-0.8329,0.5439,0.102,0,0,0.2173,-2.1395,1]},
{"frame":30,"values":[0.7866,0.6175,0,0,-0.063,0.0803,-0.9948,0,-0.6143,0.7825,0.102,0,0,0.2173,-2.341,1]},
{"frame":31,"values":[0.7877,0.6161,0,0,-0.0629,0.0804,-0.9948,0,-0.6129,0.7836,0.102,0,0,0.2173,-2.3311,1]},
{"frame":32,"values":[0.7971,0.6039,0,0,-0.0616,0.0813,-0.9948,0,-0.6007,0.7929,0.102,0,0,0.2173,-2.3099,1]},
{"frame":33,"values":[0.8193,0.5734,0,0,-0.0585,0.0836,-0.9948,0,-0.5704,0.815,0.102,0,0,0.2173,-2.3,1]},
{"frame":34,"values":[0.8547,0.5191,0,0,-0.053,0.0872,-0.9948,0,-0.5164,0.8503,0.102,0,0,0.2173,-2.3339,1]},
{"frame":35,"values":[0.8995,0.437,0,0,-0.0446,0.0918,-0.9948,0,-0.4347,0.8948,0.102,0,0,0.2173,-2.4064,1]},
{"frame":36,"values":[0.9352,0.3542,0,0,-0.0362,0.0954,-0.9948,0,-0.3524,0.9303,0.102,0,0,0.2173,-2.4403,1]},
{"frame":37,"values":[0.9642,0.2653,0,0,-0.0271,0.0984,-0.9948,0,-0.2639,0.9591,0.102,0,0,0.2173,-2.431,1]},
{"frame":38,"values":[0.9867,0.1624,0,0,-0.0166,0.1007,-0.9948,0,-0.1615,0.9816,0.102,0,0,0.2173,-2.404,1]},
{"frame":39,"values":[0.9964,0.0846,0,0,-0.0086,0.1017,-0.9948,0,-0.0842,0.9912,0.102,0,0,0.2173,-2.3694,1]},
{"frame":40,"values":[0.9983,0.0586,0,0,-0.006,0.1019,-0.9948,0,-0.0583,0.9931,0.102,0,0,0.2173,-2.341,1]},
{"frame":41,"values":[0.9982,0.0604,0,0,-0.0062,0.1019,-0.9948,0,-0.0601,0.993,0.102,0,0,0.2173,-2.3143,1]},
{"frame":42,"values":[0.9971,0.0758,0,0,-0.0077,0.1018,-0.9948,0,-0.0754,0.9919,0.102,0,0,0.2173,-2.2885,1]},
{"frame":43,"values":[0.9936,0.1133,0,0,-0.0116,0.1014,-0.9948,0,-0.1127,0.9884,0.102,0,0,0.2173,-2.2791,1]},
{"frame":44,"values":[0.9845,0.1755,0,0,-0.0179,0.1005,-0.9948,0,-0.1746,0.9793,0.102,0,0,0.2173,-2.3181,1]},
{"frame":45,"values":[0.9644,0.2645,0,0,-0.027,0.0984,-0.9948,0,-0.2631,0.9594,0.102,0,0,0.2173,-2.4014,1]},
{"frame":46,"values":[0.9352,0.3542,0,0,-0.0362,0.0954,-0.9948,0,-0.3524,0.9303,0.102,0,0,0.2173,-2.4403,1]},
{"frame":47,"values":[0.8892,0.4576,0,0,-0.0467,0.0907,-0.9948,0,-0.4552,0.8845,0.102,0,0,0.2173,-2.4197,1]},
{"frame":48,"values":[0.8285,0.56,0,0,-0.0571,0.0845,-0.9948,0,-0.5571,0.8242,0.102,0,0,0.2173,-2.3754,1]},
{"frame":49,"values":[0.8024,0.5968,0,0,-0.0609,0.0819,-0.9948,0,-0.5937,0.7982,0.102,0,0,0.2173,-2.3548,1]},
{"frame":60,"values":[0.5467,0.8373,0,0,-0.0854,0.0558,-0.9948,0,-0.8329,0.5439,0.102,0,0,0.2173,-2.1395,1]},
{"frame":61,"values":[0.5467,0.8373,0,0,-0.0854,0.0558,-0.9948,0,-0.8329,0.5439,0.102,0,0,0.216,-2.14,1]},
{"frame":62,"values":[0.5467,0.8373,0,0,-0.0854,0.0558,-0.9948,0,-0.8329,0.5439,0.102,0,0,0.2122,-2.1415,1]},
{"frame":63,"values":[0.5467,0.8373,0,0,-0.0854,0.0558,-0.9948,0,-0.8329,0.5439,0.102,0,0,0.206,-2.1442,1]},
{"frame":64,"values":[0.5467,0.8373,0,0,-0.0854,0.0558,-0.9948,0,-0.8329,0.5439,0.102,0,0,0.198,-2.1478,1]},
{"frame":65,"values":[0.5467,0.8373,0,0,-0.0854,0.0558,-0.9948,0,-0.8329,0.5439,0.102,0,0,0.1889,-2.1523,1]},
{"frame":66,"values":[0.5467,0.8373,0,0,-0.0854,0.0558,-0.9948,0,-0.8329,0.5439,0.102,0,0,0.1799,-2.1573,1]},
{"frame":67,"values":[0.5467,0.8373,0,0,-0.0854,0.0558,-0.9948,0,-0.8329,0.5439,0.102,0,0,0.1719,-2.1624,1]},
{"frame":68,"values":[0.5467,0.8373,0,0,-0.0854,0.0558,-0.9948,0,-0.8329,0.5439,0.102,0,0,0.166,-2.1673,1]},
{"frame":69,"values":[0.5467,0.8373,0,0,-0.0854,0.0558,-0.9948,0,-0.8329,0.5439,0.102,0,0,0.1625,-2.1718,1]},
{"frame":70,"values":[0.5467,0.8373,0,0,-0.0854,0.0558,-0.9948,0,-0.8329,0.5439,0.102,0,0,0.1616,-2.1757,1]},
{"frame":71,"values":[0.5467,0.8373,0,0,-0.0854,0.0558,-0.9948,0,-0.8329,0.5439,0.102,0,0,0.1627,-2.1796,1]},
{"frame":72,"values":[0.5467,0.8373,0,0,-0.0854,0.0558,-0.9948,0,-0.8329,0.5439,0.102,0,0,0.1653,-2.1842,1]},
{"frame":73,"values":[0.5467,0.8373,0,0,-0.0854,0.0558,-0.9948,0,-0.8329,0.5439,0.102,0,0,0.1695,-2.1893,1]},
{"frame":74,"values":[0.5467,0.8373,0,0,-0.0854,0.0558,-0.9948,0,-0.8329,0.5439,0.102,0,0,0.1751,-2.1947,1]},
{"frame":75,"values":[0.5467,0.8373,0,0,-0.0854,0.0558,-0.9948,0,-0.8329,0.5439,0.102,0,0,0.1819,-2.1999,1]},
{"frame":76,"values":[0.5467,0.8373,0,0,-0.0854,0.0558,-0.9948,0,-0.8329,0.5439,0.102,0,0,0.1894,-2.2045,1]},
{"frame":77,"values":[0.5467,0.8373,0,0,-0.0854,0.0558,-0.9948,0,-0.8329,0.5439,0.102,0,0,0.1971,-2.2081,1]},
{"frame":78,"values":[0.5467,0.8373,0,0,-0.0854,0.0558,-0.9948,0,-0.8329,0.5439,0.102,0,0,0.2046,-2.2106,1]},
{"frame":79,"values":[0.5467,0.8373,0,0,-0.0854,0.0558,-0.9948,0,-0.8329,0.5439,0.102,0,0,0.2113,-2.2119,1]},
{"frame":80,"values":[0.5467,0.8373,0,0,-0.0854,0.0558,-0.9948,0,-0.8329,0.5439,0.102,0,0,0.2173,-2.2119,1]},
{"frame":81,"values":[0.5467,0.8373,0,0,-0.0854,0.0558,-0.9948,0,-0.8329,0.5439,0.102,0,0,0.2231,-2.2093,1]},
{"frame":82,"values":[0.5467,0.8373,0,0,-0.0854,0.0558,-0.9948,0,-0.8329,0.5439,0.102,0,0,0.2296,-2.2028,1]},
{"frame":83,"values":[0.5467,0.8373,0,0,-0.0854,0.0558,-0.9948,0,-0.8329,0.5439,0.102,0,0,0.2365,-2.1926,1]},
{"frame":84,"values":[0.5467,0.8373,0,0,-0.0854,0.0558,-0.9948,0,-0.8329,0.5439,0.102,0,0,0.2435,-2.1794,1]},
{"frame":85,"values":[0.5467,0.8373,0,0,-0.0854,0.0558,-0.9948,0,-0.8329,0.5439,0.102,0,0,0.2502,-2.1645,1]},
{"frame":86,"values":[0.5467,0.8373,0,0,-0.0854,0.0558,-0.9948,0,-0.8329,0.5439,0.102,0,0,0.2562,-2.1498,1]},
{"frame":87,"values":[0.5467,0.8373,0,0,-0.0854,0.0558,-0.9948,0,-0.8329,0.5439,0.102,0,0,0.261,-2.1368,1]},
{"frame":88,"values":[0.5467,0.8373,0,0,-0.0854,0.0558,-0.9948,0,-0.8329,0.5439,0.102,0,0,0.2644,-2.1269,1]},
{"frame":89,"values":[0.5467,0.8373,0,0,-0.0854,0.0558,-0.9948,0,-0.8329,0.5439,0.102,0,0,0.2664,-2.1209,1]},
{"frame":90,"values":[0.5467,0.8373,0,0,-0.0854,0.0558,-0.9948,0,-0.8329,0.5439,0.102,0,0,0.2671,-2.1188,1]},
{"frame":91,"values":[0.5467,0.8373,0,0,-0.0854,0.0558,-0.9948,0,-0.8329,0.5439,0.102,0,0,0.2649,-2.1198,1]},
{"frame":92,"values":[0.5467,0.8373,0,0,-0.0854,0.0558,-0.9948,0,-0.8329,0.5439,0.102,0,0,0.2586,-2.1223,1]},
{"frame":93,"values":[0.5467,0.8373,0,0,-0.0854,0.0558,-0.9948,0,-0.8329,0.5439,0.102,0,0,0.2506,-2.1257,1]},
{"frame":94,"values":[0.5467,0.8373,0,0,-0.0854,0.0558,-0.9948,0,-0.8329,0.5439,0.102,0,0,0.2444,-2.1282,1]},
{"frame":95,"values":[0.5467,0.8373,0,0,-0.0854,0.0558,-0.9948,0,-0.8329,0.5439,0.102,0,0,0.2422,-2.1292,1]}],"loopBehavior":1,"name":"anim","property":"_matrix"}},
{"name":"spine","index":13,"matrix":[1,0,0,0,0,0.9946,-0.1037,0,0,0.1037,0.9946,0,0,0.4281,0,1],"rest":[1,0,0,0,0,0.9946,-0.1037,0,0,0.1037,0.9946,0,0,0.4281,0,1],"parentBoneIndex":12,"length":0.3874
,"animation":{"dataType":3,"framePerSecond":24,"keys":[
{"frame":0,"values":[1,0,0,0,0,0.9946,-0.1037,0,0,0.1037,0.9946,0,0,0.4281,0,1]},
{"frame":1,"values":[1,0.0077,-0.0008,0,-0.0078,0.994,-0.1087,0,0,0.1087,0.9941,0,0,0.4281,0,1]},
{"frame":2,"values":[0.9995,0.0314,-0.0035,0,-0.0316,0.9918,-0.1241,0,-0.0004,0.1242,0.9923,0,0,0.4281,0,1]},
{"frame":3,"values":[0.9977,0.0668,-0.0083,0,-0.0673,0.9868,-0.147,0,-0.0016,0.1473,0.9891,0,0,0.4281,0,1]},
{"frame":4,"values":[0.9945,0.1041,-0.0143,0,-0.1051,0.9796,-0.1711,0,-0.0038,0.1717,0.9851,0,0,0.4281,0,1]},
{"frame":5,"values":[0.9906,0.1353,-0.02,0,-0.1366,0.972,-0.191,0,-0.0064,0.192,0.9814,0,0,0.4281,0,1]},
{"frame":6,"values":[0.9857,0.1662,-0.0264,0,-0.168,0.963,-0.2107,0,-0.0096,0.2122,0.9772,0,0,0.4281,0,1]},
{"frame":7,"values":[0.9786,0.2026,-0.0348,0,-0.205,0.9504,-0.2337,0,-0.0143,0.2359,0.9717,0,0,0.4281,0,1]},
{"frame":8,"values":[0.9707,0.2364,-0.0435,0,-0.2396,0.9368,-0.255,0,-0.0195,0.2579,0.966,0,0,0.4281,0,1]},
{"frame":9,"values":[0.9646,0.2589,-0.0498,0,-0.2626,0.9266,-0.2691,0,-0.0235,0.2726,0.9618,0,0,0.4281,0,1]},
{"frame":10,"values":[0.9624,0.2667,-0.052,0,-0.2706,0.9229,-0.2739,0,-0.025,0.2777,0.9603,0,0,0.4281,0,1]},
{"frame":11,"values":[0.9696,0.2363,-0.0638,0,-0.2445,0.9471,-0.208,0,0.0112,0.2173,0.976,0,0,0.4281,0,1]},
{"frame":12,"values":[0.9818,0.1588,-0.1038,0,-0.163,0.9861,-0.0332,0,0.0971,0.0495,0.994,0,0,0.4281,0,1]},
{"frame":13,"values":[0.984,0.0941,-0.1515,0,-0.0756,0.9894,0.1238,0,0.1615,-0.1103,0.9807,0,0,0.4281,0,1]},
{"frame":14,"values":[0.9788,0.0448,-0.1997,0,0.0073,0.9676,0.2524,0,0.2046,-0.2485,0.9468,0,0,0.4281,0,1]},
{"frame":15,"values":[0.974,0.0232,-0.2253,0,0.0496,0.9488,0.312,0,0.221,-0.3151,0.923,0,0,0.4281,0,1]},
{"frame":16,"values":[0.9783,0.0173,-0.2064,0,0.0415,0.9599,0.2771,0,0.2029,-0.2797,0.9384,0,0,0.4281,0,1]},
{"frame":17,"values":[0.9885,0.0045,-0.1511,0,0.0223,0.9843,0.1753,0,0.1495,-0.1767,0.9728,0,0,0.4281,0,1]},
{"frame":18,"values":[0.997,-0.003,-0.0777,0,0.0062,0.9992,0.0399,0,0.0776,-0.0403,0.9962,0,0,0.4281,0,1]},
{"frame":19,"values":[0.9998,-0.0019,-0.0202,0,0.0005,0.9978,-0.0663,0,0.0203,0.0663,0.9976,0,0,0.4281,0,1]},
{"frame":20,"values":[1,0,0,0,0,0.9946,-0.1037,0,0,0.1037,0.9946,0,0,0.4281,0,1]},
{"frame":30,"values":[1,0,0,0,0,0.9946,-0.1037,0,0,0.1037,0.9946,0,0,0.4281,0,1]},
{"frame":49,"values":[1,0,0,0,0,0.9946,-0.1037,0,0,0.1037,0.9946,0,0,0.4281,0,1]},
{"frame":60,"values":[1,0,0,0,0,0.9946,-0.1037,0,0,0.1037,0.9946,0,0,0.4281,0,1]},
{"frame":95,"values":[1,0,0,0,0,0.9946,-0.1037,0,0,0.1037,0.9946,0,0,0.4281,0,1]}],"loopBehavior":1,"name":"anim","property":"_matrix"}},
{"name":"chest","index":14,"matrix":[0.9812,-0.1924,-0.0126,0,0.1925,0.9813,0.0003,0,0.0123,-0.0027,0.9999,0,0,0.3874,0,1],"rest":[1,0,0,0,0,0.9921,-0.1254,0,0,0.1254,0.9921,0,0,0.3874,0,1],"parentBoneIndex":13,"length":0.7816
,"animation":{"dataType":3,"framePerSecond":24,"keys":[
{"frame":0,"values":[0.9812,-0.1924,-0.0126,0,0.1925,0.9813,0.0003,0,0.0123,-0.0027,0.9999,0,0,0.3874,0,1]},
