{"producer":{"name":"Blender","version":"2.78 (sub 0)","exporter_version":"5.3-beta","file":"avatar1.babylon"},
"autoClear":true,"clearColor":[0.0509,0.0509,0.0509],"ambientColor":[0,0,0],"gravity":[0,-9.81,0],
"materials":[{"name":"avatar1.skin.002","id":"avatar1.skin.002","ambient":[0.8007,0.5622,0.4194],"diffuse":[0.8007,0.5622,0.4194],"specular":[0,0,0],"emissive":[0,0,0],"specularPower":50,"alpha":1,"backFaceCulling":true,"checkReadyOnlyOnce":false,"maxSimultaneousLights":4},
{"name":"avatar1.Material.001","id":"avatar1.Material.001","ambient":[0.1424,0.0634,0.0231],"diffuse":[0.1139,0.0507,0.0185],"specular":[0,0,0],"emissive":[0,0,0],"specularPower":50,"alpha":1,"backFaceCulling":true,"checkReadyOnlyOnce":false,"maxSimultaneousLights":4},
{"name":"avatar1.Material.002","id":"avatar1.Material.002","ambient":[0.0291,0.0129,0.0055],"diffuse":[0.0233,0.0103,0.0044],"specular":[0,0,0],"emissive":[0,0,0],"specularPower":50,"alpha":1,"backFaceCulling":true,"checkReadyOnlyOnce":false,"maxSimultaneousLights":4},
{"name":"avatar1.hair.001","id":"avatar1.hair.001","ambient":[0.0237,0.0237,0.0237],"diffuse":[0.0237,0.0237,0.0237],"specular":[0,0,0],"emissive":[0,0,0],"specularPower":50,"alpha":1,"backFaceCulling":true,"checkReadyOnlyOnce":false,"maxSimultaneousLights":4},
{"name":"avatar1.Material.003","id":"avatar1.Material.003","ambient":[0.1237,0.1237,0.1237],"diffuse":[0.1237,0.1237,0.1237],"specular":[0,0,0],"emissive":[0,0,0],"specularPower":50,"alpha":1,"backFaceCulling":true,"checkReadyOnlyOnce":false,"maxSimultaneousLights":4},
{"name":"avatar1.Material.008","id":"avatar1.Material.008","ambient":[0.0946,0.0435,0.0279],"diffuse":[0.0757,0.0348,0.0223],"specular":[0,0,0],"emissive":[0,0,0],"specularPower":50,"alpha":1,"backFaceCulling":true,"checkReadyOnlyOnce":false,"maxSimultaneousLights":4}],
"multiMaterials":[{"name":"avatar1.Multimaterial#0","id":"avatar1.Multimaterial#0","materials":["avatar1.Material.003","avatar1.Material.008"]}],
"skeletons":[{"name":"Armature","id":0,"dimensionsAtRest":[2.0258,4.7848,0.5734],"bones":[
{"name":"Bone","index":0,"matrix":[0.9137,0,-0.4065,0,-0.0176,0.9991,-0.0395,0,-0.4061,-0.0432,-0.9128,0,0.0157,2.2562,0.2313,1],"rest":[1,0,0,0,0,0.9991,-0.0432,0,0,-0.0432,-0.9991,0,0,2.2345,0.2337,1],"parentBoneIndex":-1,"length":0.6618
,"animation":{"dataType":3,"framePerSecond":24,"keys":[
{"frame":1,"values":[1,0,0,0,0,0.9991,-0.0432,0,0,-0.0432,-0.9991,0,0,2.2345,0.2337,1]},
{"frame":2,"values":[1,0,0,0,0,0.9991,-0.0432,0,0,-0.0432,-0.9991,0,0,2.2345,0.2337,1]},
{"frame":11,"values":[0.8855,0,-0.4646,0,-0.0201,0.9991,-0.0383,0,-0.4641,-0.0432,-0.8847,0,0.0157,2.2345,0.2313,1]},
{"frame":12,"values":[0.8855,0,-0.4646,0,-0.0201,0.9991,-0.0383,0,-0.4641,-0.0432,-0.8847,0,0.0157,2.2346,0.2313,1]},
{"frame":13,"values":[0.8855,0,-0.4646,0,-0.0201,0.9991,-0.0383,0,-0.4641,-0.0432,-0.8847,0,0.0157,2.2349,0.2313,1]},
{"frame":14,"values":[0.8855,0,-0.4646,0,-0.0201,0.9991,-0.0383,0,-0.4641,-0.0432,-0.8847,0,0.0157,2.2354,0.2313,1]},
{"frame":15,"values":[0.8855,0,-0.4646,0,-0.0201,0.9991,-0.0383,0,-0.4641,-0.0432,-0.8847,0,0.0157,2.236,0.2313,1]},
{"frame":16,"values":[0.8855,0,-0.4646,0,-0.0201,0.9991,-0.0383,0,-0.4641,-0.0432,-0.8847,0,0.0157,2.2369,0.2313,1]},
{"frame":17,"values":[0.8855,0,-0.4646,0,-0.0201,0.9991,-0.0383,0,-0.4641,-0.0432,-0.8847,0,0.0157,2.238,0.2313,1]},
{"frame":18,"values":[0.8855,0,-0.4646,0,-0.0201,0.9991,-0.0383,0,-0.4641,-0.0432,-0.8847,0,0.0157,2.2392,0.2313,1]},
{"frame":19,"values":[0.8855,0,-0.4646,0,-0.0201,0.9991,-0.0383,0,-0.4641,-0.0432,-0.8847,0,0.0157,2.2406,0.2313,1]},
{"frame":20,"values":[0.8855,0,-0.4646,0,-0.0201,0.9991,-0.0383,0,-0.4641,-0.0432,-0.8847,0,0.0157,2.2422,0.2313,1]},
{"frame":21,"values":[0.8855,0,-0.4646,0,-0.0201,0.9991,-0.0383,0,-0.4641,-0.0432,-0.8847,0,0.0157,2.2439,0.2313,1]},
{"frame":22,"values":[0.8855,0,-0.4646,0,-0.0201,0.9991,-0.0383,0,-0.4641,-0.0432,-0.8847,0,0.0157,2.2458,0.2313,1]},
{"frame":23,"values":[0.8855,0,-0.4646,0,-0.0201,0.9991,-0.0383,0,-0.4641,-0.0432,-0.8847,0,0.0157,2.2478,0.2313,1]},
{"frame":24,"values":[0.8855,0,-0.4646,0,-0.0201,0.9991,-0.0383,0,-0.4641,-0.0432,-0.8847,0,0.0157,2.2499,0.2313,1]},
{"frame":25,"values":[0.8855,0,-0.4646,0,-0.0201,0.9991,-0.0383,0,-0.4641,-0.0432,-0.8847,0,0.0157,2.2521,0.2313,1]},
{"frame":26,"values":[0.8855,0,-0.4646,0,-0.0201,0.9991,-0.0383,0,-0.4641,-0.0432,-0.8847,0,0.0157,2.2544,0.2313,1]},
{"frame":27,"values":[0.8855,0,-0.4646,0,-0.0201,0.9991,-0.0383,0,-0.4641,-0.0432,-0.8847,0,0.0157,2.2567,0.2313,1]},
{"frame":28,"values":[0.8855,0,-0.4646,0,-0.0201,0.9991,-0.0383,0,-0.4641,-0.0432,-0.8847,0,0.0157,2.2591,0.2313,1]},
{"frame":29,"values":[0.8855,0,-0.4646,0,-0.0201,0.9991,-0.0383,0,-0.4641,-0.0432,-0.8847,0,0.0157,2.2614,0.2313,1]},
{"frame":30,"values":[0.8855,0,-0.4646,0,-0.0201,0.9991,-0.0383,0,-0.4641,-0.0432,-0.8847,0,0.0157,2.2636,0.2313,1]},
{"frame":31,"values":[0.8855,0,-0.4646,0,-0.0201,0.9991,-0.0383,0,-0.4641,-0.0432,-0.8847,0,0.0157,2.2658,0.2313,1]},
{"frame":32,"values":[0.8855,0,-0.4646,0,-0.0201,0.9991,-0.0383,0,-0.4641,-0.0432,-0.8847,0,0.0157,2.268,0.2313,1]},
{"frame":33,"values":[0.8855,0,-0.4646,0,-0.0201,0.9991,-0.0383,0,-0.4641,-0.0432,-0.8847,0,0.0157,2.27,0.2313,1]},
{"frame":34,"values":[0.8855,0,-0.4646,0,-0.0201,0.9991,-0.0383,0,-0.4641,-0.0432,-0.8847,0,0.0157,2.2719,0.2313,1]},
{"frame":35,"values":[0.8855,0,-0.4646,0,-0.0201,0.9991,-0.0383,0,-0.4641,-0.0432,-0.8847,0,0.0157,2.2736,0.2313,1]},
{"frame":36,"values":[0.8855,0,-0.4646,0,-0.0201,0.9991,-0.0383,0,-0.4641,-0.0432,-0.8847,0,0.0157,2.2752,0.2313,1]},
{"frame":37,"values":[0.8855,0,-0.4646,0,-0.0201,0.9991,-0.0383,0,-0.4641,-0.0432,-0.8847,0,0.0157,2.2766,0.2313,1]},
{"frame":38,"values":[0.8855,0,-0.4646,0,-0.0201,0.9991,-0.0383,0,-0.4641,-0.0432,-0.8847,0,0.0157,2.2778,0.2313,1]},
{"frame":39,"values":[0.8855,0,-0.4646,0,-0.0201,0.9991,-0.0383,0,-0.4641,-0.0432,-0.8847,0,0.0157,2.2789,0.2313,1]},
{"frame":40,"values":[0.8855,0,-0.4646,0,-0.0201,0.9991,-0.0383,0,-0.4641,-0.0432,-0.8847,0,0.0157,2.2797,0.2313,1]},
{"frame":41,"values":[0.8855,0,-0.4646,0,-0.0201,0.9991,-0.0383,0,-0.4641,-0.0432,-0.8847,0,0.0157,2.2804,0.2313,1]},
{"frame":42,"values":[0.8855,0,-0.4646,0,-0.0201,0.9991,-0.0383,0,-0.4641,-0.0432,-0.8847,0,0.0157,2.2809,0.2313,1]},
{"frame":43,"values":[0.8855,0,-0.4646,0,-0.0201,0.9991,-0.0383,0,-0.4641,-0.0432,-0.8847,0,0.0157,2.2812,0.2313,1]},
{"frame":44,"values":[0.8855,0,-0.4646,0,-0.0201,0.9991,-0.0383,0,-0.4641,-0.0432,-0.8847,0,0.0157,2.2813,0.2313,1]},
{"frame":45,"values":[0.8855,0,-0.4646,0,-0.0201,0.9991,-0.0383,0,-0.4641,-0.0432,-0.8847,0,0.0157,2.2811,0.2313,1]},
{"frame":46,"values":[0.8855,0,-0.4646,0,-0.0201,0.9991,-0.0383,0,-0.4641,-0.0432,-0.8847,0,0.0157,2.2806,0.2313,1]},
{"frame":47,"values":[0.8855,0,-0.4646,0,-0.0201,0.9991,-0.0383,0,-0.4641,-0.0432,-0.8847,0,0.0157,2.2799,0.2313,1]},
{"frame":48,"values":[0.8855,0,-0.4646,0,-0.0201,0.9991,-0.0383,0,-0.4641,-0.0432,-0.8847,0,0.0157,2.2788,0.2313,1]},
{"frame":49,"values":[0.8855,0,-0.4646,0,-0.0201,0.9991,-0.0383,0,-0.4641,-0.0432,-0.8847,0,0.0157,2.2774,0.2313,1]},
{"frame":50,"values":[0.8855,0,-0.4646,0,-0.0201,0.9991,-0.0383,0,-0.4641,-0.0432,-0.8847,0,0.0157,2.2757,0.2313,1]},
{"frame":51,"values":[0.8855,0,-0.4646,0,-0.0201,0.9991,-0.0383,0,-0.4641,-0.0432,-0.8847,0,0.0157,2.2738,0.2313,1]},
{"frame":52,"values":[0.8855,0,-0.4646,0,-0.0201,0.9991,-0.0383,0,-0.4641,-0.0432,-0.8847,0,0.0157,2.2716,0.2313,1]},
{"frame":53,"values":[0.8855,0,-0.4646,0,-0.0201,0.9991,-0.0383,0,-0.4641,-0.0432,-0.8847,0,0.0157,2.2691,0.2313,1]},
{"frame":54,"values":[0.8855,0,-0.4646,0,-0.0201,0.9991,-0.0383,0,-0.4641,-0.0432,-0.8847,0,0.0157,2.2665,0.2313,1]},
{"frame":55,"values":[0.8855,0,-0.4646,0,-0.0201,0.9991,-0.0383,0,-0.4641,-0.0432,-0.8847,0,0.0157,2.2637,0.2313,1]},
{"frame":56,"values":[0.8855,0,-0.4646,0,-0.0201,0.9991,-0.0383,0,-0.4641,-0.0432,-0.8847,0,0.0157,2.2608,0.2313,1]},
{"frame":57,"values":[0.8855,0,-0.4646,0,-0.0201,0.9991,-0.0383,0,-0.4641,-0.0432,-0.8847,0,0.0157,2.2579,0.2313,1]},
{"frame":58,"values":[0.8855,0,-0.4646,0,-0.0201,0.9991,-0.0383,0,-0.4641,-0.0432,-0.8847,0,0.0157,2.255,0.2313,1]},
{"frame":59,"values":[0.8855,0,-0.4646,0,-0.0201,0.9991,-0.0383,0,-0.4641,-0.0432,-0.8847,0,0.0157,2.2521,0.2313,1]},
{"frame":60,"values":[0.8855,0,-0.4646,0,-0.0201,0.9991,-0.0383,0,-0.4641,-0.0432,-0.8847,0,0.0157,2.2493,0.2313,1]},
{"frame":61,"values":[0.8855,0,-0.4646,0,-0.0201,0.9991,-0.0383,0,-0.4641,-0.0432,-0.8847,0,0.0157,2.2466,0.2313,1]},
{"frame":62,"values":[0.8855,0,-0.4646,0,-0.0201,0.9991,-0.0383,0,-0.4641,-0.0432,-0.8847,0,0.0157,2.2442,0.2313,1]},
{"frame":63,"values":[0.8855,0,-0.4646,0,-0.0201,0.9991,-0.0383,0,-0.4641,-0.0432,-0.8847,0,0.0157,2.242,0.2313,1]},
{"frame":64,"values":[0.8855,0,-0.4646,0,-0.0201,0.9991,-0.0383,0,-0.4641,-0.0432,-0.8847,0,0.0157,2.24,0.2313,1]},
{"frame":65,"values":[0.8855,0,-0.4646,0,-0.0201,0.9991,-0.0383,0,-0.4641,-0.0432,-0.8847,0,0.0157,2.2384,0.2313,1]},
{"frame":66,"values":[0.8855,0,-0.4646,0,-0.0201,0.9991,-0.0383,0,-0.4641,-0.0432,-0.8847,0,0.0157,2.237,0.2313,1]},
{"frame":67,"values":[0.8855,0,-0.4646,0,-0.0201,0.9991,-0.0383,0,-0.4641,-0.0432,-0.8847,0,0.0157,2.2359,0.2313,1]},
{"frame":68,"values":[0.8855,0,-0.4646,0,-0.0201,0.9991,-0.0383,0,-0.4641,-0.0432,-0.8847,0,0.0157,2.2351,0.2313,1]},
{"frame":69,"values":[0.8855,0,-0.4646,0,-0.0201,0.9991,-0.0383,0,-0.4641,-0.0432,-0.8847,0,0.0157,2.2347,0.2313,1]},
{"frame":70,"values":[0.8855,0,-0.4646,0,-0.0201,0.9991,-0.0383,0,-0.4641,-0.0432,-0.8847,0,0.0157,2.2345,0.2313,1]},
{"frame":81,"values":[0.8855,0,-0.4646,0,-0.0201,0.9991,-0.0383,0,-0.4641,-0.0432,-0.8847,0,0.0157,2.2345,0.2313,1]},
{"frame":82,"values":[0.8855,0,-0.4646,0,-0.0201,0.9991,-0.0383,0,-0.4641,-0.0432,-0.8847,0,0.0157,2.2346,0.2313,1]},
{"frame":83,"values":[0.8855,0,-0.4646,0,-0.0201,0.9991,-0.0383,0,-0.4641,-0.0432,-0.8847,0,0.0157,2.2349,0.2313,1]},
{"frame":84,"values":[0.8855,0,-0.4646,0,-0.0201,0.9991,-0.0383,0,-0.4641,-0.0432,-0.8847,0,0.0157,2.2354,0.2313,1]},
{"frame":85,"values":[0.8855,0,-0.4646,0,-0.0201,0.9991,-0.0383,0,-0.4641,-0.0432,-0.8847,0,0.0157,2.236,0.2313,1]},
{"frame":86,"values":[0.8855,0,-0.4646,0,-0.0201,0.9991,-0.0383,0,-0.4641,-0.0432,-0.8847,0,0.0157,2.2369,0.2313,1]},
{"frame":87,"values":[0.8855,0,-0.4646,0,-0.0201,0.9991,-0.0383,0,-0.4641,-0.0432,-0.8847,0,0.0157,2.238,0.2313,1]},
{"frame":88,"values":[0.8855,0,-0.4646,0,-0.0201,0.9991,-0.0383,0,-0.4641,-0.0432,-0.8847,0,0.0157,2.2392,0.2313,1]},
{"frame":89,"values":[0.8855,0,-0.4646,0,-0.0201,0.9991,-0.0383,0,-0.4641,-0.0432,-0.8847,0,0.0157,2.2406,0.2313,1]},
{"frame":90,"values":[0.8855,0,-0.4646,0,-0.0201,0.9991,-0.0383,0,-0.4641,-0.0432,-0.8847,0,0.0157,2.2422,0.2313,1]},
{"frame":91,"values":[0.8855,0,-0.4646,0,-0.0201,0.9991,-0.0383,0,-0.4641,-0.0432,-0.8847,0,0.0157,2.2439,0.2313,1]},
{"frame":92,"values":[0.8855,0,-0.4646,0,-0.0201,0.9991,-0.0383,0,-0.4641,-0.0432,-0.8847,0,0.0157,2.2458,0.2313,1]},
{"frame":93,"values":[0.8855,0,-0.4646,0,-0.0201,0.9991,-0.0383,0,-0.4641,-0.0432,-0.8847,0,0.0157,2.2478,0.2313,1]},
{"frame":94,"values":[0.8855,0,-0.4646,0,-0.0201,0.9991,-0.0383,0,-0.4641,-0.0432,-0.8847,0,0.0157,2.2499,0.2313,1]},
{"frame":95,"values":[0.8855,0,-0.4646,0,-0.0201,0.9991,-0.0383,0,-0.4641,-0.0432,-0.8847,0,0.0157,2.2521,0.2313,1]},
{"frame":96,"values":[0.8855,0,-0.4646,0,-0.0201,0.9991,-0.0383,0,-0.4641,-0.0432,-0.8847,0,0.0157,2.2544,0.2313,1]},
{"frame":97,"values":[0.8855,0,-0.4646,0,-0.0201,0.9991,-0.0383,0,-0.4641,-0.0432,-0.8847,0,0.0157,2.2567,0.2313,1]},
{"frame":98,"values":[0.8855,0,-0.4646,0,-0.0201,0.9991,-0.0383,0,-0.4641,-0.0432,-0.8847,0,0.0157,2.2591,0.2313,1]},
{"frame":99,"values":[0.8855,0,-0.4646,0,-0.0201,0.9991,-0.0383,0,-0.4641,-0.0432,-0.8847,0,0.0157,2.2614,0.2313,1]},
{"frame":100,"values":[0.8855,0,-0.4646,0,-0.0201,0.9991,-0.0383,0,-0.4641,-0.0432,-0.8847,0,0.0157,2.2636,0.2313,1]},
{"frame":101,"values":[0.8855,0,-0.4646,0,-0.0201,0.9991,-0.0383,0,-0.4641,-0.0432,-0.8847,0,0.0157,2.2658,0.2313,1]},
{"frame":102,"values":[0.8855,0,-0.4646,0,-0.0201,0.9991,-0.0383,0,-0.4641,-0.0432,-0.8847,0,0.0157,2.268,0.2313,1]},
{"frame":103,"values":[0.8855,0,-0.4646,0,-0.0201,0.9991,-0.0383,0,-0.4641,-0.0432,-0.8847,0,0.0157,2.27,0.2313,1]},
{"frame":104,"values":[0.8855,0,-0.4646,0,-0.0201,0.9991,-0.0383,0,-0.4641,-0.0432,-0.8847,0,0.0157,2.2719,0.2313,1]},
{"frame":105,"values":[0.8855,0,-0.4646,0,-0.0201,0.9991,-0.0383,0,-0.4641,-0.0432,-0.8847,0,0.0157,2.2736,0.2313,1]},
{"frame":106,"values":[0.8855,0,-0.4646,0,-0.0201,0.9991,-0.0383,0,-0.4641,-0.0432,-0.8847,0,0.0157,2.2752,0.2313,1]},
{"frame":107,"values":[0.8855,0,-0.4646,0,-0.0201,0.9991,-0.0383,0,-0.4641,-0.0432,-0.8847,0,0.0157,2.2766,0.2313,1]},
{"frame":108,"values":[0.8855,0,-0.4646,0,-0.0201,0.9991,-0.0383,0,-0.4641,-0.0432,-0.8847,0,0.0157,2.2778,0.2313,1]},
{"frame":109,"values":[0.8855,0,-0.4646,0,-0.0201,0.9991,-0.0383,0,-0.4641,-0.0432,-0.8847,0,0.0157,2.2789,0.2313,1]},
{"frame":110,"values":[0.8855,0,-0.4646,0,-0.0201,0.9991,-0.0383,0,-0.4641,-0.0432,-0.8847,0,0.0157,2.2797,0.2313,1]},
{"frame":111,"values":[0.8855,0,-0.4646,0,-0.0201,0.9991,-0.0383,0,-0.4641,-0.0432,-0.8847,0,0.0157,2.2804,0.2313,1]},
{"frame":112,"values":[0.8855,0,-0.4646,0,-0.0201,0.9991,-0.0383,0,-0.4641,-0.0432,-0.8847,0,0.0157,2.2809,0.2313,1]},
{"frame":113,"values":[0.8855,0,-0.4646,0,-0.0201,0.9991,-0.0383,0,-0.4641,-0.0432,-0.8847,0,0.0157,2.2812,0.2313,1]},
{"frame":114,"values":[0.8855,0,-0.4646,0,-0.0201,0.9991,-0.0383,0,-0.4641,-0.0432,-0.8847,0,0.0157,2.2813,0.2313,1]},
{"frame":115,"values":[0.8855,0,-0.4646,0,-0.0201,0.9991,-0.0383,0,-0.4641,-0.0432,-0.8847,0,0.0157,2.2811,0.2313,1]},
{"frame":116,"values":[0.8855,0,-0.4646,0,-0.0201,0.9991,-0.0383,0,-0.4641,-0.0432,-0.8847,0,0.0157,2.2806,0.2313,1]},
{"frame":117,"values":[0.8855,0,-0.4646,0,-0.0201,0.9991,-0.0383,0,-0.4641,-0.0432,-0.8847,0,0.0157,2.2799,0.2313,1]},
{"frame":118,"values":[0.8855,0,-0.4646,0,-0.0201,0.9991,-0.0383,0,-0.4641,-0.0432,-0.8847,0,0.0157,2.2788,0.2313,1]},
{"frame":119,"values":[0.8855,0,-0.4646,0,-0.0201,0.9991,-0.0383,0,-0.4641,-0.0432,-0.8847,0,0.0157,2.2774,0.2313,1]},
{"frame":120,"values":[0.8855,0,-0.4646,0,-0.0201,0.9991,-0.0383,0,-0.4641,-0.0432,-0.8847,0,0.0157,2.2757,0.2313,1]},
{"frame":121,"values":[0.8855,0,-0.4646,0,-0.0201,0.9991,-0.0383,0,-0.4641,-0.0432,-0.8847,0,0.0157,2.2738,0.2313,1]},
{"frame":122,"values":[0.8855,0,-0.4646,0,-0.0201,0.9991,-0.0383,0,-0.4641,-0.0432,-0.8847,0,0.0157,2.2716,0.2313,1]},
{"frame":123,"values":[0.8855,0,-0.4646,0,-0.0201,0.9991,-0.0383,0,-0.4641,-0.0432,-0.8847,0,0.0157,2.2691,0.2313,1]},
{"frame":124,"values":[0.8855,0,-0.4646,0,-0.0201,0.9991,-0.0383,0,-0.4641,-0.0432,-0.8847,0,0.0157,2.2665,0.2313,1]},
{"frame":125,"values":[0.8855,0,-0.4646,0,-0.0201,0.9991,-0.0383,0,-0.4641,-0.0432,-0.8847,0,0.0157,2.2637,0.2313,1]},
{"frame":126,"values":[0.8855,0,-0.4646,0,-0.0201,0.9991,-0.0383,0,-0.4641,-0.0432,-0.8847,0,0.0157,2.2608,0.2313,1]},
{"frame":127,"values":[0.8855,0,-0.4646,0,-0.0201,0.9991,-0.0383,0,-0.4641,-0.0432,-0.8847,0,0.0157,2.2579,0.2313,1]},
{"frame":128,"values":[0.8855,0,-0.4646,0,-0.0201,0.9991,-0.0383,0,-0.4641,-0.0432,-0.8847,0,0.0157,2.255,0.2313,1]},
{"frame":129,"values":[0.8855,0,-0.4646,0,-0.0201,0.9991,-0.0383,0,-0.4641,-0.0432,-0.8847,0,0.0157,2.2521,0.2313,1]},
{"frame":130,"values":[0.8855,0,-0.4646,0,-0.0201,0.9991,-0.0383,0,-0.4641,-0.0432,-0.8847,0,0.0157,2.2493,0.2313,1]},
{"frame":131,"values":[0.8855,0,-0.4646,0,-0.0201,0.9991,-0.0383,0,-0.4641,-0.0432,-0.8847,0,0.0157,2.2466,0.2313,1]},
{"frame":132,"values":[0.8855,0,-0.4646,0,-0.0201,0.9991,-0.0383,0,-0.4641,-0.0432,-0.8847,0,0.0157,2.2442,0.2313,1]},
{"frame":133,"values":[0.8855,0,-0.4646,0,-0.0201,0.9991,-0.0383,0,-0.4641,-0.0432,-0.8847,0,0.0157,2.242,0.2313,1]},
{"frame":134,"values":[0.8855,0,-0.4646,0,-0.0201,0.9991,-0.0383,0,-0.4641,-0.0432,-0.8847,0,0.0157,2.24,0.2313,1]},
{"frame":135,"values":[0.8855,0,-0.4646,0,-0.0201,0.9991,-0.0383,0,-0.4641,-0.0432,-0.8847,0,0.0157,2.2384,0.2313,1]},
{"frame":136,"values":[0.8855,0,-0.4646,0,-0.0201,0.9991,-0.0383,0,-0.4641,-0.0432,-0.8847,0,0.0157,2.237,0.2313,1]},
{"frame":137,"values":[0.8855,0,-0.4646,0,-0.0201,0.9991,-0.0383,0,-0.4641,-0.0432,-0.8847,0,0.0157,2.2359,0.2313,1]},
{"frame":138,"values":[0.8855,0,-0.4646,0,-0.0201,0.9991,-0.0383,0,-0.4641,-0.0432,-0.8847,0,0.0157,2.2351,0.2313,1]},
{"frame":139,"values":[0.8855,0,-0.4646,0,-0.0201,0.9991,-0.0383,0,-0.4641,-0.0432,-0.8847,0,0.0157,2.2347,0.2313,1]},
{"frame":140,"values":[0.8855,0,-0.4646,0,-0.0201,0.9991,-0.0383,0,-0.4641,-0.0432,-0.8847,0,0.0157,2.2345,0.2313,1]},
{"frame":152,"values":[0.9137,0,-0.4065,0,-0.0176,0.9991,-0.0395,0,-0.4061,-0.0432,-0.9128,0,0.0157,2.2562,0.2313,1]},
{"frame":153,"values":[0.9509,0,-0.3096,0,-0.0134,0.9991,-0.0411,0,-0.3093,-0.0432,-0.95,0,0.0157,2.2887,0.2313,1]},
{"frame":154,"values":[0.9971,0,-0.076,0,-0.0033,0.9991,-0.0431,0,-0.0759,-0.0432,-0.9962,0,0.0157,2.3583,0.2313,1]},
{"frame":155,"values":[0.9974,0,0.0725,0,0.0031,0.9991,-0.0431,0,0.0724,-0.0432,-0.9964,0,0.0157,2.3908,0.2313,1]},
{"frame":156,"values":[0.9929,0,0.1186,0,0.0051,0.9991,-0.0429,0,0.1185,-0.0432,-0.992,0,0.0157,2.353,0.2313,1]},
{"frame":157,"values":[0.9905,0,0.1375,0,0.0059,0.9991,-0.0428,0,0.1373,-0.0432,-0.9896,0,0.0157,2.2723,0.2313,1]},
{"frame":158,"values":[0.9902,0,0.1396,0,0.006,0.9991,-0.0428,0,0.1395,-0.0432,-0.9893,0,0.0157,2.2346,0.2313,1]},
{"frame":159,"values":[0.9952,0,0.0977,0,0.0042,0.9991,-0.043,0,0.0976,-0.0432,-0.9943,0,0.0157,2.2449,0.2313,1]},
{"frame":160,"values":[0.9997,0,-0.0258,0,-0.0011,0.9991,-0.0432,0,-0.0258,-0.0432,-0.9987,0,0.0157,2.274,0.2313,1]},
{"frame":161,"values":[0.981,0,-0.1939,0,-0.0084,0.9991,-0.0424,0,-0.1937,-0.0432,-0.9801,0,0.0157,2.3114,0.2313,1]},
{"frame":162,"values":[0.9413,0,-0.3376,0,-0.0146,0.9991,-0.0407,0,-0.3373,-0.0432,-0.9404,0,0.0157,2.3404,0.2313,1]},
{"frame":163,"values":[0.9096,0,-0.4154,0,-0.018,0.9991,-0.0393,0,-0.415,-0.0432,-0.9088,0,0.0157,2.3508,0.2313,1]},
{"frame":164,"values":[0.8934,0,-0.4493,0,-0.0194,0.9991,-0.0386,0,-0.4489,-0.0432,-0.8925,0,0.0157,2.3227,0.2313,1]},
{"frame":165,"values":[0.8864,0,-0.463,0,-0.02,0.9991,-0.0383,0,-0.4626,-0.0432,-0.8855,0,0.0157,2.2627,0.2313,1]},
{"frame":166,"values":[0.8855,0,-0.4646,0,-0.0201,0.9991,-0.0383,0,-0.4641,-0.0432,-0.8847,0,0.0157,2.2346,0.2313,1]},
{"frame":182,"values":[0.9137,0,-0.4065,0,-0.0176,0.9991,-0.0395,0,-0.4061,-0.0432,-0.9128,0,0.0157,2.2562,0.2313,1]},
{"frame":183,"values":[0.9509,0,-0.3096,0,-0.0134,0.9991,-0.0411,0,-0.3093,-0.0432,-0.95,0,0.0157,2.2887,0.2313,1]},
{"frame":184,"values":[0.9971,0,-0.076,0,-0.0033,0.9991,-0.0431,0,-0.0759,-0.0432,-0.9962,0,0.0157,2.3583,0.2313,1]},
{"frame":185,"values":[0.9974,0,0.0725,0,0.0031,0.9991,-0.0431,0,0.0724,-0.0432,-0.9964,0,0.0157,2.3908,0.2313,1]},
{"frame":186,"values":[0.9929,0,0.1186,0,0.0051,0.9991,-0.0429,0,0.1185,-0.0432,-0.992,0,0.0157,2.353,0.2313,1]},
{"frame":187,"values":[0.9905,0,0.1375,0,0.0059,0.9991,-0.0428,0,0.1373,-0.0432,-0.9896,0,0.0157,2.2723,0.2313,1]},
{"frame":188,"values":[0.9902,0,0.1396,0,0.006,0.9991,-0.0428,0,0.1395,-0.0432,-0.9893,0,0.0157,2.2346,0.2313,1]},
{"frame":189,"values":[0.9952,0,0.0977,0,0.0042,0.9991,-0.043,0,0.0976,-0.0432,-0.9943,0,0.0157,2.2449,0.2313,1]},
{"frame":190,"values":[0.9997,0,-0.0258,0,-0.0011,0.9991,-0.0432,0,-0.0258,-0.0432,-0.9987,0,0.0157,2.274,0.2313,1]},
{"frame":191,"values":[0.981,0,-0.1939,0,-0.0084,0.9991,-0.0424,0,-0.1937,-0.0432,-0.9801,0,0.0157,2.3114,0.2313,1]},
{"frame":192,"values":[0.9413,0,-0.3376,0,-0.0146,0.9991,-0.0407,0,-0.3373,-0.0432,-0.9404,0,0.0157,2.3404,0.2313,1]},
{"frame":193,"values":[0.9096,0,-0.4154,0,-0.018,0.9991,-0.0393,0,-0.415,-0.0432,-0.9088,0,0.0157,2.3508,0.2313,1]},
{"frame":194,"values":[0.8934,0,-0.4493,0,-0.0194,0.9991,-0.0386,0,-0.4489,-0.0432,-0.8925,0,0.0157,2.3227,0.2313,1]},
{"frame":195,"values":[0.8864,0,-0.463,0,-0.02,0.9991,-0.0383,0,-0.4626,-0.0432,-0.8855,0,0.0157,2.2627,0.2313,1]},
{"frame":196,"values":[0.8855,0,-0.4646,0,-0.0201,0.9991,-0.0383,0,-0.4641,-0.0432,-0.8847,0,0.0157,2.2346,0.2313,1]}],"loopBehavior":1,"name":"anim","property":"_matrix"}},
{"name":"Bone.001","index":1,"matrix":[0.9854,-0.0074,-0.1699,0,0.0254,0.9942,0.1044,0,0.1681,-0.1072,0.9799,0,0,0.6618,0,1],"rest":[1,0,0,0,0,0.9941,-0.1088,0,0,0.1088,0.9941,0,0,0.6618,0,1],"parentBoneIndex":0,"length":0.8949
,"animation":{"dataType":3,"framePerSecond":24,"keys":[
{"frame":1,"values":[1,0,0,0,0,0.9941,-0.1088,0,0,0.1088,0.9941,0,0,0.6618,0,1]},
{"frame":2,"values":[1,0,0,0,0,0.9941,-0.1088,0,0,0.1088,0.9941,0,0,0.6618,0,1]},
{"frame":11,"values":[0.9854,-0.0074,-0.1699,0,0.0254,0.9942,0.1044,0,0.1681,-0.1072,0.9799,0,0,0.6618,0,1]},
{"frame":70,"values":[0.9854,-0.0074,-0.1699,0,0.0254,0.9942,0.1044,0,0.1681,-0.1072,0.9799,0,0,0.6618,0,1]},
{"frame":81,"values":[0.9854,-0.0074,-0.1699,0,0.0254,0.9942,0.1044,0,0.1681,-0.1072,0.9799,0,0,0.6618,0,1]},
{"frame":140,"values":[0.9854,-0.0074,-0.1699,0,0.0254,0.9942,0.1044,0,0.1681,-0.1072,0.9799,0,0,0.6618,0,1]},
{"frame":152,"values":[0.9854,-0.0074,-0.1699,0,0.0254,0.9942,0.1044,0,0.1681,-0.1072,0.9799,0,0,0.6618,0,1]},
{"frame":166,"values":[0.9854,-0.0074,-0.1699,0,0.0254,0.9942,0.1044,0,0.1681,-0.1072,0.9799,0,0,0.6618,0,1]},
{"frame":182,"values":[0.9854,-0.0074,-0.1699,0,0.0254,0.9942,0.1044,0,0.1681,-0.1072,0.9799,0,0,0.6618,0,1]},
{"frame":196,"values":[0.9854,-0.0074,-0.1699,0,0.0254,0.9942,0.1044,0,0.1681,-0.1072,0.9799,0,0,0.6618,0,1]}],"loopBehavior":1,"name":"anim","property":"_matrix"}},
{"name":"Bone.002","index":2,"matrix":[0.9718,-0.034,-0.2331,0,0.0856,0.9729,0.2149,0,0.2195,-0.2288,0.9484,0,0,0.8949,0,1],"rest":[1,0,0,0,0,0.9352,0.3542,0,0,-0.3542,0.9352,0,0,0.8949,0,1],"parentBoneIndex":1,"length":0.2089
,"animation":{"dataType":3,"framePerSecond":24,"keys":[
{"frame":1,"values":[1,0,0,0,0,0.9352,0.3542,0,0,-0.3542,0.9352,0,0,0.8949,0,1]},
{"frame":2,"values":[1,0,0,0,0,0.9352,0.3542,0,0,-0.3542,0.9352,0,0,0.8949,0,1]},
{"frame":11,"values":[0.9569,-0.0422,-0.2873,0,0.1058,0.972,0.2097,0,0.2704,-0.2311,0.9346,0,0,0.8949,0,1]},
{"frame":12,"values":[0.9569,-0.0422,-0.2873,0,0.1058,0.9721,0.2095,0,0.2705,-0.2309,0.9346,0,0,0.8949,0,1]},
{"frame":13,"values":[0.9569,-0.0422,-0.2873,0,0.1055,0.9723,0.2088,0,0.2705,-0.2301,0.9348,0,0,0.8949,0,1]},
{"frame":14,"values":[0.9569,-0.0422,-0.2873,0,0.1052,0.9726,0.2075,0,0.2707,-0.2288,0.9351,0,0,0.8949,0,1]},
{"frame":15,"values":[0.9569,-0.0421,-0.2873,0,0.1046,0.973,0.2058,0,0.2709,-0.227,0.9355,0,0,0.8949,0,1]},
{"frame":16,"values":[0.9569,-0.0421,-0.2873,0,0.1039,0.9735,0.2036,0,0.2712,-0.2247,0.9359,0,0,0.8949,0,1]},
{"frame":17,"values":[0.9569,-0.042,-0.2874,0,0.1031,0.9742,0.2008,0,0.2715,-0.2218,0.9365,0,0,0.8949,0,1]},
{"frame":18,"values":[0.9569,-0.042,-0.2874,0,0.1021,0.9749,0.1976,0,0.2719,-0.2185,0.9372,0,0,0.8949,0,1]},
{"frame":19,"values":[0.9569,-0.0419,-0.2874,0,0.101,0.9758,0.194,0,0.2723,-0.2146,0.938,0,0,0.8949,0,1]},
{"frame":20,"values":[0.9569,-0.0418,-0.2874,0,0.0997,0.9767,0.1899,0,0.2728,-0.2103,0.9388,0,0,0.8949,0,1]},
{"frame":21,"values":[0.9569,-0.0418,-0.2874,0,0.0983,0.9777,0.1853,0,0.2733,-0.2056,0.9397,0,0,0.8949,0,1]},
{"frame":22,"values":[0.9569,-0.0417,-0.2874,0,0.0968,0.9788,0.1804,0,0.2738,-0.2005,0.9407,0,0,0.8949,0,1]},
{"frame":23,"values":[0.9569,-0.0416,-0.2875,0,0.0952,0.9799,0.1752,0,0.2744,-0.195,0.9416,0,0,0.8949,0,1]},
{"frame":24,"values":[0.9569,-0.0415,-0.2875,0,0.0935,0.9811,0.1696,0,0.275,-0.1892,0.9426,0,0,0.8949,0,1]},
{"frame":25,"values":[0.9569,-0.0414,-0.2875,0,0.0917,0.9822,0.1639,0,0.2756,-0.1832,0.9437,0,0,0.8949,0,1]},
{"frame":26,"values":[0.9569,-0.0413,-0.2876,0,0.0899,0.9834,0.1579,0,0.2763,-0.177,0.9447,0,0,0.8949,0,1]},
{"frame":27,"values":[0.9569,-0.0411,-0.2876,0,0.088,0.9845,0.1519,0,0.2769,-0.1706,0.9456,0,0,0.8949,0,1]},
{"frame":28,"values":[0.9569,-0.041,-0.2876,0,0.0861,0.9856,0.1458,0,0.2775,-0.1643,0.9466,0,0,0.8949,0,1]},
{"frame":29,"values":[0.9569,-0.0409,-0.2876,0,0.0842,0.9866,0.1397,0,0.2781,-0.1579,0.9475,0,0,0.8949,0,1]},
{"frame":30,"values":[0.9569,-0.0408,-0.2877,0,0.0823,0.9876,0.1338,0,0.2786,-0.1517,0.9483,0,0,0.8949,0,1]},
{"frame":31,"values":[0.9569,-0.0407,-0.2877,0,0.0805,0.9885,0.128,0,0.2792,-0.1456,0.9491,0,0,0.8949,0,1]},
{"frame":32,"values":[0.9568,-0.0406,-0.2877,0,0.0788,0.9894,0.1224,0,0.2797,-0.1398,0.9499,0,0,0.8949,0,1]},
{"frame":33,"values":[0.9568,-0.0405,-0.2878,0,0.0771,0.9901,0.1171,0,0.2802,-0.1342,0.9505,0,0,0.8949,0,1]},
{"frame":34,"values":[0.9568,-0.0404,-0.2878,0,0.0756,0.9908,0.1121,0,0.2806,-0.129,0.9511,0,0,0.8949,0,1]},
{"frame":35,"values":[0.9568,-0.0404,-0.2878,0,0.0742,0.9914,0.1075,0,0.281,-0.1242,0.9516,0,0,0.8949,0,1]},
{"frame":36,"values":[0.9568,-0.0403,-0.2879,0,0.0728,0.992,0.1034,0,0.2814,-0.1199,0.9521,0,0,0.8949,0,1]},
{"frame":37,"values":[0.9568,-0.0402,-0.2879,0,0.0717,0.9924,0.0996,0,0.2817,-0.116,0.9525,0,0,0.8949,0,1]},
{"frame":38,"values":[0.9568,-0.0402,-0.2879,0,0.0707,0.9928,0.0964,0,0.282,-0.1125,0.9528,0,0,0.8949,0,1]},
{"frame":39,"values":[0.9568,-0.0401,-0.2879,0,0.0698,0.9932,0.0936,0,0.2822,-0.1096,0.9531,0,0,0.8949,0,1]},
{"frame":40,"values":[0.9568,-0.0401,-0.2879,0,0.0691,0.9934,0.0913,0,0.2824,-0.1073,0.9533,0,0,0.8949,0,1]},
{"frame":41,"values":[0.9568,-0.04,-0.2879,0,0.0685,0.9936,0.0896,0,0.2825,-0.1054,0.9535,0,0,0.8949,0,1]},
{"frame":42,"values":[0.9568,-0.04,-0.2879,0,0.0681,0.9938,0.0883,0,0.2826,-0.1041,0.9536,0,0,0.8949,0,1]},
{"frame":43,"values":[0.9568,-0.04,-0.2879,0,0.0679,0.9938,0.0875,0,0.2827,-0.1033,0.9536,0,0,0.8949,0,1]},
{"frame":44,"values":[0.9568,-0.04,-0.2879,0,0.0678,0.9939,0.0873,0,0.2827,-0.1031,0.9537,0,0,0.8949,0,1]},
{"frame":45,"values":[0.9568,-0.04,-0.2879,0,0.0679,0.9938,0.0877,0,0.2827,-0.1035,0.9536,0,0,0.8949,0,1]},
{"frame":46,"values":[0.9568,-0.04,-0.2879,0,0.0683,0.9937,0.0889,0,0.2826,-0.1047,0.9535,0,0,0.8949,0,1]},
{"frame":47,"values":[0.9568,-0.0401,-0.2879,0,0.069,0.9935,0.0909,0,0.2824,-0.1069,0.9533,0,0,0.8949,0,1]},
{"frame":48,"values":[0.9568,-0.0401,-0.2879,0,0.0699,0.9931,0.0938,0,0.2822,-0.1099,0.9531,0,0,0.8949,0,1]},
{"frame":49,"values":[0.9568,-0.0402,-0.2879,0,0.071,0.9927,0.0974,0,0.2819,-0.1137,0.9527,0,0,0.8949,0,1]},
{"frame":50,"values":[0.9568,-0.0403,-0.2879,0,0.0724,0.9922,0.1019,0,0.2815,-0.1183,0.9522,0,0,0.8949,0,1]},
{"frame":51,"values":[0.9568,-0.0403,-0.2878,0,0.074,0.9915,0.107,0,0.2811,-0.1237,0.9517,0,0,0.8949,0,1]},
{"frame":52,"values":[0.9568,-0.0404,-0.2878,0,0.0758,0.9907,0.1129,0,0.2806,-0.1298,0.951,0,0,0.8949,0,1]},
{"frame":53,"values":[0.9568,-0.0406,-0.2878,0,0.0778,0.9898,0.1193,0,0.28,-0.1365,0.9502,0,0,0.8949,0,1]},
{"frame":54,"values":[0.9568,-0.0407,-0.2877,0,0.08,0.9888,0.1262,0,0.2794,-0.1438,0.9494,0,0,0.8949,0,1]},
{"frame":55,"values":[0.9569,-0.0408,-0.2877,0,0.0823,0.9876,0.1335,0,0.2787,-0.1514,0.9484,0,0,0.8949,0,1]},
{"frame":56,"values":[0.9569,-0.041,-0.2876,0,0.0846,0.9864,0.1411,0,0.2779,-0.1594,0.9473,0,0,0.8949,0,1]},
{"frame":57,"values":[0.9569,-0.0411,-0.2876,0,0.087,0.985,0.1488,0,0.2772,-0.1674,0.9461,0,0,0.8949,0,1]},
{"frame":58,"values":[0.9569,-0.0412,-0.2876,0,0.0894,0.9836,0.1565,0,0.2764,-0.1755,0.9449,0,0,0.8949,0,1]},
{"frame":59,"values":[0.9569,-0.0414,-0.2875,0,0.0918,0.9822,0.1641,0,0.2756,-0.1834,0.9436,0,0,0.8949,0,1]},
{"frame":60,"values":[0.9569,-0.0415,-0.2875,0,0.094,0.9807,0.1714,0,0.2748,-0.191,0.9423,0,0,0.8949,0,1]},
{"frame":61,"values":[0.9569,-0.0416,-0.2875,0,0.0961,0.9793,0.1782,0,0.2741,-0.1982,0.9411,0,0,0.8949,0,1]},
{"frame":62,"values":[0.9569,-0.0417,-0.2874,0,0.0981,0.9779,0.1846,0,0.2734,-0.2048,0.9398,0,0,0.8949,0,1]},
{"frame":63,"values":[0.9569,-0.0418,-0.2874,0,0.0999,0.9766,0.1903,0,0.2727,-0.2109,0.9387,0,0,0.8949,0,1]},
{"frame":64,"values":[0.9569,-0.0419,-0.2874,0,0.1014,0.9755,0.1954,0,0.2721,-0.2162,0.9377,0,0,0.8949,0,1]},
{"frame":65,"values":[0.9569,-0.042,-0.2874,0,0.1028,0.9744,0.1998,0,0.2716,-0.2207,0.9368,0,0,0.8949,0,1]},
{"frame":66,"values":[0.9569,-0.0421,-0.2873,0,0.1039,0.9736,0.2034,0,0.2712,-0.2245,0.936,0,0,0.8949,0,1]},
{"frame":67,"values":[0.9569,-0.0421,-0.2873,0,0.1047,0.9729,0.2062,0,0.2709,-0.2274,0.9354,0,0,0.8949,0,1]},
{"frame":68,"values":[0.9569,-0.0422,-0.2873,0,0.1054,0.9724,0.2082,0,0.2706,-0.2295,0.9349,0,0,0.8949,0,1]},
{"frame":69,"values":[0.9569,-0.0422,-0.2873,0,0.1057,0.9721,0.2093,0,0.2705,-0.2307,0.9347,0,0,0.8949,0,1]},
{"frame":70,"values":[0.9569,-0.0422,-0.2873,0,0.1058,0.972,0.2097,0,0.2704,-0.2311,0.9346,0,0,0.8949,0,1]},
{"frame":81,"values":[0.9569,-0.0422,-0.2873,0,0.1058,0.972,0.2097,0,0.2704,-0.2311,0.9346,0,0,0.8949,0,1]},
{"frame":82,"values":[0.9569,-0.0422,-0.2873,0,0.1058,0.9721,0.2095,0,0.2705,-0.2309,0.9346,0,0,0.8949,0,1]},
{"frame":83,"values":[0.9569,-0.0422,-0.2873,0,0.1055,0.9723,0.2088,0,0.2705,-0.2301,0.9348,0,0,0.8949,0,1]},
{"frame":84,"values":[0.9569,-0.0422,-0.2873,0,0.1052,0.9726,0.2075,0,0.2707,-0.2288,0.9351,0,0,0.8949,0,1]},
{"frame":85,"values":[0.9569,-0.0421,-0.2873,0,0.1046,0.973,0.2058,0,0.2709,-0.227,0.9355,0,0,0.8949,0,1]},
{"frame":86,"values":[0.9569,-0.0421,-0.2873,0,0.1039,0.9735,0.2036,0,0.2712,-0.2247,0.9359,0,0,0.8949,0,1]},
{"frame":87,"values":[0.9569,-0.042,-0.2874,0,0.1031,0.9742,0.2008,0,0.2715,-0.2218,0.9365,0,0,0.8949,0,1]},
{"frame":88,"values":[0.9569,-0.042,-0.2874,0,0.1021,0.9749,0.1976,0,0.2719,-0.2185,0.9372,0,0,0.8949,0,1]},
{"frame":89,"values":[0.9569,-0.0419,-0.2874,0,0.101,0.9758,0.194,0,0.2723,-0.2146,0.938,0,0,0.8949,0,1]},
{"frame":90,"values":[0.9569,-0.0418,-0.2874,0,0.0997,0.9767,0.1899,0,0.2728,-0.2103,0.9388,0,0,0.8949,0,1]},
{"frame":91,"values":[0.9569,-0.0418,-0.2874,0,0.0983,0.9777,0.1853,0,0.2733,-0.2056,0.9397,0,0,0.8949,0,1]},
{"frame":92,"values":[0.9569,-0.0417,-0.2874,0,0.0968,0.9788,0.1804,0,0.2738,-0.2005,0.9407,0,0,0.8949,0,1]},
{"frame":93,"values":[0.9569,-0.0416,-0.2875,0,0.0952,0.9799,0.1752,0,0.2744,-0.195,0.9416,0,0,0.8949,0,1]},
{"frame":94,"values":[0.9569,-0.0415,-0.2875,0,0.0935,0.9811,0.1696,0,0.275,-0.1892,0.9426,0,0,0.8949,0,1]},
{"frame":95,"values":[0.9569,-0.0414,-0.2875,0,0.0917,0.9822,0.1639,0,0.2756,-0.1832,0.9437,0,0,0.8949,0,1]},
{"frame":96,"values":[0.9569,-0.0413,-0.2876,0,0.0899,0.9834,0.1579,0,0.2763,-0.177,0.9447,0,0,0.8949,0,1]},
{"frame":97,"values":[0.9569,-0.0411,-0.2876,0,0.088,0.9845,0.1519,0,0.2769,-0.1706,0.9456,0,0,0.8949,0,1]},
{"frame":98,"values":[0.9569,-0.041,-0.2876,0,0.0861,0.9856,0.1458,0,0.2775,-0.1643,0.9466,0,0,0.8949,0,1]},
{"frame":99,"values":[0.9569,-0.0409,-0.2876,0,0.0842,0.9866,0.1397,0,0.2781,-0.1579,0.9475,0,0,0.8949,0,1]},
{"frame":100,"values":[0.9569,-0.0408,-0.2877,0,0.0823,0.9876,0.1338,0,0.2786,-0.1517,0.9483,0,0,0.8949,0,1]},
{"frame":101,"values":[0.9569,-0.0407,-0.2877,0,0.0805,0.9885,0.128,0,0.2792,-0.1456,0.9491,0,0,0.8949,0,1]},
{"frame":102,"values":[0.9568,-0.0406,-0.2877,0,0.0788,0.9894,0.1224,0,0.2797,-0.1398,0.9499,0,0,0.8949,0,1]},
{"frame":103,"values":[0.9568,-0.0405,-0.2878,0,0.0771,0.9901,0.1171,0,0.2802,-0.1342,0.9505,0,0,0.8949,0,1]},
{"frame":104,"values":[0.9568,-0.0404,-0.2878,0,0.0756,0.9908,0.1121,0,0.2806,-0.129,0.9511,0,0,0.8949,0,1]},
{"frame":105,"values":[0.9568,-0.0404,-0.2878,0,0.0742,0.9914,0.1075,0,0.281,-0.1242,0.9516,0,0,0.8949,0,1]},
{"frame":106,"values":[0.9568,-0.0403,-0.2879,0,0.0728,0.992,0.1034,0,0.2814,-0.1199,0.9521,0,0,0.8949,0,1]},
{"frame":107,"values":[0.9568,-0.0402,-0.2879,0,0.0717,0.9924,0.0996,0,0.2817,-0.116,0.9525,0,0,0.8949,0,1]},
{"frame":108,"values":[0.9568,-0.0402,-0.2879,0,0.0707,0.9928,0.0964,0,0.282,-0.1125,0.9528,0,0,0.8949,0,1]},
{"frame":109,"values":[0.9568,-0.0401,-0.2879,0,0.0698,0.9932,0.0936,0,0.2822,-0.1096,0.9531,0,0,0.8949,0,1]},
{"frame":110,"values":[0.9568,-0.0401,-0.2879,0,0.0691,0.9934,0.0913,0,0.2824,-0.1073,0.9533,0,0,0.8949,0,1]},
{"frame":111,"values":[0.9568,-0.04,-0.288,0,0.0685,0.9936,0.0896,0,0.2825,-0.1054,0.9534,0,0,0.8949,0,1]},
{"frame":112,"values":[0.9568,-0.04,-0.2879,0,0.0681,0.9938,0.0883,0,0.2826,-0.1041,0.9536,0,0,0.8949,0,1]},
{"frame":113,"values":[0.9568,-0.04,-0.2879,0,0.0679,0.9938,0.0876,0,0.2826,-0.1033,0.9537,0,0,0.8949,0,1]},
{"frame":114,"values":[0.9568,-0.04,-0.2879,0,0.0678,0.9939,0.0873,0,0.2826,-0.1031,0.9537,0,0,0.8949,0,1]},
{"frame":115,"values":[0.9568,-0.04,-0.2879,0,0.068,0.9938,0.0877,0,0.2826,-0.1035,0.9536,0,0,0.8949,0,1]},
{"frame":116,"values":[0.9568,-0.04,-0.2879,0,0.0683,0.9937,0.0889,0,0.2825,-0.1047,0.9535,0,0,0.8949,0,1]},
{"frame":117,"values":[0.9568,-0.0401,-0.2879,0,0.069,0.9935,0.0909,0,0.2824,-0.1069,0.9533,0,0,0.8949,0,1]},
{"frame":118,"values":[0.9568,-0.0401,-0.2879,0,0.0699,0.9931,0.0938,0,0.2822,-0.1099,0.9531,0,0,0.8949,0,1]},
{"frame":119,"values":[0.9568,-0.0402,-0.2879,0,0.071,0.9927,0.0974,0,0.2819,-0.1137,0.9527,0,0,0.8949,0,1]},
{"frame":120,"values":[0.9568,-0.0403,-0.2879,0,0.0724,0.9922,0.1019,0,0.2815,-0.1183,0.9522,0,0,0.8949,0,1]},
{"frame":121,"values":[0.9568,-0.0403,-0.2878,0,0.074,0.9915,0.107,0,0.2811,-0.1237,0.9517,0,0,0.8949,0,1]},
{"frame":122,"values":[0.9568,-0.0404,-0.2878,0,0.0758,0.9907,0.1129,0,0.2806,-0.1298,0.951,0,0,0.8949,0,1]},
{"frame":123,"values":[0.9568,-0.0406,-0.2878,0,0.0778,0.9898,0.1193,0,0.28,-0.1365,0.9502,0,0,0.8949,0,1]},
{"frame":124,"values":[0.9569,-0.0407,-0.2877,0,0.08,0.9888,0.1262,0,0.2794,-0.1438,0.9494,0,0,0.8949,0,1]},
{"frame":125,"values":[0.9569,-0.0408,-0.2877,0,0.0823,0.9876,0.1335,0,0.2787,-0.1514,0.9484,0,0,0.8949,0,1]},
{"frame":126,"values":[0.9569,-0.041,-0.2876,0,0.0846,0.9864,0.1411,0,0.2779,-0.1594,0.9473,0,0,0.8949,0,1]},
{"frame":127,"values":[0.9569,-0.0411,-0.2876,0,0.087,0.985,0.1488,0,0.2772,-0.1674,0.9461,0,0,0.8949,0,1]},
{"frame":128,"values":[0.9569,-0.0412,-0.2876,0,0.0894,0.9836,0.1565,0,0.2764,-0.1755,0.9449,0,0,0.8949,0,1]},
{"frame":129,"values":[0.9569,-0.0414,-0.2875,0,0.0918,0.9822,0.1641,0,0.2756,-0.1834,0.9436,0,0,0.8949,0,1]},
{"frame":130,"values":[0.9569,-0.0415,-0.2875,0,0.094,0.9807,0.1714,0,0.2748,-0.191,0.9423,0,0,0.8949,0,1]},
{"frame":131,"values":[0.9569,-0.0416,-0.2875,0,0.0961,0.9793,0.1782,0,0.2741,-0.1982,0.9411,0,0,0.8949,0,1]},
{"frame":132,"values":[0.9569,-0.0417,-0.2874,0,0.0981,0.9779,0.1846,0,0.2734,-0.2048,0.9398,0,0,0.8949,0,1]},
{"frame":133,"values":[0.9569,-0.0418,-0.2874,0,0.0999,0.9766,0.1903,0,0.2727,-0.2109,0.9387,0,0,0.8949,0,1]},
{"frame":134,"values":[0.9569,-0.0419,-0.2874,0,0.1014,0.9755,0.1954,0,0.2721,-0.2162,0.9377,0,0,0.8949,0,1]},
{"frame":135,"values":[0.9569,-0.042,-0.2874,0,0.1028,0.9744,0.1998,0,0.2716,-0.2207,0.9368,0,0,0.8949,0,1]},
{"frame":136,"values":[0.9569,-0.0421,-0.2873,0,0.1039,0.9736,0.2034,0,0.2712,-0.2245,0.936,0,0,0.8949,0,1]},
{"frame":137,"values":[0.9569,-0.0421,-0.2873,0,0.1047,0.9729,0.2062,0,0.2709,-0.2274,0.9354,0,0,0.8949,0,1]},
{"frame":138,"values":[0.9569,-0.0422,-0.2873,0,0.1054,0.9724,0.2082,0,0.2706,-0.2295,0.9349,0,0,0.8949,0,1]},
{"frame":139,"values":[0.9569,-0.0422,-0.2873,0,0.1057,0.9721,0.2093,0,0.2705,-0.2307,0.9347,0,0,0.8949,0,1]},
{"frame":140,"values":[0.9569,-0.0422,-0.2873,0,0.1058,0.972,0.2097,0,0.2704,-0.2311,0.9346,0,0,0.8949,0,1]},
{"frame":152,"values":[0.9718,-0.034,-0.2331,0,0.0856,0.9729,0.2149,0,0.2195,-0.2288,0.9484,0,0,0.8949,0,1]},
{"frame":153,"values":[0.9893,-0.0206,-0.1447,0,0.0527,0.9738,0.2211,0,0.1364,-0.2264,0.9645,0,0,0.8949,0,1]},
{"frame":154,"values":[0.9981,0.0105,0.0614,0,-0.0241,0.9743,0.2241,0,-0.0575,-0.2251,0.9726,0,0,0.8949,0,1]},
{"frame":155,"values":[0.9815,0.0298,0.1893,0,-0.0716,0.9733,0.2179,0,-0.1777,-0.2274,0.9574,0,0,0.8949,0,1]},
{"frame":156,"values":[0.9729,0.0358,0.2286,0,-0.0863,0.9729,0.2147,0,-0.2148,-0.2286,0.9495,0,0,0.8949,0,1]},
{"frame":157,"values":[0.9689,0.0382,0.2447,0,-0.0922,0.9726,0.2132,0,-0.2298,-0.2292,0.9459,0,0,0.8949,0,1]},
{"frame":158,"values":[0.9684,0.0385,0.2465,0,-0.0929,0.9726,0.2131,0,-0.2316,-0.2292,0.9454,0,0,0.8949,0,1]},
{"frame":159,"values":[0.977,0.0331,0.2107,0,-0.0796,0.9731,0.2162,0,-0.1979,-0.228,0.9533,0,0,0.8949,0,1]},
{"frame":160,"values":[0.9943,0.0171,0.1048,0,-0.0402,0.9741,0.2227,0,-0.0983,-0.2256,0.9692,0,0,0.8949,0,1]},
{"frame":161,"values":[0.9991,-0.0051,-0.0416,0,0.0143,0.9744,0.2246,0,0.0394,-0.225,0.9736,0,0,0.8949,0,1]},
{"frame":162,"values":[0.9851,-0.0245,-0.17,0,0.0621,0.9736,0.2196,0,0.1602,-0.2269,0.9606,0,0,0.8949,0,1]},
{"frame":163,"values":[0.9698,-0.0353,-0.2414,0,0.0887,0.9728,0.2141,0,0.2273,-0.2291,0.9465,0,0,0.8949,0,1]},
{"frame":164,"values":[0.9612,-0.04,-0.273,0,0.1004,0.9723,0.211,0,0.257,-0.2303,0.9386,0,0,0.8949,0,1]},
{"frame":165,"values":[0.9574,-0.042,-0.2858,0,0.1052,0.9721,0.2097,0,0.2691,-0.2308,0.9351,0,0,0.8949,0,1]},
{"frame":166,"values":[0.9569,-0.0422,-0.2873,0,0.1058,0.9721,0.2095,0,0.2705,-0.2309,0.9346,0,0,0.8949,0,1]},
{"frame":182,"values":[0.9718,-0.034,-0.2331,0,0.0856,0.9729,0.2149,0,0.2195,-0.2288,0.9484,0,0,0.8949,0,1]},
{"frame":183,"values":[0.9893,-0.0206,-0.1447,0,0.0527,0.9738,0.2211,0,0.1364,-0.2264,0.9645,0,0,0.8949,0,1]},
{"frame":184,"values":[0.9981,0.0105,0.0614,0,-0.0241,0.9743,0.2241,0,-0.0575,-0.2251,0.9726,0,0,0.8949,0,1]},
{"frame":185,"values":[0.9815,0.0298,0.1893,0,-0.0716,0.9733,0.2179,0,-0.1777,-0.2274,0.9574,0,0,0.8949,0,1]},
{"frame":186,"values":[0.9729,0.0358,0.2286,0,-0.0863,0.9729,0.2147,0,-0.2148,-0.2286,0.9495,0,0,0.8949,0,1]},
{"frame":187,"values":[0.9689,0.0382,0.2447,0,-0.0922,0.9726,0.2132,0,-0.2298,-0.2292,0.9459,0,0,0.8949,0,1]},
{"frame":188,"values":[0.9684,0.0385,0.2465,0,-0.0929,0.9726,0.2131,0,-0.2316,-0.2292,0.9454,0,0,0.8949,0,1]},
{"frame":189,"values":[0.977,0.0331,0.2107,0,-0.0796,0.9731,0.2162,0,-0.1979,-0.228,0.9533,0,0,0.8949,0,1]},
{"frame":190,"values":[0.9943,0.0171,0.1048,0,-0.0402,0.9741,0.2227,0,-0.0983,-0.2256,0.9692,0,0,0.8949,0,1]},
{"frame":191,"values":[0.9991,-0.0051,-0.0416,0,0.0143,0.9744,0.2246,0,0.0394,-0.225,0.9736,0,0,0.8949,0,1]},
{"frame":192,"values":[0.9851,-0.0245,-0.17,0,0.0621,0.9736,0.2196,0,0.1602,-0.2269,0.9606,0,0,0.8949,0,1]},
{"frame":193,"values":[0.9698,-0.0353,-0.2414,0,0.0887,0.9728,0.2141,0,0.2273,-0.2291,0.9465,0,0,0.8949,0,1]},
{"frame":194,"values":[0.9612,-0.04,-0.273,0,0.1004,0.9723,0.211,0,0.257,-0.2303,0.9386,0,0,0.8949,0,1]},
{"frame":195,"values":[0.9574,-0.042,-0.2858,0,0.1052,0.9721,0.2097,0,0.2691,-0.2308,0.9351,0,0,0.8949,0,1]},
{"frame":196,"values":[0.9569,-0.0422,-0.2873,0,0.1058,0.9721,0.2095,0,0.2705,-0.2309,0.9346,0,0,0.8949,0,1]}],"loopBehavior":1,"name":"anim","property":"_matrix"}},
{"name":"head","index":3,"matrix":[1,0,0,0,0,0.9997,-0.0227,0,0,0.0227,0.9997,0,0,0.2089,0,1],"rest":[1,0,0,0,0,0.9997,-0.0227,0,0,0.0227,0.9997,0,0,0.2089,0,1],"parentBoneIndex":2,"length":0.6449
,"animation":{"dataType":3,"framePerSecond":24,"keys":[
{"frame":1,"values":[1,0,0,0,0,0.9997,-0.0227,0,0,0.0227,0.9997,0,0,0.2089,0,1]},
{"frame":2,"values":[1,0,0,0,0,0.9997,-0.0227,0,0,0.0227,0.9997,0,0,0.2089,0,1]},
{"frame":11,"values":[1,0,0,0,0,0.9997,-0.0227,0,0,0.0227,0.9997,0,0,0.2089,0,1]},
{"frame":70,"values":[1,0,0,0,0,0.9997,-0.0227,0,0,0.0227,0.9997,0,0,0.2089,0,1]},
{"frame":81,"values":[1,0,0,0,0,0.9997,-0.0227,0,0,0.0227,0.9997,0,0,0.2089,0,1]},
{"frame":140,"values":[1,0,0,0,0,0.9997,-0.0227,0,0,0.0227,0.9997,0,0,0.2089,0,1]},
{"frame":152,"values":[1,0,0,0,0,0.9997,-0.0227,0,0,0.0227,0.9997,0,0,0.2089,0,1]},
{"frame":166,"values":[1,0,0,0,0,0.9997,-0.0227,0,0,0.0227,0.9997,0,0,0.2089,0,1]},
{"frame":182,"values":[1,0,0,0,0,0.9997,-0.0227,0,0,0.0227,0.9997,0,0,0.2089,0,1]},
{"frame":196,"values":[1,0,0,0,0,0.9997,-0.0227,0,0,0.0227,0.9997,0,0,0.2089,0,1]}],"loopBehavior":1,"name":"anim","property":"_matrix"}},
