{"producer":{"name":"Blender","version":"2.77 (sub 0)","exporter_version":"4.6.1","file":"new_armature_walk.babylon"},
"autoClear":true,"clearColor":[0.0509,0.0509,0.0509],"ambientColor":[0,0,0],"gravity":[0,-9.81,0],
"materials":[{"name":"new_armature_walk.Material_Untitled","id":"new_armature_walk.Material_Untitled","ambient":[0.64,0.64,0.64],"diffuse":[0.64,0.64,0.64],"specular":[0,0,0],"emissive":[0,0,0],"specularPower":49,"alpha":1,"backFaceCulling":true,"checkReadyOnlyOnce":false, 
"diffuseTexture":{"name":"texturabarbarian.png","level":1,"hasAlpha":1,"coordinatesMode":0,"uOffset":0,"vOffset":0,"uScale":1,"vScale":1,"uAng":0,"vAng":0,"wAng":0,"wrapU":1,"wrapV":1,"coordinatesIndex":0}},
{"name":"new_armature_walk.Material","id":"new_armature_walk.Material","ambient":[0.64,0.64,0.64],"diffuse":[0.64,0.64,0.64],"specular":[0,0,0],"emissive":[0,0,0],"specularPower":49,"alpha":1,"backFaceCulling":true,"checkReadyOnlyOnce":false}],
"multiMaterials":[],
"skeletons":[{"name":"Armature","id":0,"dimensionsAtRest":[0.2296,0.7335,0.0817],"bones":[
{"name":"stomak","index":0,"matrix":[1,0,0,0,0,0.9994,-0.0348,0,0,-0.0348,-0.9994,0,0,0.2527,0.1023,1],"rest":[1,0,0,0,0,0.9994,-0.0348,0,0,-0.0348,-0.9994,0,0,0.2527,0.1023,1],"parentBoneIndex":-1,"length":0.0777
,"animation":{"dataType":3,"framePerSecond":24,"keys":[
{"frame":1,"values":[1,0,0,0,0,0.9994,-0.0348,0,0,-0.0348,-0.9994,0,0,0.2527,0.1023,1]},
{"frame":2,"values":[1,0,0,0,0,0.9994,-0.036,0,0,-0.036,-0.9994,0,0,0.2527,0.1023,1]},
{"frame":3,"values":[1,0,0,0,0,0.9992,-0.0401,0,0,-0.0401,-0.9992,0,0,0.2527,0.1025,1]},
{"frame":4,"values":[1,0,0,0,0,0.9989,-0.047,0,0,-0.047,-0.9989,0,0,0.2528,0.1028,1]},
{"frame":5,"values":[1,0,0,0,0,0.9984,-0.0564,0,0,-0.0564,-0.9984,0,0,0.2528,0.1031,1]},
{"frame":6,"values":[1,0,0,0,0,0.9977,-0.0677,0,0,-0.0677,-0.9977,0,0,0.2529,0.1036,1]},
{"frame":7,"values":[1,0,0,0,0,0.9968,-0.0799,0,0,-0.0799,-0.9968,0,0,0.253,0.1041,1]},
{"frame":8,"values":[1,0,0,0,0,0.9958,-0.0918,0,0,-0.0918,-0.9958,0,0,0.2531,0.1046,1]},
{"frame":9,"values":[1,0,0,0,0,0.9947,-0.1029,0,0,-0.1029,-0.9947,0,0,0.2532,0.105,1]},
{"frame":10,"values":[1,0,0,0,0,0.9936,-0.1126,0,0,-0.1126,-0.9936,0,0,0.2532,0.1054,1]},
{"frame":11,"values":[1,0,0,0,0,0.9925,-0.1223,0,0,-0.1223,-0.9925,0,0,0.2533,0.1058,1]},
{"frame":12,"values":[1,0,0,0,0,0.991,-0.1336,0,0,-0.1336,-0.991,0,0,0.2534,0.1062,1]},
{"frame":13,"values":[1,0,0,0,0,0.9893,-0.1459,0,0,-0.1459,-0.9893,0,0,0.2535,0.1067,1]},
{"frame":14,"values":[1,0,0,0,0,0.9873,-0.1589,0,0,-0.1589,-0.9873,0,0,0.2536,0.1072,1]},
{"frame":15,"values":[1,0,0,0,0,0.9852,-0.1715,0,0,-0.1715,-0.9852,0,0,0.2537,0.1077,1]},
{"frame":16,"values":[1,0,0,0,0,0.9831,-0.1829,0,0,-0.1829,-0.9831,0,0,0.2537,0.1082,1]},
{"frame":17,"values":[1,0,0,0,0,0.9814,-0.1922,0,0,-0.1922,-0.9814,0,0,0.2538,0.1086,1]},
{"frame":18,"values":[1,0,0,0,0,0.98,-0.1989,0,0,-0.1989,-0.98,0,0,0.2538,0.1089,1]},
{"frame":19,"values":[1,0,0,0,0,0.9792,-0.2029,0,0,-0.2029,-0.9792,0,0,0.2539,0.109,1]},
{"frame":20,"values":[1,0,0,0,0,0.9789,-0.2042,0,0,-0.2042,-0.9789,0,0,0.2539,0.1091,1]},
{"frame":21,"values":[1,0,0,0,0,0.9797,-0.2005,0,0,-0.2005,-0.9797,0,0,0.2539,0.1089,1]},
{"frame":22,"values":[1,0,0,0,0,0.9819,-0.1893,0,0,-0.1893,-0.9819,0,0,0.2538,0.1085,1]},
{"frame":23,"values":[1,0,0,0,0,0.9853,-0.1711,0,0,-0.1711,-0.9853,0,0,0.2536,0.1077,1]},
{"frame":24,"values":[1,0,0,0,0,0.9891,-0.1471,0,0,-0.1471,-0.9891,0,0,0.2535,0.1068,1]},
{"frame":25,"values":[1,0,0,0,0,0.9928,-0.1199,0,0,-0.1199,-0.9928,0,0,0.2533,0.1057,1]},
{"frame":26,"values":[1,0,0,0,0,0.9957,-0.0926,0,0,-0.0926,-0.9957,0,0,0.2531,0.1046,1]},
{"frame":27,"values":[1,0,0,0,0,0.9977,-0.0684,0,0,-0.0684,-0.9977,0,0,0.2529,0.1036,1]},
{"frame":28,"values":[1,0,0,0,0,0.9988,-0.0499,0,0,-0.0499,-0.9988,0,0,0.2528,0.1029,1]},
{"frame":29,"values":[1,0,0,0,0,0.9993,-0.0385,0,0,-0.0385,-0.9993,0,0,0.2527,0.1024,1]},
{"frame":30,"values":[1,0,0,0,0,0.9994,-0.0348,0,0,-0.0348,-0.9994,0,0,0.2527,0.1023,1]},
{"frame":31,"values":[1,0,0,0,0,0.9994,-0.0358,0,0,-0.0358,-0.9994,0,0,0.2527,0.1023,1]},
{"frame":32,"values":[1,0,0,0,0,0.9992,-0.0389,0,0,-0.0389,-0.9992,0,0,0.2527,0.1024,1]},
{"frame":33,"values":[1,0,0,0,0,0.999,-0.0444,0,0,-0.0444,-0.999,0,0,0.2527,0.1027,1]},
{"frame":34,"values":[1,0,0,0,0,0.9987,-0.0519,0,0,-0.0519,-0.9987,0,0,0.2528,0.103,1]},
{"frame":35,"values":[1,0,0,0,0,0.9981,-0.0613,0,0,-0.0613,-0.9981,0,0,0.2529,0.1033,1]},
{"frame":36,"values":[1,0,0,0,0,0.9974,-0.0718,0,0,-0.0718,-0.9974,0,0,0.2529,0.1038,1]},
{"frame":37,"values":[1,0,0,0,0,0.9966,-0.0828,0,0,-0.0828,-0.9966,0,0,0.253,0.1042,1]},
{"frame":38,"values":[1,0,0,0,0,0.9956,-0.0935,0,0,-0.0935,-0.9956,0,0,0.2531,0.1046,1]},
{"frame":39,"values":[1,0,0,0,0,0.9946,-0.1035,0,0,-0.1035,-0.9946,0,0,0.2532,0.105,1]},
{"frame":40,"values":[1,0,0,0,0,0.9936,-0.1126,0,0,-0.1126,-0.9936,0,0,0.2532,0.1054,1]},
{"frame":41,"values":[1,0,0,0,0,0.9925,-0.1219,0,0,-0.1219,-0.9925,0,0,0.2533,0.1058,1]},
{"frame":42,"values":[1,0,0,0,0,0.9911,-0.1329,0,0,-0.1329,-0.9911,0,0,0.2534,0.1062,1]},
{"frame":43,"values":[1,0,0,0,0,0.9894,-0.1452,0,0,-0.1452,-0.9894,0,0,0.2535,0.1067,1]},
{"frame":44,"values":[1,0,0,0,0,0.9874,-0.1581,0,0,-0.1581,-0.9874,0,0,0.2536,0.1072,1]},
{"frame":45,"values":[1,0,0,0,0,0.9853,-0.1709,0,0,-0.1709,-0.9853,0,0,0.2536,0.1077,1]},
{"frame":46,"values":[1,0,0,0,0,0.9832,-0.1824,0,0,-0.1824,-0.9832,0,0,0.2537,0.1082,1]},
{"frame":47,"values":[1,0,0,0,0,0.9814,-0.1919,0,0,-0.1919,-0.9814,0,0,0.2538,0.1086,1]},
{"frame":48,"values":[1,0,0,0,0,0.98,-0.1988,0,0,-0.1988,-0.98,0,0,0.2538,0.1089,1]},
{"frame":49,"values":[1,0,0,0,0,0.9792,-0.2029,0,0,-0.2029,-0.9792,0,0,0.2539,0.109,1]},
{"frame":50,"values":[1,0,0,0,0,0.9789,-0.2042,0,0,-0.2042,-0.9789,0,0,0.2539,0.1091,1]},
{"frame":51,"values":[1,0,0,0,0,0.9797,-0.2005,0,0,-0.2005,-0.9797,0,0,0.2539,0.1089,1]},
{"frame":52,"values":[1,0,0,0,0,0.9819,-0.1893,0,0,-0.1893,-0.9819,0,0,0.2538,0.1085,1]},
{"frame":53,"values":[1,0,0,0,0,0.9853,-0.1711,0,0,-0.1711,-0.9853,0,0,0.2536,0.1077,1]},
{"frame":54,"values":[1,0,0,0,0,0.9891,-0.1471,0,0,-0.1471,-0.9891,0,0,0.2535,0.1068,1]},
{"frame":55,"values":[1,0,0,0,0,0.9928,-0.1199,0,0,-0.1199,-0.9928,0,0,0.2533,0.1057,1]},
{"frame":56,"values":[1,0,0,0,0,0.9957,-0.0926,0,0,-0.0926,-0.9957,0,0,0.2531,0.1046,1]},
{"frame":57,"values":[1,0,0,0,0,0.9977,-0.0684,0,0,-0.0684,-0.9977,0,0,0.2529,0.1036,1]},
{"frame":58,"values":[1,0,0,0,0,0.9988,-0.0499,0,0,-0.0499,-0.9988,0,0,0.2528,0.1029,1]},
{"frame":59,"values":[1,0,0,0,0,0.9993,-0.0385,0,0,-0.0385,-0.9993,0,0,0.2527,0.1024,1]},
{"frame":60,"values":[1,0,0,0,0,0.9994,-0.0348,0,0,-0.0348,-0.9994,0,0,0.2527,0.1023,1]}],"loopBehavior":1,"name":"anim","property":"_matrix"}},
{"name":"chest","index":1,"matrix":[1,0,0,0,0,0.9999,0.0128,0,0,-0.0128,0.9999,0,0,0.0777,0,1],"rest":[1,0,0,0,0,0.9999,0.0128,0,0,-0.0128,0.9999,0,0,0.0777,0,1],"parentBoneIndex":0,"length":0.1027
,"animation":{"dataType":3,"framePerSecond":24,"keys":[
{"frame":1,"values":[1,0,0,0,0,0.9999,0.0128,0,0,-0.0128,0.9999,0,0,0.0777,0,1]},
{"frame":60,"values":[1,0,0,0,0,0.9999,0.0128,0,0,-0.0128,0.9999,0,0,0.0777,0,1]}],"loopBehavior":1,"name":"anim","property":"_matrix"}},
{"name":"neck","index":2,"matrix":[1,0,0,0,0,0.9897,-0.1434,0,0,0.1434,0.9897,0,0,0.1027,0,1],"rest":[1,0,0,0,0,0.9897,-0.1434,0,0,0.1434,0.9897,0,0,0.1027,0,1],"parentBoneIndex":1,"length":0.0507
,"animation":{"dataType":3,"framePerSecond":24,"keys":[
{"frame":1,"values":[1,0,0,0,0,0.9897,-0.1434,0,0,0.1434,0.9897,0,0,0.1027,0,1]},
{"frame":60,"values":[1,0,0,0,0,0.9897,-0.1434,0,0,0.1434,0.9897,0,0,0.1027,0,1]}],"loopBehavior":1,"name":"anim","property":"_matrix"}},
{"name":"head","index":3,"matrix":[1,0,0,0,0,0.9983,0.0587,0,0,-0.0587,0.9983,0,0,0.0507,0,1],"rest":[1,0,0,0,0,0.9983,0.0587,0,0,-0.0587,0.9983,0,0,0.0507,0,1],"parentBoneIndex":2,"length":0.2591
,"animation":{"dataType":3,"framePerSecond":24,"keys":[
{"frame":1,"values":[1,0,0,0,0,0.9983,0.0587,0,0,-0.0587,0.9983,0,0,0.0507,0,1]},
{"frame":2,"values":[1,0,0,0,0,0.9983,0.0577,0,0,-0.0577,0.9983,0,0,0.0507,0,1]},
{"frame":3,"values":[1,0,0,0,0,0.9985,0.0544,0,0,-0.0544,0.9985,0,0,0.0507,0,1]},
{"frame":4,"values":[1,0,0,0,0,0.9988,0.0497,0,0,-0.0497,0.9988,0,0,0.0507,0,1]},
{"frame":5,"values":[1,0,0,0,0,0.9991,0.0428,0,0,-0.0428,0.9991,0,0,0.0507,0,1]},
{"frame":6,"values":[1,0,0,0,0,0.9994,0.0345,0,0,-0.0345,0.9994,0,0,0.0507,0,1]},
{"frame":7,"values":[1,0,0,0,0,0.9997,0.0256,0,0,-0.0256,0.9997,0,0,0.0507,0,1]},
{"frame":8,"values":[1,0,0,0,0,0.9999,0.0168,0,0,-0.0168,0.9999,0,0,0.0507,0,1]},
{"frame":9,"values":[1,0,0,0,0,1,0.0087,0,0,-0.0087,1,0,0,0.0507,0,1]},
{"frame":10,"values":[1,0,0,0,0,1,0.0015,0,0,-0.0015,1,0,0,0.0507,0,1]},
{"frame":11,"values":[1,0,0,0,0,1,-0.0056,0,0,0.0056,1,0,0,0.0507,0,1]},
{"frame":12,"values":[1,0,0,0,0,0.9999,-0.0139,0,0,0.0139,0.9999,0,0,0.0507,0,1]},
{"frame":13,"values":[1,0,0,0,0,0.9997,-0.0231,0,0,0.0231,0.9997,0,0,0.0507,0,1]},
{"frame":14,"values":[1,0,0,0,0,0.9995,-0.0327,0,0,0.0327,0.9995,0,0,0.0507,0,1]},
{"frame":15,"values":[1,0,0,0,0,0.9991,-0.0421,0,0,0.0421,0.9991,0,0,0.0507,0,1]},
{"frame":16,"values":[1,0,0,0,0,0.9987,-0.0505,0,0,0.0505,0.9987,0,0,0.0507,0,1]},
{"frame":17,"values":[1,0,0,0,0,0.9983,-0.0574,0,0,0.0574,0.9983,0,0,0.0507,0,1]},
{"frame":18,"values":[1,0,0,0,0,0.998,-0.0624,0,0,0.0624,0.998,0,0,0.0507,0,1]},
{"frame":19,"values":[1,0,0,0,0,0.9979,-0.0654,0,0,0.0654,0.9979,0,0,0.0507,0,1]},
{"frame":20,"values":[1,0,0,0,0,0.9978,-0.0664,0,0,0.0664,0.9978,0,0,0.0507,0,1]},
{"frame":21,"values":[1,0,0,0,0,0.998,-0.0636,0,0,0.0636,0.998,0,0,0.0507,0,1]},
{"frame":22,"values":[1,0,0,0,0,0.9985,-0.0553,0,0,0.0553,0.9985,0,0,0.0507,0,1]},
{"frame":23,"values":[1,0,0,0,0,0.9991,-0.0417,0,0,0.0417,0.9991,0,0,0.0507,0,1]},
{"frame":24,"values":[1,0,0,0,0,0.9997,-0.024,0,0,0.024,0.9997,0,0,0.0507,0,1]},
{"frame":25,"values":[1,0,0,0,0,1,-0.0039,0,0,0.0039,1,0,0,0.0507,0,1]},
{"frame":26,"values":[1,0,0,0,0,0.9999,0.0163,0,0,-0.0163,0.9999,0,0,0.0507,0,1]},
{"frame":27,"values":[1,0,0,0,0,0.9994,0.034,0,0,-0.034,0.9994,0,0,0.0507,0,1]},
{"frame":28,"values":[1,0,0,0,0,0.9989,0.0476,0,0,-0.0476,0.9989,0,0,0.0507,0,1]},
{"frame":29,"values":[1,0,0,0,0,0.9984,0.0559,0,0,-0.0559,0.9984,0,0,0.0507,0,1]},
{"frame":30,"values":[1,0,0,0,0,0.9983,0.0587,0,0,-0.0587,0.9983,0,0,0.0507,0,1]},
{"frame":31,"values":[1,0,0,0,0,0.9983,0.0579,0,0,-0.0579,0.9983,0,0,0.0507,0,1]},
{"frame":32,"values":[1,0,0,0,0,0.9985,0.0556,0,0,-0.0556,0.9985,0,0,0.0507,0,1]},
{"frame":33,"values":[1,0,0,0,0,0.9987,0.0516,0,0,-0.0516,0.9987,0,0,0.0507,0,1]},
{"frame":34,"values":[1,0,0,0,0,0.9989,0.0461,0,0,-0.0461,0.9989,0,0,0.0507,0,1]},
{"frame":35,"values":[1,0,0,0,0,0.9992,0.0393,0,0,-0.0393,0.9992,0,0,0.0507,0,1]},
{"frame":36,"values":[1,0,0,0,0,0.9995,0.0315,0,0,-0.0315,0.9995,0,0,0.0507,0,1]},
{"frame":37,"values":[1,0,0,0,0,0.9997,0.0235,0,0,-0.0235,0.9997,0,0,0.0507,0,1]},
{"frame":38,"values":[1,0,0,0,0,0.9999,0.0156,0,0,-0.0156,0.9999,0,0,0.0507,0,1]},
{"frame":39,"values":[1,0,0,0,0,1,0.0082,0,0,-0.0082,1,0,0,0.0507,0,1]},
{"frame":40,"values":[1,0,0,0,0,1,0.0015,0,0,-0.0015,1,0,0,0.0507,0,1]},
{"frame":41,"values":[1,0,0,0,0,1,-0.0054,0,0,0.0054,1,0,0,0.0507,0,1]},
{"frame":42,"values":[1,0,0,0,0,0.9999,-0.0135,0,0,0.0135,0.9999,0,0,0.0507,0,1]},
{"frame":43,"values":[1,0,0,0,0,0.9997,-0.0225,0,0,0.0225,0.9997,0,0,0.0507,0,1]},
{"frame":44,"values":[1,0,0,0,0,0.9995,-0.0321,0,0,0.0321,0.9995,0,0,0.0507,0,1]},
{"frame":45,"values":[1,0,0,0,0,0.9991,-0.0416,0,0,0.0416,0.9991,0,0,0.0507,0,1]},
{"frame":46,"values":[1,0,0,0,0,0.9987,-0.0502,0,0,0.0502,0.9987,0,0,0.0507,0,1]},
{"frame":47,"values":[1,0,0,0,0,0.9984,-0.0572,0,0,0.0572,0.9984,0,0,0.0507,0,1]},
{"frame":48,"values":[1,0,0,0,0,0.9981,-0.0623,0,0,0.0623,0.9981,0,0,0.0507,0,1]},
{"frame":49,"values":[1,0,0,0,0,0.9979,-0.0654,0,0,0.0654,0.9979,0,0,0.0507,0,1]},
{"frame":50,"values":[1,0,0,0,0,0.9978,-0.0664,0,0,0.0664,0.9978,0,0,0.0507,0,1]},
{"frame":51,"values":[1,0,0,0,0,0.998,-0.0636,0,0,0.0636,0.998,0,0,0.0507,0,1]},
{"frame":52,"values":[1,0,0,0,0,0.9985,-0.0553,0,0,0.0553,0.9985,0,0,0.0507,0,1]},
{"frame":53,"values":[1,0,0,0,0,0.9991,-0.0417,0,0,0.0417,0.9991,0,0,0.0507,0,1]},
{"frame":54,"values":[1,0,0,0,0,0.9997,-0.024,0,0,0.024,0.9997,0,0,0.0507,0,1]},
{"frame":55,"values":[1,0,0,0,0,1,-0.0039,0,0,0.0039,1,0,0,0.0507,0,1]},
{"frame":56,"values":[1,0,0,0,0,0.9999,0.0163,0,0,-0.0163,0.9999,0,0,0.0507,0,1]},
{"frame":57,"values":[1,0,0,0,0,0.9994,0.034,0,0,-0.034,0.9994,0,0,0.0507,0,1]},
{"frame":58,"values":[1,0,0,0,0,0.9989,0.0476,0,0,-0.0476,0.9989,0,0,0.0507,0,1]},
{"frame":59,"values":[1,0,0,0,0,0.9984,0.0559,0,0,-0.0559,0.9984,0,0,0.0507,0,1]},
{"frame":60,"values":[1,0,0,0,0,0.9983,0.0587,0,0,-0.0587,0.9983,0,0,0.0507,0,1]}],"loopBehavior":1,"name":"anim","property":"_matrix"}},
{"name":"chest.L","index":4,"matrix":[0.1797,-0.9837,0,0,0.9837,0.1797,0,0,0,0,-1,0,0.016,0.4144,0.1093,1],"rest":[0.1797,-0.9837,0,0,0.9837,0.1797,0,0,0,0,-1,0,0.016,0.4144,0.1093,1],"parentBoneIndex":-1,"length":0.0767
,"animation":{"dataType":3,"framePerSecond":24,"keys":[
{"frame":1,"values":[0.1797,-0.9837,0,0,0.9837,0.1797,0,0,0,0,-1,0,0.016,0.4144,0.1093,1]},
{"frame":2,"values":[0.1796,-0.9837,0.0009,0,0.9837,0.1796,0.0005,0,0.0006,-0.0008,-1,0,0.016,0.4144,0.1093,1]},
{"frame":3,"values":[0.1795,-0.9837,0.0037,0,0.9838,0.1795,0.002,0,0.0027,-0.0033,-1,0,0.016,0.4145,0.109,1]},
{"frame":4,"values":[0.1793,-0.9838,0.0084,0,0.9838,0.1793,0.0043,0,0.0058,-0.0075,-1,0,0.016,0.4145,0.1086,1]},
{"frame":5,"values":[0.179,-0.9837,0.0149,0,0.9838,0.1792,0.0077,0,0.0102,-0.0133,-0.9999,0,0.016,0.4146,0.1081,1]},
{"frame":6,"values":[0.1787,-0.9836,0.0226,0,0.9838,0.179,0.0117,0,0.0156,-0.0202,-0.9997,0,0.016,0.4146,0.1074,1]},
{"frame":7,"values":[0.1782,-0.9835,0.031,0,0.9838,0.1788,0.016,0,0.0213,-0.0276,-0.9994,0,0.016,0.4147,0.1067,1]},
{"frame":8,"values":[0.1778,-0.9833,0.0392,0,0.9837,0.1786,0.0203,0,0.027,-0.0349,-0.999,0,0.016,0.4148,0.106,1]},
{"frame":9,"values":[0.1773,-0.9831,0.0468,0,0.9836,0.1785,0.0242,0,0.0322,-0.0417,-0.9986,0,0.016,0.4149,0.1053,1]},
{"frame":10,"values":[0.1768,-0.9828,0.0534,0,0.9836,0.1784,0.0277,0,0.0368,-0.0477,-0.9982,0,0.016,0.4149,0.1047,1]},
{"frame":11,"values":[0.1763,-0.9825,0.0601,0,0.9835,0.1784,0.0312,0,0.0414,-0.0536,-0.9977,0,0.016,0.415,0.1041,1]},
{"frame":12,"values":[0.1757,-0.9821,0.0679,0,0.9833,0.1783,0.0352,0,0.0467,-0.0605,-0.9971,0,0.016,0.4151,0.1035,1]},
{"frame":13,"values":[0.1749,-0.9816,0.0764,0,0.9832,0.1783,0.0397,0,0.0525,-0.0682,-0.9963,0,0.016,0.4151,0.1027,1]},
{"frame":14,"values":[0.1741,-0.981,0.0853,0,0.983,0.1783,0.0443,0,0.0587,-0.0762,-0.9954,0,0.016,0.4152,0.102,1]},
{"frame":15,"values":[0.1733,-0.9804,0.094,0,0.9827,0.1784,0.0488,0,0.0647,-0.084,-0.9944,0,0.016,0.4153,0.1012,1]},
{"frame":16,"values":[0.1725,-0.9797,0.1019,0,0.9825,0.1785,0.0529,0,0.0701,-0.091,-0.9934,0,0.016,0.4154,0.1005,1]},
{"frame":17,"values":[0.1718,-0.9792,0.1083,0,0.9823,0.1785,0.0563,0,0.0745,-0.0968,-0.9925,0,0.016,0.4154,0.1,1]},
{"frame":18,"values":[0.1712,-0.9787,0.113,0,0.9822,0.1786,0.0587,0,0.0777,-0.1009,-0.9919,0,0.016,0.4155,0.0996,1]},
{"frame":19,"values":[0.1709,-0.9785,0.1157,0,0.9821,0.1787,0.0602,0,0.0796,-0.1034,-0.9915,0,0.016,0.4155,0.0993,1]},
{"frame":20,"values":[0.1708,-0.9784,0.1166,0,0.982,0.1787,0.0606,0,0.0802,-0.1042,-0.9913,0,0.016,0.4155,0.0992,1]},
{"frame":21,"values":[0.1711,-0.9786,0.114,0,0.9821,0.1786,0.0599,0,0.079,-0.1018,-0.9917,0,0.016,0.4155,0.0995,1]},
{"frame":22,"values":[0.1717,-0.9794,0.1063,0,0.9823,0.1785,0.0576,0,0.0754,-0.0945,-0.9927,0,0.016,0.4154,0.1001,1]},
{"frame":23,"values":[0.1728,-0.9805,0.0937,0,0.9825,0.1783,0.0537,0,0.0694,-0.0828,-0.9942,0,0.016,0.4153,0.1012,1]},
{"frame":24,"values":[0.1741,-0.9817,0.0772,0,0.9828,0.1781,0.0481,0,0.061,-0.0675,-0.9959,0,0.016,0.4151,0.1027,1]},
{"frame":25,"values":[0.1755,-0.9827,0.0584,0,0.9832,0.178,0.0412,0,0.0508,-0.0502,-0.9974,0,0.016,0.415,0.1043,1]},
{"frame":26,"values":[0.1768,-0.9835,0.0397,0,0.9835,0.1781,0.0331,0,0.0396,-0.0331,-0.9987,0,0.016,0.4148,0.1059,1]},
{"frame":27,"values":[0.1778,-0.9838,0.0231,0,0.9837,0.1784,0.0246,0,0.0283,-0.0183,-0.9994,0,0.016,0.4146,0.1073,1]},
{"frame":28,"values":[0.1786,-0.9839,0.0104,0,0.9838,0.1788,0.016,0,0.0176,-0.0074,-0.9998,0,0.016,0.4145,0.1084,1]},
{"frame":29,"values":[0.1792,-0.9838,0.0026,0,0.9838,0.1792,0.0077,0,0.0081,-0.0012,-1,0,0.016,0.4145,0.1091,1]},
{"frame":30,"values":[0.1797,-0.9837,0,0,0.9837,0.1797,0,0,0,0,-1,0,0.016,0.4144,0.1093,1]},
{"frame":31,"values":[0.1801,-0.9837,0.0004,0,0.9836,0.1801,-0.0075,0,-0.0073,-0.0018,-1,0,0.016,0.4144,0.1093,1]},
{"frame":32,"values":[0.1805,-0.9836,0.0017,0,0.9835,0.1804,-0.0153,0,-0.0147,-0.0045,-0.9999,0,0.016,0.4145,0.1091,1]},
{"frame":33,"values":[0.1809,-0.9835,0.004,0,0.9832,0.1808,-0.0234,0,-0.0223,-0.0081,-0.9997,0,0.016,0.4145,0.1088,1]},
{"frame":34,"values":[0.1814,-0.9834,0.0071,0,0.983,0.1811,-0.0318,0,-0.03,-0.0127,-0.9995,0,0.016,0.4145,0.1083,1]},
{"frame":35,"values":[0.1819,-0.9833,0.011,0,0.9826,0.1813,-0.0405,0,-0.0379,-0.0181,-0.9991,0,0.016,0.4146,0.1078,1]},
{"frame":36,"values":[0.1824,-0.9831,0.0153,0,0.9821,0.1815,-0.0496,0,-0.0459,-0.0241,-0.9987,0,0.016,0.4147,0.1071,1]},
{"frame":37,"values":[0.183,-0.9829,0.0198,0,0.9816,0.1816,-0.0588,0,-0.0542,-0.0303,-0.9981,0,0.016,0.4147,0.1065,1]},
{"frame":38,"values":[0.1837,-0.9827,0.0243,0,0.981,0.1817,-0.0683,0,-0.0627,-0.0364,-0.9974,0,0.016,0.4148,0.1059,1]},
{"frame":39,"values":[0.1844,-0.9824,0.0284,0,0.9803,0.1817,-0.0778,0,-0.0712,-0.0422,-0.9966,0,0.016,0.4149,0.1053,1]},
{"frame":40,"values":[0.1851,-0.9822,0.0322,0,0.9795,0.1817,-0.0873,0,-0.0799,-0.0477,-0.9957,0,0.016,0.4149,0.1047,1]},
{"frame":41,"values":[0.1859,-0.9819,0.036,0,0.9785,0.1817,-0.0978,0,-0.0895,-0.0534,-0.9946,0,0.016,0.415,0.1042,1]},
{"frame":42,"values":[0.1869,-0.9815,0.0405,0,0.9772,0.1815,-0.1102,0,-0.1008,-0.0602,-0.9931,0,0.016,0.415,0.1035,1]},
{"frame":43,"values":[0.1881,-0.9811,0.0455,0,0.9756,0.1813,-0.124,0,-0.1134,-0.0677,-0.9912,0,0.016,0.4151,0.1028,1]},
{"frame":44,"values":[0.1895,-0.9806,0.0508,0,0.9737,0.1809,-0.1385,0,-0.1266,-0.0757,-0.9891,0,0.016,0.4152,0.102,1]},
{"frame":45,"values":[0.1908,-0.98,0.056,0,0.9716,0.1805,-0.1528,0,-0.1397,-0.0836,-0.9867,0,0.016,0.4153,0.1012,1]},
{"frame":46,"values":[0.1922,-0.9795,0.0607,0,0.9696,0.1799,-0.1658,0,-0.1515,-0.0907,-0.9843,0,0.016,0.4154,0.1006,1]},
{"frame":47,"values":[0.1933,-0.979,0.0645,0,0.9678,0.1794,-0.1765,0,-0.1612,-0.0966,-0.9822,0,0.016,0.4154,0.1,1]},
{"frame":48,"values":[0.1941,-0.9787,0.0673,0,0.9664,0.179,-0.1842,0,-0.1682,-0.1008,-0.9806,0,0.016,0.4155,0.0996,1]},
{"frame":49,"values":[0.1946,-0.9784,0.069,0,0.9656,0.1788,-0.1888,0,-0.1724,-0.1034,-0.9796,0,0.016,0.4155,0.0993,1]},
{"frame":50,"values":[0.1948,-0.9784,0.0695,0,0.9653,0.1787,-0.1902,0,-0.1737,-0.1042,-0.9793,0,0.016,0.4155,0.0992,1]},
{"frame":51,"values":[0.1943,-0.9786,0.068,0,0.9661,0.1789,-0.1861,0,-0.1699,-0.1019,-0.9802,0,0.016,0.4155,0.0995,1]},
{"frame":52,"values":[0.193,-0.9791,0.0635,0,0.9683,0.1796,-0.1735,0,-0.1585,-0.095,-0.9828,0,0.016,0.4154,0.1001,1]},
{"frame":53,"values":[0.1909,-0.98,0.0561,0,0.9716,0.1805,-0.1531,0,-0.1399,-0.0837,-0.9866,0,0.016,0.4153,0.1012,1]},
{"frame":54,"values":[0.1883,-0.981,0.0463,0,0.9753,0.1813,-0.1262,0,-0.1154,-0.0689,-0.9909,0,0.016,0.4151,0.1027,1]},
{"frame":55,"values":[0.1857,-0.982,0.0352,0,0.9787,0.1817,-0.0955,0,-0.0874,-0.0522,-0.9948,0,0.016,0.415,0.1043,1]},
{"frame":56,"values":[0.1834,-0.9827,0.0239,0,0.9812,0.1816,-0.0648,0,-0.0594,-0.0354,-0.9976,0,0.016,0.4148,0.1059,1]},
{"frame":57,"values":[0.1817,-0.9833,0.0139,0,0.9827,0.1811,-0.0377,0,-0.0346,-0.0206,-0.9992,0,0.016,0.4146,0.1073,1]},
{"frame":58,"values":[0.1805,-0.9836,0.0063,0,0.9834,0.1804,-0.017,0,-0.0156,-0.0092,-0.9998,0,0.016,0.4145,0.1084,1]},
{"frame":59,"values":[0.1799,-0.9837,0.0016,0,0.9837,0.1799,-0.0042,0,-0.0039,-0.0023,-1,0,0.016,0.4145,0.1091,1]},
{"frame":60,"values":[0.1797,-0.9837,0,0,0.9837,0.1797,0,0,0,0,-1,0,0.016,0.4144,0.1093,1]}],"loopBehavior":1,"name":"anim","property":"_matrix"}},
{"name":"upperarm.L","index":5,"matrix":[0,0,1,0,0.9967,0.0811,0,0,-0.0811,0.9967,0,0,0,0.0767,0,1],"rest":[0,0,1,0,0.1797,0.9837,0,0,-0.9837,0.1797,0,0,0,0.0767,0,1],"parentBoneIndex":4,"length":0.0667
,"animation":{"dataType":3,"framePerSecond":24,"keys":[
{"frame":1,"values":[0,0,1,0,0.9967,0.0811,0,0,-0.0811,0.9967,0,0,0,0.0767,0,1]},
{"frame":31,"values":[-0.0012,0.0002,1,0,0.9967,0.0813,0.0012,0,-0.0813,0.9967,-0.0003,0,0,0.0767,0,1]},
{"frame":32,"values":[-0.0052,0.0011,1,0,0.9966,0.0819,0.0051,0,-0.0819,0.9966,-0.0015,0,0,0.0767,0,1]},
{"frame":33,"values":[-0.0119,0.0024,0.9999,0,0.9965,0.083,0.0116,0,-0.083,0.9965,-0.0034,0,0,0.0767,0,1]},
{"frame":34,"values":[-0.0196,0.0039,0.9998,0,0.9962,0.0846,0.0192,0,-0.0845,0.9964,-0.0056,0,0,0.0767,0,1]},
{"frame":35,"values":[-0.0303,0.006,0.9995,0,0.9958,0.0866,0.0297,0,-0.0864,0.9962,-0.0086,0,0,0.0767,0,1]},
{"frame":36,"values":[-0.0423,0.0084,0.9991,0,0.9952,0.0888,0.0414,0,-0.0884,0.996,-0.0121,0,0,0.0767,0,1]},
{"frame":37,"values":[-0.0549,0.0108,0.9984,0,0.9944,0.0912,0.0537,0,-0.0905,0.9958,-0.0157,0,0,0.0767,0,1]},
{"frame":38,"values":[-0.0672,0.0131,0.9977,0,0.9934,0.0935,0.0657,0,-0.0925,0.9955,-0.0193,0,0,0.0767,0,1]},
{"frame":39,"values":[-0.0788,0.0153,0.9968,0,0.9924,0.0958,0.0769,0,-0.0943,0.9953,-0.0227,0,0,0.0767,0,1]},
{"frame":40,"values":[-0.0891,0.0172,0.9959,0,0.9914,0.0978,0.087,0,-0.0959,0.9951,-0.0258,0,0,0.0767,0,1]},
{"frame":41,"values":[-0.0999,0.0192,0.9948,0,0.9902,0.0999,0.0975,0,-0.0975,0.9948,-0.029,0,0,0.0767,0,1]},
{"frame":42,"values":[-0.1125,0.0215,0.9934,0,0.9887,0.1024,0.1097,0,-0.0994,0.9945,-0.0328,0,0,0.0767,0,1]},
{"frame":43,"values":[-0.1266,0.024,0.9917,0,0.9868,0.1053,0.1234,0,-0.1014,0.9942,-0.0371,0,0,0.0767,0,1]},
{"frame":44,"values":[-0.1415,0.0267,0.9896,0,0.9845,0.1083,0.1378,0,-0.1035,0.9938,-0.0416,0,0,0.0767,0,1]},
{"frame":45,"values":[-0.1561,0.0292,0.9873,0,0.9821,0.1114,0.152,0,-0.1055,0.9933,-0.0461,0,0,0.0767,0,1]},
{"frame":46,"values":[-0.1694,0.0315,0.985,0,0.9797,0.1142,0.1648,0,-0.1073,0.993,-0.0502,0,0,0.0767,0,1]},
{"frame":47,"values":[-0.1803,0.0333,0.983,0,0.9776,0.1165,0.1754,0,-0.1087,0.9926,-0.0536,0,0,0.0767,0,1]},
{"frame":48,"values":[-0.1882,0.0347,0.9815,0,0.976,0.1182,0.183,0,-0.1096,0.9924,-0.0561,0,0,0.0767,0,1]},
{"frame":49,"values":[-0.1929,0.0354,0.9806,0,0.975,0.1192,0.1875,0,-0.1102,0.9922,-0.0575,0,0,0.0767,0,1]},
{"frame":50,"values":[-0.1944,0.0357,0.9803,0,0.9747,0.1195,0.189,0,-0.1104,0.9922,-0.058,0,0,0.0767,0,1]},
{"frame":51,"values":[-0.1901,0.035,0.9811,0,0.9756,0.1186,0.1848,0,-0.1099,0.9923,-0.0567,0,0,0.0767,0,1]},
{"frame":52,"values":[-0.1773,0.0328,0.9836,0,0.9782,0.1158,0.1725,0,-0.1083,0.9927,-0.0527,0,0,0.0767,0,1]},
{"frame":53,"values":[-0.1563,0.0293,0.9873,0,0.982,0.1114,0.1522,0,-0.1055,0.9933,-0.0462,0,0,0.0767,0,1]},
{"frame":54,"values":[-0.1288,0.0244,0.9914,0,0.9864,0.1057,0.1256,0,-0.1018,0.9941,-0.0377,0,0,0.0767,0,1]},
{"frame":55,"values":[-0.0975,0.0188,0.9951,0,0.9905,0.0995,0.0952,0,-0.0972,0.9949,-0.0283,0,0,0.0767,0,1]},
{"frame":56,"values":[-0.0662,0.0129,0.9977,0,0.9935,0.0933,0.0647,0,-0.0923,0.9955,-0.019,0,0,0.0767,0,1]},
{"frame":57,"values":[-0.0385,0.0076,0.9992,0,0.9954,0.0881,0.0377,0,-0.0877,0.9961,-0.011,0,0,0.0767,0,1]},
{"frame":58,"values":[-0.0173,0.0035,0.9998,0,0.9963,0.0842,0.017,0,-0.0841,0.9964,-0.0049,0,0,0.0767,0,1]},
{"frame":59,"values":[-0.0043,0.0009,1,0,0.9966,0.0818,0.0042,0,-0.0818,0.9966,-0.0012,0,0,0.0767,0,1]},
{"frame":60,"values":[0,0,1,0,0.9967,0.0811,0,0,-0.0811,0.9967,0,0,0,0.0767,0,1]}],"loopBehavior":1,"name":"anim","property":"_matrix"}},
{"name":"lowerarm.L","index":6,"matrix":[1,0,0,0,0,0.9848,-0.1736,0,0,0.1736,0.9848,0,0,0.0667,0,1],"rest":[1,0,0,0,0,1,0,0,0,0,1,0,0,0.0667,0,1],"parentBoneIndex":5,"length":0.07
,"animation":{"dataType":3,"framePerSecond":24,"keys":[
{"frame":1,"values":[1,0,0,0,0,0.9848,-0.1736,0,0,0.1736,0.9848,0,0,0.0667,0,1]},
{"frame":60,"values":[1,0,0,0,0,0.9848,-0.1736,0,0,0.1736,0.9848,0,0,0.0667,0,1]}],"loopBehavior":1,"name":"anim","property":"_matrix"}},
{"name":"hand.L","index":7,"matrix":[1,0,0,0,0,0.9962,-0.0872,0,0,0.0872,0.9962,0,0,0.07,0,1],"rest":[1,0,0,0,0,1,0,0,0,0,1,0,0,0.07,0,1],"parentBoneIndex":6,"length":0.0537
,"animation":{"dataType":3,"framePerSecond":24,"keys":[
{"frame":1,"values":[1,0,0,0,0,0.9962,-0.0872,0,0,0.0872,0.9962,0,0,0.07,0,1]},
{"frame":60,"values":[1,0,0,0,0,0.9962,-0.0872,0,0,0.0872,0.9962,0,0,0.07,0,1]}],"loopBehavior":1,"name":"anim","property":"_matrix"}},
{"name":"chest.R","index":8,"matrix":[0.1797,0.9837,0,0,-0.9837,0.1797,0,0,0,0,-1,0,-0.016,0.4144,0.1093,1],"rest":[0.1797,0.9837,0,0,-0.9837,0.1797,0,0,0,0,-1,0,-0.016,0.4144,0.1093,1],"parentBoneIndex":-1,"length":0.0767
,"animation":{"dataType":3,"framePerSecond":24,"keys":[
{"frame":1,"values":[0.1797,0.9837,0,0,-0.9837,0.1797,0,0,0,0,-1,0,-0.016,0.4144,0.1093,1]},
{"frame":2,"values":[0.1797,0.9837,-0.0005,0,-0.9837,0.1797,-0.0014,0,0.0013,-0.0008,-1,0,-0.016,0.4144,0.1093,1]},
{"frame":3,"values":[0.18,0.9837,-0.0022,0,-0.9837,0.18,-0.006,0,0.0055,-0.0033,-1,0,-0.016,0.4145,0.109,1]},
{"frame":4,"values":[0.1804,0.9836,-0.0051,0,-0.9835,0.1803,-0.0137,0,0.0126,-0.0075,-0.9999,0,-0.016,0.4145,0.1086,1]},
{"frame":5,"values":[0.1809,0.9835,-0.009,0,-0.9832,0.1807,-0.0243,0,0.0223,-0.0132,-0.9997,0,-0.016,0.4146,0.1081,1]},
{"frame":6,"values":[0.1816,0.9833,-0.0137,0,-0.9828,0.181,-0.0369,0,0.0339,-0.0201,-0.9992,0,-0.016,0.4146,0.1074,1]},
{"frame":7,"values":[0.1825,0.983,-0.0187,0,-0.9821,0.1814,-0.0506,0,0.0463,-0.0276,-0.9985,0,-0.016,0.4147,0.1067,1]},
{"frame":8,"values":[0.1834,0.9828,-0.0236,0,-0.9813,0.1816,-0.064,0,0.0586,-0.0349,-0.9977,0,-0.016,0.4148,0.106,1]},
{"frame":9,"values":[0.1843,0.9825,-0.0282,0,-0.9804,0.1817,-0.0764,0,0.07,-0.0417,-0.9967,0,-0.016,0.4149,0.1053,1]},
{"frame":10,"values":[0.1851,0.9822,-0.0322,0,-0.9795,0.1817,-0.0873,0,0.0799,-0.0477,-0.9957,0,-0.016,0.4149,0.1047,1]},
{"frame":11,"values":[0.1859,0.9819,-0.0362,0,-0.9784,0.1817,-0.0983,0,0.0899,-0.0536,-0.9945,0,-0.016,0.415,0.1041,1]},
{"frame":12,"values":[0.187,0.9815,-0.0408,0,-0.9771,0.1815,-0.1109,0,0.1014,-0.0606,-0.993,0,-0.016,0.4151,0.1035,1]},
{"frame":13,"values":[0.1882,0.9811,-0.0458,0,-0.9755,0.1813,-0.1248,0,0.1141,-0.0682,-0.9911,0,-0.016,0.4151,0.1027,1]},
{"frame":14,"values":[0.1895,0.9805,-0.0511,0,-0.9736,0.1809,-0.1394,0,0.1274,-0.0762,-0.9889,0,-0.016,0.4152,0.102,1]},
{"frame":15,"values":[0.1909,0.98,-0.0563,0,-0.9715,0.1804,-0.1536,0,0.1403,-0.084,-0.9865,0,-0.016,0.4153,0.1012,1]},
{"frame":16,"values":[0.1922,0.9795,-0.0609,0,-0.9695,0.1799,-0.1664,0,0.152,-0.091,-0.9842,0,-0.016,0.4154,0.1005,1]},
{"frame":17,"values":[0.1933,0.979,-0.0647,0,-0.9678,0.1794,-0.1768,0,0.1615,-0.0968,-0.9821,0,-0.016,0.4154,0.1,1]},
{"frame":18,"values":[0.1941,0.9787,-0.0674,0,-0.9664,0.179,-0.1844,0,0.1684,-0.1009,-0.9805,0,-0.016,0.4155,0.0996,1]},
{"frame":19,"values":[0.1946,0.9784,-0.069,0,-0.9656,0.1788,-0.1888,0,0.1724,-0.1034,-0.9796,0,-0.016,0.4155,0.0993,1]},
{"frame":20,"values":[0.1948,0.9784,-0.0695,0,-0.9653,0.1787,-0.1902,0,0.1737,-0.1042,-0.9793,0,-0.016,0.4155,0.0992,1]},
{"frame":21,"values":[0.1944,0.9786,-0.068,0,-0.966,0.1789,-0.1867,0,0.1705,-0.102,-0.9801,0,-0.016,0.4155,0.0995,1]},
{"frame":22,"values":[0.1932,0.9791,-0.0635,0,-0.9679,0.1796,-0.1758,0,0.1607,-0.0954,-0.9824,0,-0.016,0.4154,0.1001,1]},
{"frame":23,"values":[0.1913,0.9799,-0.056,0,-0.9708,0.1805,-0.1578,0,0.1445,-0.0846,-0.9859,0,-0.016,0.4153,0.1012,1]},
{"frame":24,"values":[0.189,0.9809,-0.0462,0,-0.9743,0.1814,-0.1338,0,0.1229,-0.0703,-0.9899,0,-0.016,0.4151,0.1027,1]},
{"frame":25,"values":[0.1866,0.9818,-0.0351,0,-0.9776,0.182,-0.1059,0,0.0976,-0.054,-0.9938,0,-0.016,0.415,0.1043,1]},
{"frame":26,"values":[0.1844,0.9826,-0.0239,0,-0.9803,0.1821,-0.0769,0,0.0712,-0.0376,-0.9968,0,-0.016,0.4148,0.1059,1]},
{"frame":27,"values":[0.1826,0.9831,-0.0139,0,-0.9821,0.1817,-0.0498,0,0.0464,-0.0228,-0.9987,0,-0.016,0.4146,0.1073,1]},
{"frame":28,"values":[0.1812,0.9834,-0.0063,0,-0.9831,0.181,-0.0271,0,0.0256,-0.0111,-0.9996,0,-0.016,0.4145,0.1084,1]},
{"frame":29,"values":[0.1803,0.9836,-0.0016,0,-0.9836,0.1803,-0.0103,0,0.0099,-0.0034,-0.9999,0,-0.016,0.4145,0.1091,1]},
{"frame":30,"values":[0.1797,0.9837,0,0,-0.9837,0.1797,0,0,0,0,-1,0,-0.016,0.4144,0.1093,1]},
{"frame":31,"values":[0.1792,0.9838,-0.0007,0,-0.9838,0.1792,0.0065,0,-0.0065,0.0005,-1,0,-0.016,0.4144,0.1093,1]},
{"frame":32,"values":[0.1789,0.9839,-0.0029,0,-0.9838,0.1789,0.0116,0,-0.012,-0.0007,-0.9999,0,-0.016,0.4145,0.1091,1]},
{"frame":33,"values":[0.1786,0.9839,-0.0066,0,-0.9838,0.1786,0.0155,0,-0.0164,-0.0037,-0.9999,0,-0.016,0.4145,0.1088,1]},
{"frame":34,"values":[0.1783,0.9839,-0.0118,0,-0.9838,0.1785,0.0181,0,-0.0199,-0.0083,-0.9998,0,-0.016,0.4145,0.1083,1]},
{"frame":35,"values":[0.1781,0.9838,-0.0182,0,-0.9837,0.1785,0.0198,0,-0.0227,-0.0143,-0.9996,0,-0.016,0.4146,0.1078,1]},
{"frame":36,"values":[0.1779,0.9837,-0.0254,0,-0.9837,0.1785,0.0209,0,-0.0251,-0.0213,-0.9995,0,-0.016,0.4147,0.1071,1]},
{"frame":37,"values":[0.1777,0.9835,-0.0329,0,-0.9837,0.1785,0.0219,0,-0.0274,-0.0285,-0.9992,0,-0.016,0.4147,0.1065,1]},
{"frame":38,"values":[0.1775,0.9833,-0.0403,0,-0.9837,0.1785,0.0232,0,-0.03,-0.0355,-0.9989,0,-0.016,0.4148,0.1059,1]},
{"frame":39,"values":[0.1772,0.983,-0.0472,0,-0.9836,0.1785,0.0251,0,-0.0331,-0.042,-0.9986,0,-0.016,0.4149,0.1053,1]},
{"frame":40,"values":[0.1768,0.9828,-0.0534,0,-0.9836,0.1784,0.0277,0,-0.0368,-0.0477,-0.9982,0,-0.016,0.4149,0.1047,1]},
{"frame":41,"values":[0.1763,0.9825,-0.0599,0,-0.9835,0.1784,0.031,0,-0.0412,-0.0534,-0.9977,0,-0.016,0.415,0.1042,1]},
{"frame":42,"values":[0.1757,0.9821,-0.0674,0,-0.9833,0.1783,0.035,0,-0.0464,-0.0602,-0.9971,0,-0.016,0.415,0.1035,1]},
{"frame":43,"values":[0.175,0.9816,-0.0759,0,-0.9832,0.1783,0.0394,0,-0.0522,-0.0677,-0.9963,0,-0.016,0.4151,0.1028,1]},
{"frame":44,"values":[0.1742,0.9811,-0.0848,0,-0.983,0.1783,0.044,0,-0.0583,-0.0757,-0.9954,0,-0.016,0.4152,0.102,1]},
{"frame":45,"values":[0.1733,0.9804,-0.0936,0,-0.9828,0.1784,0.0486,0,-0.0644,-0.0836,-0.9944,0,-0.016,0.4153,0.1012,1]},
{"frame":46,"values":[0.1725,0.9798,-0.1016,0,-0.9825,0.1785,0.0528,0,-0.0698,-0.0907,-0.9934,0,-0.016,0.4154,0.1006,1]},
{"frame":47,"values":[0.1718,0.9792,-0.1081,0,-0.9823,0.1785,0.0562,0,-0.0743,-0.0966,-0.9925,0,-0.016,0.4154,0.1,1]},
{"frame":48,"values":[0.1713,0.9787,-0.1129,0,-0.9822,0.1786,0.0587,0,-0.0776,-0.1008,-0.9919,0,-0.016,0.4155,0.0996,1]},
{"frame":49,"values":[0.1709,0.9785,-0.1157,0,-0.9821,0.1787,0.0602,0,-0.0795,-0.1034,-0.9915,0,-0.016,0.4155,0.0993,1]},
{"frame":50,"values":[0.1708,0.9784,-0.1166,0,-0.982,0.1787,0.0606,0,-0.0802,-0.1042,-0.9913,0,-0.016,0.4155,0.0992,1]},
{"frame":51,"values":[0.1711,0.9786,-0.1141,0,-0.9821,0.1786,0.0593,0,-0.0784,-0.1019,-0.9917,0,-0.016,0.4155,0.0995,1]},
{"frame":52,"values":[0.172,0.9793,-0.1063,0,-0.9824,0.1785,0.0553,0,-0.0731,-0.0949,-0.9928,0,-0.016,0.4154,0.1001,1]},
{"frame":53,"values":[0.1733,0.9804,-0.0937,0,-0.9828,0.1784,0.0487,0,-0.0644,-0.0837,-0.9944,0,-0.016,0.4153,0.1012,1]},
{"frame":54,"values":[0.1749,0.9816,-0.0772,0,-0.9832,0.1783,0.0401,0,-0.0531,-0.0689,-0.9962,0,-0.016,0.4151,0.1027,1]},
{"frame":55,"values":[0.1764,0.9826,-0.0585,0,-0.9835,0.1784,0.0303,0,-0.0402,-0.0522,-0.9978,0,-0.016,0.415,0.1043,1]},
{"frame":56,"values":[0.1777,0.9833,-0.0397,0,-0.9837,0.1786,0.0206,0,-0.0273,-0.0354,-0.999,0,-0.016,0.4148,0.1059,1]},
{"frame":57,"values":[0.1787,0.9836,-0.0231,0,-0.9838,0.179,0.012,0,-0.0159,-0.0206,-0.9997,0,-0.016,0.4146,0.1073,1]},
{"frame":58,"values":[0.1793,0.9837,-0.0104,0,-0.9838,0.1793,0.0054,0,-0.0072,-0.0093,-0.9999,0,-0.016,0.4145,0.1084,1]},
{"frame":59,"values":[0.1796,0.9837,-0.0026,0,-0.9837,0.1796,0.0013,0,-0.0018,-0.0023,-1,0,-0.016,0.4145,0.1091,1]},
{"frame":60,"values":[0.1797,0.9837,0,0,-0.9837,0.1797,0,0,0,0,-1,0,-0.016,0.4144,0.1093,1]}],"loopBehavior":1,"name":"anim","property":"_matrix"}},
{"name":"upperarm.R","index":9,"matrix":[0,0,-1,0,-0.9967,0.0811,0,0,0.0811,0.9967,0,0,0,0.0767,0,1],"rest":[0,0,-1,0,-0.1797,0.9837,0,0,0.9837,0.1797,0,0,0,0.0767,0,1],"parentBoneIndex":8,"length":0.0667
,"animation":{"dataType":3,"framePerSecond":24,"keys":[
{"frame":1,"values":[0,0,-1,0,-0.9967,0.0811,0,0,0.0811,0.9967,0,0,0,0.0767,0,1]},
{"frame":2,"values":[-0.0015,-0.0003,-1,0,-0.9967,0.0813,0.0014,0,0.0813,0.9967,-0.0004,0,0,0.0767,0,1]},
{"frame":3,"values":[-0.0061,-0.0012,-1,0,-0.9966,0.0822,0.006,0,0.0822,0.9966,-0.0017,0,0,0.0767,0,1]},
{"frame":4,"values":[-0.014,-0.0028,-0.9999,0,-0.9964,0.0836,0.0137,0,0.0835,0.9965,-0.004,0,0,0.0767,0,1]},
{"frame":5,"values":[-0.0248,-0.0049,-0.9997,0,-0.996,0.0856,0.0243,0,0.0854,0.9963,-0.007,0,0,0.0767,0,1]},
{"frame":6,"values":[-0.0377,-0.0075,-0.9993,0,-0.9954,0.088,0.0369,0,0.0876,0.9961,-0.0108,0,0,0.0767,0,1]},
{"frame":7,"values":[-0.0516,-0.0102,-0.9986,0,-0.9946,0.0906,0.0505,0,0.0899,0.9958,-0.0148,0,0,0.0767,0,1]},
{"frame":8,"values":[-0.0653,-0.0128,-0.9978,0,-0.9936,0.0932,0.0639,0,0.0922,0.9956,-0.0188,0,0,0.0767,0,1]},
{"frame":9,"values":[-0.078,-0.0152,-0.9968,0,-0.9925,0.0956,0.0762,0,0.0942,0.9953,-0.0225,0,0,0.0767,0,1]},
{"frame":10,"values":[-0.0891,-0.0172,-0.9959,0,-0.9914,0.0978,0.087,0,0.0959,0.9951,-0.0258,0,0,0.0767,0,1]},
{"frame":11,"values":[-0.1003,-0.0193,-0.9948,0,-0.9902,0.1,0.0979,0,0.0976,0.9948,-0.0291,0,0,0.0767,0,1]},
{"frame":12,"values":[-0.1132,-0.0216,-0.9933,0,-0.9886,0.1026,0.1104,0,0.0995,0.9945,-0.033,0,0,0.0767,0,1]},
{"frame":13,"values":[-0.1275,-0.0242,-0.9915,0,-0.9866,0.1055,0.1243,0,0.1016,0.9941,-0.0373,0,0,0.0767,0,1]},
{"frame":14,"values":[-0.1423,-0.0268,-0.9895,0,-0.9844,0.1085,0.1387,0,0.1036,0.9937,-0.0419,0,0,0.0767,0,1]},
{"frame":15,"values":[-0.1569,-0.0293,-0.9872,0,-0.982,0.1115,0.1527,0,0.1056,0.9933,-0.0463,0,0,0.0767,0,1]},
{"frame":16,"values":[-0.17,-0.0316,-0.9849,0,-0.9796,0.1143,0.1654,0,0.1073,0.9929,-0.0504,0,0,0.0767,0,1]},
{"frame":17,"values":[-0.1807,-0.0334,-0.983,0,-0.9775,0.1166,0.1757,0,0.1087,0.9926,-0.0537,0,0,0.0767,0,1]},
{"frame":18,"values":[-0.1884,-0.0347,-0.9815,0,-0.976,0.1182,0.1832,0,0.1097,0.9924,-0.0561,0,0,0.0767,0,1]},
{"frame":19,"values":[-0.1929,-0.0354,-0.9806,0,-0.975,0.1192,0.1875,0,0.1102,0.9922,-0.0576,0,0,0.0767,0,1]},
{"frame":20,"values":[-0.1944,-0.0357,-0.9803,0,-0.9747,0.1195,0.189,0,0.1104,0.9922,-0.058,0,0,0.0767,0,1]},
{"frame":21,"values":[-0.1901,-0.035,-0.9811,0,-0.9756,0.1186,0.1848,0,0.1099,0.9923,-0.0567,0,0,0.0767,0,1]},
{"frame":22,"values":[-0.1773,-0.0328,-0.9836,0,-0.9782,0.1158,0.1725,0,0.1083,0.9927,-0.0527,0,0,0.0767,0,1]},
{"frame":23,"values":[-0.1563,-0.0293,-0.9873,0,-0.982,0.1114,0.1522,0,0.1055,0.9933,-0.0462,0,0,0.0767,0,1]},
{"frame":24,"values":[-0.1288,-0.0244,-0.9914,0,-0.9864,0.1057,0.1256,0,0.1018,0.9941,-0.0377,0,0,0.0767,0,1]},
{"frame":25,"values":[-0.0975,-0.0188,-0.9951,0,-0.9905,0.0995,0.0952,0,0.0972,0.9949,-0.0283,0,0,0.0767,0,1]},
{"frame":26,"values":[-0.0662,-0.0129,-0.9977,0,-0.9935,0.0933,0.0647,0,0.0923,0.9955,-0.019,0,0,0.0767,0,1]},
{"frame":27,"values":[-0.0385,-0.0076,-0.9992,0,-0.9954,0.0881,0.0377,0,0.0877,0.9961,-0.011,0,0,0.0767,0,1]},
{"frame":28,"values":[-0.0173,-0.0035,-0.9998,0,-0.9963,0.0842,0.017,0,0.0841,0.9964,-0.0049,0,0,0.0767,0,1]},
{"frame":29,"values":[-0.0043,-0.0009,-1,0,-0.9966,0.0818,0.0042,0,0.0818,0.9966,-0.0012,0,0,0.0767,0,1]},
{"frame":30,"values":[0,0,-1,0,-0.9967,0.0811,0,0,0.0811,0.9967,0,0,0,0.0767,0,1]},
{"frame":60,"values":[0,0,-1,0,-0.9967,0.0811,0,0,0.0811,0.9967,0,0,0,0.0767,0,1]}],"loopBehavior":1,"name":"anim","property":"_matrix"}},
{"name":"lowerarm.R","index":10,"matrix":[1,0,0,0,0,0.9848,-0.1736,0,0,0.1736,0.9848,0,0,0.0667,0,1],"rest":[1,0,0,0,0,1,0,0,0,0,1,0,0,0.0667,0,1],"parentBoneIndex":9,"length":0.07
,"animation":{"dataType":3,"framePerSecond":24,"keys":[
{"frame":1,"values":[1,0,0,0,0,0.9848,-0.1736,0,0,0.1736,0.9848,0,0,0.0667,0,1]},
{"frame":60,"values":[1,0,0,0,0,0.9848,-0.1736,0,0,0.1736,0.9848,0,0,0.0667,0,1]}],"loopBehavior":1,"name":"anim","property":"_matrix"}},
{"name":"hand.R","index":11,"matrix":[1,0,0,0,0,0.9962,-0.0872,0,0,0.0872,0.9962,0,0,0.07,0,1],"rest":[1,0,0,0,0,1,0,0,0,0,1,0,0,0.07,0,1],"parentBoneIndex":10,"length":0.0537
,"animation":{"dataType":3,"framePerSecond":24,"keys":[
{"frame":1,"values":[1,0,0,0,0,0.9962,-0.0872,0,0,0.0872,0.9962,0,0,0.07,0,1]},
{"frame":60,"values":[1,0,0,0,0,0.9962,-0.0872,0,0,0.0872,0.9962,0,0,0.07,0,1]}],"loopBehavior":1,"name":"anim","property":"_matrix"}},
{"name":"upperleg.L","index":12,"matrix":[-0.9846,-0.1747,0,0,0.1746,-0.984,0.0354,0,0.0062,-0.0349,-0.9994,0,0.0424,0.255,0.0748,1],"rest":[-1,-0.0011,0,0,0.0011,-0.9994,0.0354,0,0,-0.0354,-0.9994,0,0.0424,0.255,0.0748,1],"parentBoneIndex":-1,"length":0.1254
,"animation":{"dataType":3,"framePerSecond":24,"keys":[
{"frame":1,"values":[-0.9846,-0.1747,0,0,0.1746,-0.984,0.0354,0,0.0062,-0.0349,-0.9994,0,0.0424,0.255,0.0748,1]},
{"frame":2,"values":[-0.9846,-0.1747,-0.0027,0,0.1746,-0.9844,0.0201,0,0.0062,-0.0193,-0.9998,0,0.0424,0.2549,0.0749,1]},
{"frame":3,"values":[-0.9846,-0.1744,-0.0109,0,0.1746,-0.9843,-0.0261,0,0.0062,0.0276,-0.9996,0,0.0424,0.2546,0.075,1]},
{"frame":4,"values":[-0.9846,-0.1731,-0.0241,0,0.1746,-0.9795,-0.1008,0,0.0062,0.1035,-0.9946,0,0.0424,0.2541,0.0753,1]},
{"frame":5,"values":[-0.9846,-0.1699,-0.0409,0,0.1746,-0.965,-0.1959,0,0.0062,0.2,-0.9798,0,0.0424,0.2534,0.0757,1]},
{"frame":6,"values":[-0.9846,-0.1646,-0.0586,0,0.1746,-0.9388,-0.2968,0,0.0062,0.3025,-0.9531,0,0.0424,0.2525,0.0761,1]},
{"frame":7,"values":[-0.9846,-0.1581,-0.0745,0,0.1746,-0.9052,-0.3875,0,0.0062,0.3946,-0.9188,0,0.0424,0.2517,0.0766,1]},
{"frame":8,"values":[-0.9846,-0.1519,-0.0865,0,0.1746,-0.8727,-0.456,0,0.0062,0.4641,-0.8858,0,0.0424,0.2508,0.0771,1]},
{"frame":9,"values":[-0.9846,-0.1476,-0.0936,0,0.1746,-0.8499,-0.4971,0,0.0062,0.5058,-0.8626,0,0.0424,0.25,0.0775,1]},
{"frame":10,"values":[-0.9846,-0.1461,-0.0959,0,0.1746,-0.8419,-0.5105,0,0.0062,0.5194,-0.8545,0,0.0424,0.2492,0.0779,1]},
{"frame":11,"values":[-0.9846,-0.1461,-0.0959,0,0.1746,-0.842,-0.5105,0,0.0062,0.5194,-0.8545,0,0.0424,0.2485,0.0783,1]},
{"frame":12,"values":[-0.9846,-0.1461,-0.0959,0,0.1746,-0.8421,-0.5102,0,0.0062,0.5191,-0.8547,0,0.0424,0.2477,0.0787,1]},
{"frame":13,"values":[-0.9846,-0.1462,-0.0957,0,0.1746,-0.8426,-0.5095,0,0.0062,0.5184,-0.8551,0,0.0424,0.2468,0.0792,1]},
{"frame":14,"values":[-0.9846,-0.1463,-0.0955,0,0.1746,-0.8434,-0.5082,0,0.0062,0.517,-0.8559,0,0.0424,0.2458,0.0797,1]},
{"frame":15,"values":[-0.9846,-0.1465,-0.0951,0,0.1745,-0.8447,-0.506,0,0.0062,0.5148,-0.8573,0,0.0424,0.2449,0.0802,1]},
{"frame":16,"values":[-0.9846,-0.1468,-0.0945,0,0.1745,-0.8466,-0.5029,0,0.0062,0.5116,-0.8592,0,0.0424,0.244,0.0807,1]},
{"frame":17,"values":[-0.9846,-0.1473,-0.0938,0,0.1745,-0.8491,-0.4986,0,0.0062,0.5073,-0.8617,0,0.0424,0.2433,0.081,1]},
{"frame":18,"values":[-0.9846,-0.1479,-0.0929,0,0.1745,-0.8522,-0.4933,0,0.0062,0.5019,-0.8649,0,0.0424,0.2428,0.0813,1]},
{"frame":19,"values":[-0.9846,-0.1486,-0.0918,0,0.1746,-0.8557,-0.4871,0,0.0062,0.4956,-0.8685,0,0.0424,0.2425,0.0815,1]},
{"frame":20,"values":[-0.9846,-0.1494,-0.0906,0,0.1746,-0.8597,-0.48,0,0.0062,0.4885,-0.8726,0,0.0424,0.2424,0.0815,1]},
{"frame":21,"values":[-0.9846,-0.1511,-0.0879,0,0.1747,-0.8683,-0.4642,0,0.0062,0.4724,-0.8814,0,0.0424,0.2427,0.0814,1]},
{"frame":22,"values":[-0.9846,-0.1544,-0.0821,0,0.1747,-0.8854,-0.4308,0,0.0062,0.4385,-0.8987,0,0.0424,0.2436,0.0809,1]},
{"frame":23,"values":[-0.9846,-0.1588,-0.0732,0,0.1748,-0.9084,-0.3799,0,0.0062,0.3868,-0.9221,0,0.0424,0.2449,0.0802,1]},
