{"producer":{"name":"Blender","version":"2.72 (sub 0)","exporter_version":"4.6.1","file":"walk_character_test_rig.babylon"},
"autoClear":true,"clearColor":[0.0509,0.0509,0.0509],"ambientColor":[0,0,0],"gravity":[0,-9.81,0],
"materials":[{"name":"walk_character_test_rig.Material","id":"walk_character_test_rig.Material","ambient":[0.8,0.8,0.8],"diffuse":[0.64,0.64,0.64],"specular":[0,0,0],"emissive":[0,0,0],"specularPower":50,"alpha":1,"backFaceCulling":true,"checkReadyOnlyOnce":false}],
"multiMaterials":[],
"skeletons":[{"name":"Armature","id":0,"dimensionsAtRest":[0,0,0],"bones":[
{"name":"Stomak","index":0,"matrix":[0.9654,0,-0.2606,0,0,1,0,0,-0.2606,0,-0.9654,0,0,0.2622,0,1],"rest":[1,0,0,0,0,1,0,0,0,0,-1,0,0,0.2622,0,1],"parentBoneIndex":-1,"length":0.091
,"animation":{"dataType":3,"framePerSecond":24,"keys":[
{"frame":1,"values":[0.9654,0,-0.2606,0,0,1,0,0,-0.2606,0,-0.9654,0,0,0.2622,0,1]},
{"frame":2,"values":[0.9673,0,-0.2536,0,0,1,0,0,-0.2536,0,-0.9673,0,0,0.2622,0,1]},
{"frame":3,"values":[0.9726,0,-0.2323,0,0,1,0,0,-0.2323,0,-0.9726,0,0,0.2622,0,1]},
{"frame":4,"values":[0.9802,0,-0.198,0,0,1,0,0,-0.198,0,-0.9802,0,0,0.2622,0,1]},
{"frame":5,"values":[0.9881,0,-0.1539,0,0,1,0,0,-0.1539,0,-0.9881,0,0,0.2622,0,1]},
{"frame":6,"values":[0.9944,0,-0.1059,0,0,1,0,0,-0.1059,0,-0.9944,0,0,0.2622,0,1]},
{"frame":7,"values":[0.9981,0,-0.0613,0,0,1,0,0,-0.0613,0,-0.9981,0,0,0.2622,0,1]},
{"frame":8,"values":[0.9997,0,-0.0261,0,0,1,0,0,-0.0261,0,-0.9997,0,0,0.2622,0,1]},
{"frame":9,"values":[1,0,-0.0042,0,0,1,0,0,-0.0042,0,-1,0,0,0.2622,0,1]},
{"frame":10,"values":[1,0,0.0031,0,0,1,0,0,0.0031,0,-1,0,0,0.2622,0,1]},
{"frame":11,"values":[1,0,-0.0028,0,0,1,0,0,-0.0028,0,-1,0,0,0.2622,0,1]},
{"frame":12,"values":[0.9998,0,-0.0206,0,0,1,0,0,-0.0206,0,-0.9998,0,0,0.2622,0,1]},
{"frame":13,"values":[0.9988,0,-0.0495,0,0,1,0,0,-0.0495,0,-0.9988,0,0,0.2622,0,1]},
{"frame":14,"values":[0.9962,0,-0.0873,0,0,1,0,0,-0.0873,0,-0.9962,0,0,0.2622,0,1]},
{"frame":15,"values":[0.9915,0,-0.1299,0,0,1,0,0,-0.1299,0,-0.9915,0,0,0.2622,0,1]},
{"frame":16,"values":[0.985,0,-0.1724,0,0,1,0,0,-0.1724,0,-0.985,0,0,0.2622,0,1]},
{"frame":17,"values":[0.9778,0,-0.2095,0,0,1,0,0,-0.2095,0,-0.9778,0,0,0.2622,0,1]},
{"frame":18,"values":[0.9713,0,-0.2377,0,0,1,0,0,-0.2377,0,-0.9713,0,0,0.2622,0,1]},
{"frame":19,"values":[0.967,0,-0.2549,0,0,1,0,0,-0.2549,0,-0.967,0,0,0.2622,0,1]},
{"frame":20,"values":[0.9654,0,-0.2606,0,0,1,0,0,-0.2606,0,-0.9654,0,0,0.2622,0,1]}],"loopBehavior":1,"name":"anim","property":"_matrix"}},
{"name":"Chest","index":1,"matrix":[1,0,0,0,0,0.9918,0.128,0,0,-0.128,0.9918,0,0,0.091,0,1],"rest":[1,0,0,0,0,1,0,0,0,0,1,0,0,0.091,0,1],"parentBoneIndex":0,"length":0.0883
,"animation":{"dataType":3,"framePerSecond":24,"keys":[
{"frame":1,"values":[1,0,0,0,0,0.9918,0.128,0,0,-0.128,0.9918,0,0,0.091,0,1]},
{"frame":20,"values":[1,0,0,0,0,0.9918,0.128,0,0,-0.128,0.9918,0,0,0.091,0,1]}],"loopBehavior":1,"name":"anim","property":"_matrix"}},
{"name":"neck","index":2,"matrix":[1,0,0,0,0,1,0,0,0,0,1,0,0,0.0883,0,1],"rest":[1,0,0,0,0,1,0,0,0,0,1,0,0,0.0883,0,1],"parentBoneIndex":1,"length":0.0381
,"animation":{"dataType":3,"framePerSecond":24,"keys":[
{"frame":1,"values":[1,0,0,0,0,1,0,0,0,0,1,0,0,0.0883,0,1]},
{"frame":20,"values":[1,0,0,0,0,1,0,0,0,0,1,0,0,0.0883,0,1]}],"loopBehavior":1,"name":"anim","property":"_matrix"}},
{"name":"Head","index":3,"matrix":[0.9761,-0.0225,-0.2162,0,-0.003,0.9931,-0.1172,0,0.2173,0.115,0.9693,0,0,0.0381,0,1],"rest":[1,0,0,0,0,1,0,0,0,0,1,0,0,0.0381,0,1],"parentBoneIndex":2,"length":0.2563
,"animation":{"dataType":3,"framePerSecond":24,"keys":[
{"frame":1,"values":[0.9761,-0.0225,-0.2162,0,-0.003,0.9931,-0.1172,0,0.2173,0.115,0.9693,0,0,0.0381,0,1]},
{"frame":2,"values":[0.9775,-0.0217,-0.21,0,-0.0031,0.9931,-0.1172,0,0.2111,0.1152,0.9707,0,0,0.0381,0,1]},
{"frame":3,"values":[0.9813,-0.0193,-0.1913,0,-0.0033,0.9931,-0.1173,0,0.1923,0.1157,0.9745,0,0,0.0381,0,1]},
{"frame":4,"values":[0.9868,-0.0154,-0.1611,0,-0.0036,0.9931,-0.1174,0,0.1618,0.1164,0.9799,0,0,0.0381,0,1]},
{"frame":5,"values":[0.9924,-0.0105,-0.1225,0,-0.004,0.9931,-0.1175,0,0.1229,0.1171,0.9855,0,0,0.0381,0,1]},
{"frame":6,"values":[0.9967,-0.0051,-0.0806,0,-0.0045,0.993,-0.1177,0,0.0806,0.1177,0.9898,0,0,0.0381,0,1]},
{"frame":7,"values":[0.9991,0,-0.0416,0,-0.0049,0.993,-0.1179,0,0.0414,0.118,0.9922,0,0,0.0381,0,1]},
{"frame":8,"values":[0.9999,0.0039,-0.011,0,-0.0052,0.993,-0.118,0,0.0105,0.1181,0.9929,0,0,0.0381,0,1]},
{"frame":9,"values":[0.9999,0.0064,0.0081,0,-0.0054,0.993,-0.1181,0,-0.0088,0.1181,0.993,0,0,0.0381,0,1]},
{"frame":10,"values":[0.9999,0.0072,0.0144,0,-0.0055,0.993,-0.1182,0,-0.0152,0.1181,0.9929,0,0,0.0381,0,1]},
{"frame":11,"values":[0.9999,0.0065,0.0093,0,-0.0054,0.993,-0.1181,0,-0.01,0.1181,0.993,0,0,0.0381,0,1]},
{"frame":12,"values":[1,0.0046,-0.0062,0,-0.0053,0.993,-0.1181,0,0.0056,0.1181,0.993,0,0,0.0381,0,1]},
{"frame":13,"values":[0.9995,0.0013,-0.0314,0,-0.005,0.993,-0.1179,0,0.031,0.118,0.9925,0,0,0.0381,0,1]},
{"frame":14,"values":[0.9979,-0.003,-0.0643,0,-0.0047,0.993,-0.1178,0,0.0642,0.1178,0.991,0,0,0.0381,0,1]},
{"frame":15,"values":[0.9948,-0.0078,-0.1016,0,-0.0043,0.9931,-0.1176,0,0.1018,0.1174,0.9879,0,0,0.0381,0,1]},
{"frame":16,"values":[0.9903,-0.0125,-0.1387,0,-0.0039,0.9931,-0.1175,0,0.1392,0.1168,0.9833,0,0,0.0381,0,1]},
{"frame":17,"values":[0.9851,-0.0168,-0.1713,0,-0.0035,0.9931,-0.1173,0,0.172,0.1162,0.9782,0,0,0.0381,0,1]},
{"frame":18,"values":[0.9804,-0.0199,-0.196,0,-0.0032,0.9931,-0.1172,0,0.197,0.1156,0.9736,0,0,0.0381,0,1]},
{"frame":19,"values":[0.9772,-0.0219,-0.2112,0,-0.0031,0.9931,-0.1172,0,0.2123,0.1152,0.9704,0,0,0.0381,0,1]},
{"frame":20,"values":[0.9761,-0.0225,-0.2162,0,-0.003,0.9931,-0.1172,0,0.2173,0.115,0.9693,0,0,0.0381,0,1]}],"loopBehavior":1,"name":"anim","property":"_matrix"}},
{"name":"UpeerLeg.L","index":4,"matrix":[-0.992,-0.1001,-0.0765,0,0.1256,-0.8296,-0.5441,0,0.009,0.5493,-0.8356,0,0.0379,0.252,-0.0313,1],"rest":[-0.9992,-0.039,0,0,0.0389,-0.9967,0.0713,0,0.0028,-0.0712,-0.9975,0,0.0379,0.252,-0.0313,1],"parentBoneIndex":-1,"length":0.1259
,"animation":{"dataType":3,"framePerSecond":24,"keys":[
{"frame":1,"values":[-0.992,-0.1001,-0.0765,0,0.1256,-0.8296,-0.5441,0,0.009,0.5493,-0.8356,0,0.0379,0.252,-0.0313,1]},
{"frame":2,"values":[-0.992,-0.1016,-0.0744,0,0.1256,-0.8403,-0.5273,0,0.009,0.5325,-0.8464,0,0.0379,0.252,-0.0313,1]},
{"frame":3,"values":[-0.992,-0.1059,-0.0682,0,0.1256,-0.8707,-0.4755,0,0.009,0.4803,-0.8771,0,0.0379,0.252,-0.0313,1]},
{"frame":4,"values":[-0.992,-0.1121,-0.0574,0,0.1256,-0.9132,-0.3877,0,0.009,0.3919,-0.92,0,0.0379,0.252,-0.0313,1]},
{"frame":5,"values":[-0.992,-0.1185,-0.0428,0,0.1256,-0.9548,-0.2695,0,0.009,0.2728,-0.962,0,0.0379,0.252,-0.0313,1]},
{"frame":6,"values":[-0.992,-0.1232,-0.0263,0,0.1256,-0.9826,-0.1367,0,0.009,0.1389,-0.9903,0,0.0379,0.252,-0.0313,1]},
{"frame":7,"values":[-0.992,-0.1255,-0.0105,0,0.1256,-0.992,-0.0117,0,0.009,0.013,-0.9999,0,0.0379,0.252,-0.0313,1]},
{"frame":8,"values":[-0.992,-0.126,0.0018,0,0.1256,-0.9884,0.0857,0,0.009,-0.0853,-0.9963,0,0.0379,0.252,-0.0313,1]},
{"frame":9,"values":[-0.992,-0.1256,0.0095,0,0.1256,-0.9814,0.1454,0,0.009,-0.1454,-0.9893,0,0.0379,0.252,-0.0313,1]},
{"frame":10,"values":[-0.992,-0.1254,0.012,0,0.1256,-0.9783,0.165,0,0.009,-0.1652,-0.9862,0,0.0379,0.252,-0.0313,1]},
{"frame":11,"values":[-0.992,-0.1256,0.0099,0,0.1256,-0.9808,0.1491,0,0.009,-0.1492,-0.9888,0,0.0379,0.252,-0.0313,1]},
{"frame":12,"values":[-0.992,-0.1259,0.0038,0,0.1256,-0.9869,0.1008,0,0.009,-0.1005,-0.9949,0,0.0379,0.252,-0.0313,1]},
{"frame":13,"values":[-0.992,-0.1258,-0.0064,0,0.1256,-0.9919,0.0211,0,0.009,-0.0201,-0.9998,0,0.0379,0.252,-0.0313,1]},
{"frame":14,"values":[-0.992,-0.1244,-0.0197,0,0.1256,-0.9885,-0.0845,0,0.009,0.0863,-0.9962,0,0.0379,0.252,-0.0313,1]},
{"frame":15,"values":[-0.992,-0.1211,-0.0346,0,0.1256,-0.971,-0.2036,0,0.009,0.2063,-0.9784,0,0.0379,0.252,-0.0313,1]},
{"frame":16,"values":[-0.992,-0.116,-0.0491,0,0.1256,-0.9392,-0.3197,0,0.009,0.3233,-0.9462,0,0.0379,0.252,-0.0313,1]},
{"frame":17,"values":[-0.992,-0.1101,-0.0611,0,0.1256,-0.8999,-0.4177,0,0.009,0.4221,-0.9065,0,0.0379,0.252,-0.0313,1]},
{"frame":18,"values":[-0.992,-0.1049,-0.0698,0,0.1256,-0.8633,-0.4888,0,0.009,0.4936,-0.8696,0,0.0379,0.252,-0.0313,1]},
{"frame":19,"values":[-0.992,-0.1013,-0.0748,0,0.1256,-0.8383,-0.5305,0,0.009,0.5357,-0.8444,0,0.0379,0.252,-0.0313,1]},
{"frame":20,"values":[-0.992,-0.1001,-0.0765,0,0.1256,-0.8296,-0.5441,0,0.009,0.5493,-0.8356,0,0.0379,0.252,-0.0313,1]}],"loopBehavior":1,"name":"anim","property":"_matrix"}},
{"name":"LowerLeg.L","index":5,"matrix":[-0.0717,-0.6679,-0.7408,0,0.0089,0.7423,-0.67,0,0.9974,-0.0547,-0.0473,0,0,0.1259,0,1],"rest":[-0.011,-0.1707,-0.9853,0,0.0441,0.9843,-0.171,0,0.999,-0.0453,-0.0033,0,0,0.1259,0,1],"parentBoneIndex":4,"length":0.1119
,"animation":{"dataType":3,"framePerSecond":24,"keys":[
{"frame":1,"values":[-0.0717,-0.6679,-0.7408,0,0.0089,0.7423,-0.67,0,0.9974,-0.0547,-0.0473,0,0,0.1259,0,1]},
{"frame":20,"values":[-0.0717,-0.6679,-0.7408,0,0.0089,0.7423,-0.67,0,0.9974,-0.0547,-0.0473,0,0,0.1259,0,1]}],"loopBehavior":1,"name":"anim","property":"_matrix"}},
{"name":"Foot.L","index":6,"matrix":[0.0081,0.008,0.9999,0,-0.9978,0.0666,0.0075,0,-0.0665,-0.9977,0.0086,0,0,0.1119,0,1],"rest":[-0.0016,0.0062,1,0,-0.999,-0.0457,-0.0013,0,0.0457,-0.9989,0.0063,0,0,0.1119,0,1],"parentBoneIndex":5,"length":0.061
,"animation":{"dataType":3,"framePerSecond":24,"keys":[
{"frame":1,"values":[0.0081,0.008,0.9999,0,-0.9978,0.0666,0.0075,0,-0.0665,-0.9977,0.0086,0,0,0.1119,0,1]},
{"frame":20,"values":[0.0081,0.008,0.9999,0,-0.9978,0.0666,0.0075,0,-0.0665,-0.9977,0.0086,0,0,0.1119,0,1]}],"loopBehavior":1,"name":"anim","property":"_matrix"}},
{"name":"UpeerLeg.R","index":7,"matrix":[-0.9454,0.2222,0.2385,0,-0.1367,-0.9345,0.3288,0,-0.2959,-0.2782,-0.9138,0,-0.0379,0.252,-0.0313,1],"rest":[-0.9992,0.039,0,0,-0.0389,-0.9967,0.0713,0,-0.0028,-0.0712,-0.9975,0,-0.0379,0.252,-0.0313,1],"parentBoneIndex":-1,"length":0.1259
,"animation":{"dataType":3,"framePerSecond":24,"keys":[
{"frame":1,"values":[-0.9454,0.2222,0.2385,0,-0.1367,-0.9345,0.3288,0,-0.2959,-0.2782,-0.9138,0,-0.0379,0.252,-0.0313,1]},
{"frame":2,"values":[-0.9454,0.218,0.2424,0,-0.1367,-0.9401,0.3121,0,-0.2959,-0.2619,-0.9186,0,-0.0379,0.252,-0.0313,1]},
{"frame":3,"values":[-0.9454,0.2047,0.2537,0,-0.1367,-0.9555,0.2614,0,-0.2959,-0.2124,-0.9313,0,-0.0379,0.252,-0.0313,1]},
{"frame":4,"values":[-0.9454,0.182,0.2705,0,-0.1367,-0.9745,0.1777,0,-0.2959,-0.131,-0.9462,0,-0.0379,0.252,-0.0313,1]},
{"frame":5,"values":[-0.9454,0.1508,0.289,0,-0.1367,-0.9882,0.0685,0,-0.2959,-0.0252,-0.9549,0,-0.0379,0.252,-0.0313,1]},
{"frame":6,"values":[-0.9454,0.115,0.305,0,-0.1367,-0.9893,-0.0506,0,-0.2959,0.0896,-0.951,0,-0.0379,0.252,-0.0313,1]},
{"frame":7,"values":[-0.9454,0.0805,0.3159,0,-0.1367,-0.9776,-0.1601,0,-0.2959,0.1945,-0.9352,0,-0.0379,0.252,-0.0313,1]},
{"frame":8,"values":[-0.9454,0.0529,0.3217,0,-0.1367,-0.9601,-0.2441,0,-0.2959,0.2747,-0.9149,0,-0.0379,0.252,-0.0313,1]},
{"frame":9,"values":[-0.9454,0.0356,0.324,0,-0.1367,-0.9456,-0.2951,0,-0.2959,0.3233,-0.8988,0,-0.0379,0.252,-0.0313,1]},
{"frame":10,"values":[-0.9454,0.0298,0.3246,0,-0.1367,-0.9403,-0.3118,0,-0.2959,0.3392,-0.893,0,-0.0379,0.252,-0.0313,1]},
{"frame":11,"values":[-0.9454,0.0345,0.3241,0,-0.1367,-0.9446,-0.2983,0,-0.2959,0.3263,-0.8977,0,-0.0379,0.252,-0.0313,1]},
{"frame":12,"values":[-0.9454,0.0485,0.3223,0,-0.1367,-0.9567,-0.257,0,-0.2959,0.2871,-0.9111,0,-0.0379,0.252,-0.0313,1]},
{"frame":13,"values":[-0.9454,0.0713,0.3181,0,-0.1367,-0.9725,-0.1884,0,-0.2959,0.2216,-0.9291,0,-0.0379,0.252,-0.0313,1]},
{"frame":14,"values":[-0.9454,0.1007,0.31,0,-0.1367,-0.9859,-0.0966,0,-0.2959,0.1337,-0.9458,0,-0.0379,0.252,-0.0313,1]},
{"frame":15,"values":[-0.9454,0.1332,0.2975,0,-0.1367,-0.9906,0.009,0,-0.2959,0.0322,-0.9547,0,-0.0379,0.252,-0.0313,1]},
{"frame":16,"values":[-0.9454,0.1641,0.2817,0,-0.1367,-0.984,0.1144,0,-0.2959,-0.0697,-0.9527,0,-0.0379,0.252,-0.0313,1]},
{"frame":17,"values":[-0.9454,0.1897,0.2651,0,-0.1367,-0.969,0.206,0,-0.2959,-0.1585,-0.942,0,-0.0379,0.252,-0.0313,1]},
{"frame":18,"values":[-0.9454,0.2081,0.2509,0,-0.1367,-0.9519,0.2743,0,-0.2959,-0.225,-0.9283,0,-0.0379,0.252,-0.0313,1]},
{"frame":19,"values":[-0.9454,0.2188,0.2417,0,-0.1367,-0.9391,0.3153,0,-0.2959,-0.2651,-0.9177,0,-0.0379,0.252,-0.0313,1]},
{"frame":20,"values":[-0.9454,0.2222,0.2385,0,-0.1367,-0.9345,0.3288,0,-0.2959,-0.2782,-0.9138,0,-0.0379,0.252,-0.0313,1]}],"loopBehavior":1,"name":"anim","property":"_matrix"}},
{"name":"LowerLeg.R","index":8,"matrix":[-0.011,0.1707,0.9853,0,-0.0441,0.9843,-0.171,0,-0.999,-0.0453,-0.0033,0,0,0.1259,0,1],"rest":[-0.011,0.1707,0.9853,0,-0.0441,0.9843,-0.171,0,-0.999,-0.0453,-0.0033,0,0,0.1259,0,1],"parentBoneIndex":7,"length":0.1119
,"animation":{"dataType":3,"framePerSecond":24,"keys":[
{"frame":1,"values":[-0.011,0.1707,0.9853,0,-0.0441,0.9843,-0.171,0,-0.999,-0.0453,-0.0033,0,0,0.1259,0,1]},
{"frame":20,"values":[-0.011,0.1707,0.9853,0,-0.0441,0.9843,-0.171,0,-0.999,-0.0453,-0.0033,0,0,0.1259,0,1]}],"loopBehavior":1,"name":"anim","property":"_matrix"}},
{"name":"Foot.R","index":9,"matrix":[0.0918,0.1977,-0.976,0,0.9547,-0.296,0.0298,0,-0.283,-0.9345,-0.2159,0,0,0.1119,0,1],"rest":[-0.0016,-0.0062,-1,0,0.999,-0.0457,-0.0013,0,-0.0457,-0.9989,0.0063,0,0,0.1119,0,1],"parentBoneIndex":8,"length":0.061
,"animation":{"dataType":3,"framePerSecond":24,"keys":[
{"frame":1,"values":[0.0918,0.1977,-0.976,0,0.9547,-0.296,0.0298,0,-0.283,-0.9345,-0.2159,0,0,0.1119,0,1]},
{"frame":20,"values":[0.0918,0.1977,-0.976,0,0.9547,-0.296,0.0298,0,-0.283,-0.9345,-0.2159,0,0,0.1119,0,1]}],"loopBehavior":1,"name":"anim","property":"_matrix"}},
{"name":"Chest.L","index":10,"matrix":[-0.0252,-0.9997,0,0,0.9997,-0.0252,0,0,0,0,-1,0,0.0217,0.4249,-0.0104,1],"rest":[-0.0252,-0.9997,0,0,0.9997,-0.0252,0,0,0,0,-1,0,0.0217,0.4249,0,1],"parentBoneIndex":-1,"length":0.0831
,"animation":{"dataType":3,"framePerSecond":24,"keys":[
{"frame":1,"values":[-0.0252,-0.9997,0,0,0.9997,-0.0252,0,0,0,0,-1,0,0.0217,0.4249,-0.0104,1]},
{"frame":20,"values":[-0.0252,-0.9997,0,0,0.9997,-0.0252,0,0,0,0,-1,0,0.0217,0.4249,-0.0104,1]}],"loopBehavior":1,"name":"anim","property":"_matrix"}},
{"name":"UpperArm.L","index":11,"matrix":[-0.0871,-0.0022,0.9962,0,0.9891,0.1189,0.0868,0,-0.1186,0.9929,-0.0082,0,0,0.0831,0,1],"rest":[0,0,1,0,-0.119,0.9929,0,0,-0.9929,-0.119,0,0,0,0.0831,0,1],"parentBoneIndex":10,"length":0.064
,"animation":{"dataType":3,"framePerSecond":24,"keys":[
{"frame":1,"values":[-0.0871,-0.0022,0.9962,0,0.9891,0.1189,0.0868,0,-0.1186,0.9929,-0.0082,0,0,0.0831,0,1]},
{"frame":2,"values":[-0.0936,-0.0024,0.9956,0,0.9885,0.1189,0.0932,0,-0.1186,0.9929,-0.0088,0,0,0.0831,0,1]},
{"frame":3,"values":[-0.113,-0.0028,0.9936,0,0.9865,0.1188,0.1125,0,-0.1184,0.9929,-0.0106,0,0,0.0831,0,1]},
{"frame":4,"values":[-0.1441,-0.0036,0.9896,0,0.9825,0.1187,0.1435,0,-0.118,0.9929,-0.0135,0,0,0.0831,0,1]},
{"frame":5,"values":[-0.1835,-0.0046,0.983,0,0.976,0.1186,0.1827,0,-0.1174,0.9929,-0.0172,0,0,0.0831,0,1]},
{"frame":6,"values":[-0.2257,-0.0057,0.9742,0,0.9672,0.1183,0.2248,0,-0.1166,0.993,-0.0212,0,0,0.0831,0,1]},
{"frame":7,"values":[-0.2644,-0.0067,0.9644,0,0.9575,0.1181,0.2633,0,-0.1156,0.993,-0.0248,0,0,0.0831,0,1]},
{"frame":8,"values":[-0.2945,-0.0074,0.9556,0,0.9487,0.1179,0.2933,0,-0.1148,0.993,-0.0277,0,0,0.0831,0,1]},
{"frame":9,"values":[-0.3131,-0.0079,0.9497,0,0.9428,0.1177,0.3118,0,-0.1143,0.993,-0.0294,0,0,0.0831,0,1]},
{"frame":10,"values":[-0.3192,-0.008,0.9476,0,0.9408,0.1177,0.3179,0,-0.1141,0.993,-0.03,0,0,0.0831,0,1]},
{"frame":11,"values":[-0.3143,-0.0079,0.9493,0,0.9424,0.1177,0.313,0,-0.1142,0.993,-0.0295,0,0,0.0831,0,1]},
{"frame":12,"values":[-0.2992,-0.0075,0.9542,0,0.9473,0.1178,0.298,0,-0.1147,0.993,-0.0281,0,0,0.0831,0,1]},
{"frame":13,"values":[-0.2745,-0.0069,0.9616,0,0.9546,0.118,0.2734,0,-0.1154,0.993,-0.0258,0,0,0.0831,0,1]},
{"frame":14,"values":[-0.2419,-0.0061,0.9703,0,0.9633,0.1182,0.2409,0,-0.1162,0.993,-0.0227,0,0,0.0831,0,1]},
{"frame":15,"values":[-0.2046,-0.0052,0.9788,0,0.9718,0.1184,0.2038,0,-0.117,0.9929,-0.0192,0,0,0.0831,0,1]},
{"frame":16,"values":[-0.1671,-0.0042,0.9859,0,0.9789,0.1186,0.1664,0,-0.1177,0.9929,-0.0157,0,0,0.0831,0,1]},
{"frame":17,"values":[-0.1337,-0.0034,0.991,0,0.984,0.1188,0.1331,0,-0.1181,0.9929,-0.0126,0,0,0.0831,0,1]},
{"frame":18,"values":[-0.1081,-0.0027,0.9941,0,0.9871,0.1188,0.1077,0,-0.1184,0.9929,-0.0102,0,0,0.0831,0,1]},
{"frame":19,"values":[-0.0924,-0.0023,0.9957,0,0.9886,0.1189,0.092,0,-0.1186,0.9929,-0.0087,0,0,0.0831,0,1]},
{"frame":20,"values":[-0.0871,-0.0022,0.9962,0,0.9891,0.1189,0.0868,0,-0.1186,0.9929,-0.0082,0,0,0.0831,0,1]}],"loopBehavior":1,"name":"anim","property":"_matrix"}},
{"name":"LowerArm.L","index":12,"matrix":[1,0,0,0,0,0.9797,-0.2004,0,0,0.2004,0.9797,0,0,0.064,0,1],"rest":[1,0,0,0,0,0.9935,-0.1142,0,0,0.1142,0.9935,0,0,0.064,0,1],"parentBoneIndex":11,"length":0.0589
,"animation":{"dataType":3,"framePerSecond":24,"keys":[
{"frame":1,"values":[1,0,0,0,0,0.9797,-0.2004,0,0,0.2004,0.9797,0,0,0.064,0,1]},
{"frame":20,"values":[1,0,0,0,0,0.9797,-0.2004,0,0,0.2004,0.9797,0,0,0.064,0,1]}],"loopBehavior":1,"name":"anim","property":"_matrix"}},
{"name":"Hand.L","index":13,"matrix":[1,0,0,0,0,0.999,-0.0447,0,0,0.0447,0.999,0,0,0.0589,0,1],"rest":[1,0,0,0,0,0.999,-0.0447,0,0,0.0447,0.999,0,0,0.0589,0,1],"parentBoneIndex":12,"length":0.0554
,"animation":{"dataType":3,"framePerSecond":24,"keys":[
{"frame":1,"values":[1,0,0,0,0,0.999,-0.0447,0,0,0.0447,0.999,0,0,0.0589,0,1]},
{"frame":20,"values":[1,0,0,0,0,0.999,-0.0447,0,0,0.0447,0.999,0,0,0.0589,0,1]}],"loopBehavior":1,"name":"anim","property":"_matrix"}},
{"name":"Chest.R","index":14,"matrix":[-0.0249,0.9997,0.0037,0,-0.9891,-0.0252,0.1451,0,-0.1452,0,-0.9894,0,-0.0217,0.4249,0,1],"rest":[-0.0252,0.9997,0,0,-0.9997,-0.0252,0,0,0,0,-1,0,-0.0217,0.4249,0,1],"parentBoneIndex":-1,"length":0.0831
,"animation":{"dataType":3,"framePerSecond":24,"keys":[
{"frame":1,"values":[-0.0249,0.9997,0.0037,0,-0.9891,-0.0252,0.1451,0,-0.1452,0,-0.9894,0,-0.0217,0.4249,0,1]},
{"frame":20,"values":[-0.0249,0.9997,0.0037,0,-0.9891,-0.0252,0.1451,0,-0.1452,0,-0.9894,0,-0.0217,0.4249,0,1]}],"loopBehavior":1,"name":"anim","property":"_matrix"}},
{"name":"UpperArm.R","index":15,"matrix":[-0.1736,0.0044,-0.9848,0,-0.9778,0.1186,0.1729,0,0.1176,0.9929,-0.0163,0,0,0.0831,0,1],"rest":[0,0,-1,0,0.119,0.9929,0,0,0.9929,-0.119,0,0,0,0.0831,0,1],"parentBoneIndex":14,"length":0.064
,"animation":{"dataType":3,"framePerSecond":24,"keys":[
{"frame":1,"values":[-0.1736,0.0044,-0.9848,0,-0.9778,0.1186,0.1729,0,0.1176,0.9929,-0.0163,0,0,0.0831,0,1]},
{"frame":2,"values":[-0.1643,0.0044,-0.9864,0,-0.9792,0.12,0.1636,0,0.1191,0.9928,-0.0154,0,0,0.0831,0,1]},
{"frame":3,"values":[-0.1362,0.0043,-0.9907,0,-0.9829,0.1242,0.1356,0,0.1236,0.9922,-0.0127,0,0,0.0831,0,1]},
{"frame":4,"values":[-0.0907,0.0039,-0.9959,0,-0.9873,0.1309,0.0904,0,0.1308,0.9914,-0.008,0,0,0.0831,0,1]},
{"frame":5,"values":[-0.0325,0.003,-0.9995,0,-0.9897,0.1395,0.0326,0,0.1395,0.9902,-0.0016,0,0,0.0831,0,1]},
{"frame":6,"values":[0.0305,0.0014,-0.9995,0,-0.9884,0.1486,-0.0299,0,0.1485,0.9889,0.0059,0,0,0.0831,0,1]},
{"frame":7,"values":[0.0887,-0.0006,-0.9961,0,-0.9837,0.157,-0.0877,0,0.1564,0.9876,0.0133,0,0,0.0831,0,1]},
{"frame":8,"values":[0.1341,-0.0025,-0.991,0,-0.9776,0.1634,-0.1327,0,0.1623,0.9865,0.0195,0,0,0.0831,0,1]},
{"frame":9,"values":[0.1622,-0.0038,-0.9868,0,-0.9727,0.1674,-0.1605,0,0.1658,0.9859,0.0235,0,0,0.0831,0,1]},
{"frame":10,"values":[0.1715,-0.0043,-0.9852,0,-0.9709,0.1687,-0.1697,0,0.1669,0.9857,0.0248,0,0,0.0831,0,1]},
{"frame":11,"values":[0.164,-0.0039,-0.9865,0,-0.9724,0.1677,-0.1623,0,0.166,0.9858,0.0237,0,0,0.0831,0,1]},
{"frame":12,"values":[0.1412,-0.0028,-0.99,0,-0.9764,0.1644,-0.1397,0,0.1632,0.9864,0.0205,0,0,0.0831,0,1]},
{"frame":13,"values":[0.1039,-0.0012,-0.9946,0,-0.9819,0.1592,-0.1028,0,0.1584,0.9873,0.0154,0,0,0.0831,0,1]},
{"frame":14,"values":[0.0548,0.0006,-0.9985,0,-0.9869,0.1521,-0.0541,0,0.1519,0.9884,0.009,0,0,0.0831,0,1]},
{"frame":15,"values":[-0.001,0.0023,-1,0,-0.9896,0.1441,0.0013,0,0.1441,0.9896,0.0021,0,0,0.0831,0,1]},
{"frame":16,"values":[-0.0569,0.0034,-0.9984,0,-0.9891,0.1359,0.0568,0,0.1359,0.9907,-0.0043,0,0,0.0831,0,1]},
{"frame":17,"values":[-0.106,0.0041,-0.9944,0,-0.986,0.1287,0.1056,0,0.1284,0.9917,-0.0096,0,0,0.0831,0,1]},
{"frame":18,"values":[-0.1433,0.0043,-0.9897,0,-0.9821,0.1231,0.1427,0,0.1225,0.9924,-0.0134,0,0,0.0831,0,1]},
{"frame":19,"values":[-0.166,0.0044,-0.9861,0,-0.9789,0.1197,0.1654,0,0.1188,0.9928,-0.0156,0,0,0.0831,0,1]},
{"frame":20,"values":[-0.1736,0.0044,-0.9848,0,-0.9778,0.1186,0.1729,0,0.1176,0.9929,-0.0163,0,0,0.0831,0,1]}],"loopBehavior":1,"name":"anim","property":"_matrix"}},
{"name":"LowerArm.R","index":16,"matrix":[1,0,0,0,0,0.9797,-0.2004,0,0,0.2004,0.9797,0,0,0.064,0,1],"rest":[1,0,0,0,0,0.9935,-0.1142,0,0,0.1142,0.9935,0,0,0.064,0,1],"parentBoneIndex":15,"length":0.0589
,"animation":{"dataType":3,"framePerSecond":24,"keys":[
{"frame":1,"values":[1,0,0,0,0,0.9797,-0.2004,0,0,0.2004,0.9797,0,0,0.064,0,1]},
{"frame":20,"values":[1,0,0,0,0,0.9797,-0.2004,0,0,0.2004,0.9797,0,0,0.064,0,1]}],"loopBehavior":1,"name":"anim","property":"_matrix"}},
{"name":"Hand.R","index":17,"matrix":[0.9963,-0.0086,0.0859,0,0.0138,0.9981,-0.0594,0,-0.0853,0.0603,0.9945,0,0,0.0589,0,1],"rest":[1,0,0,0,0,0.999,-0.0447,0,0,0.0447,0.999,0,0,0.0589,0,1],"parentBoneIndex":16,"length":0.0554
,"animation":{"dataType":3,"framePerSecond":24,"keys":[
{"frame":1,"values":[0.9963,-0.0086,0.0859,0,0.0138,0.9981,-0.0594,0,-0.0853,0.0603,0.9945,0,0,0.0589,0,1]},
{"frame":20,"values":[0.9963,-0.0086,0.0859,0,0.0138,0.9981,-0.0594,0,-0.0853,0.0603,0.9945,0,0,0.0589,0,1]}],"loopBehavior":1,"name":"anim","property":"_matrix"}}]
,"ranges":[{"name":"ArmatureAction","from":0,"to":20}]}],
"meshes":[{"name":"character_finished.bake","id":"character_finished.bake","materialId":"walk_character_test_rig.Material","billboardMode":0,"position":[0,0.4483,0],"rotation":[0,0,0],"scaling":[0.01,0.01,0.01],"isVisible":true,"freezeWorldMatrix":false,"isEnabled":true,"checkCollisions":false,"receiveShadows":false,"skeletonId":0,"numBoneInfluencers":6
