{"producer":{"name":"Blender","version":"2.77 (sub 0)","exporter_version":"4.6.1","file":"walk_character_test_rig.babylon"},
"autoClear":true,"clearColor":[0.0509,0.0509,0.0509],"ambientColor":[0,0,0],"gravity":[0,-9.81,0],
"materials":[{"name":"walk_character_test_rig.Material_Untitled","id":"walk_character_test_rig.Material_Untitled","ambient":[0.64,0.64,0.64],"diffuse":[0.64,0.64,0.64],"specular":[0,0,0],"emissive":[0,0,0],"specularPower":49,"alpha":1,"backFaceCulling":true,"checkReadyOnlyOnce":false, 
"diffuseTexture":{"name":"texturabarbarian.png","level":1,"hasAlpha":1,"coordinatesMode":0,"uOffset":0,"vOffset":0,"uScale":1,"vScale":1,"uAng":0,"vAng":0,"wAng":0,"wrapU":1,"wrapV":1,"coordinatesIndex":0}}],
"multiMaterials":[],
"skeletons":[{"name":"Armature","id":0,"dimensionsAtRest":[0.2249,0.6975,0.2684],"bones":[
{"name":"Stomak","index":0,"matrix":[0.9995,0,-0.0327,0,0,1,0,0,-0.0327,0,-0.9995,0,0,0.2414,0,1],"rest":[1,0,0,0,0,1,0,0,0,0,-1,0,0,0.2622,0,1],"parentBoneIndex":-1,"length":0.091
,"animation":{"dataType":3,"framePerSecond":24,"keys":[
{"frame":1,"values":[0.9995,0,-0.0327,0,0,1,0,0,-0.0327,0,-0.9995,0,0,0.2414,0,1]},
{"frame":2,"values":[0.9995,0,-0.0306,0,0,1,0,0,-0.0306,0,-0.9995,0,0,0.2443,0,1]},
{"frame":3,"values":[0.9997,0,-0.0241,0,0,1,0,0,-0.0241,0,-0.9997,0,0,0.2518,0,1]},
{"frame":4,"values":[0.9999,0,-0.0149,0,0,1,0,0,-0.0149,0,-0.9999,0,0,0.2593,0,1]},
{"frame":5,"values":[1,0,-0.0059,0,0,1,0,0,-0.0059,0,-1,0,0,0.2622,0,1]},
{"frame":6,"values":[1,0,0.0037,0,0,1,0,0,0.0037,0,-1,0,0,0.2598,0,1]},
{"frame":7,"values":[0.9999,0,0.0133,0,0,1,0,0,0.0133,0,-0.9999,0,0,0.2551,0,1]},
{"frame":8,"values":[0.9998,0,0.0222,0,0,1,0,0,0.0222,0,-0.9998,0,0,0.2497,0,1]},
{"frame":9,"values":[0.9995,0,0.03,0,0,1,0,0,0.03,0,-0.9995,0,0,0.2437,0,1]},
{"frame":10,"values":[0.9995,0,0.0327,0,0,1,0,0,0.0327,0,-0.9995,0,0,0.2414,0,1]},
{"frame":11,"values":[0.9995,0,0.031,0,0,1,0,0,0.031,0,-0.9995,0,0,0.2432,0,1]},
{"frame":12,"values":[0.9997,0,0.0257,0,0,1,0,0,0.0257,0,-0.9997,0,0,0.2484,0,1]},
{"frame":13,"values":[0.9998,0,0.0174,0,0,1,0,0,0.0174,0,-0.9998,0,0,0.2551,0,1]},
{"frame":14,"values":[1,0,0.0082,0,0,1,0,0,0.0082,0,-1,0,0,0.2603,0,1]},
{"frame":15,"values":[1,0,0,0,0,1,0,0,0,0,-1,0,0,0.2622,0,1]},
{"frame":16,"values":[1,0,-0.0085,0,0,1,0,0,-0.0085,0,-1,0,0,0.2598,0,1]},
{"frame":17,"values":[0.9999,0,-0.0167,0,0,1,0,0,-0.0167,0,-0.9999,0,0,0.2551,0,1]},
{"frame":18,"values":[0.9997,0,-0.0241,0,0,1,0,0,-0.0241,0,-0.9997,0,0,0.2497,0,1]},
{"frame":19,"values":[0.9995,0,-0.0305,0,0,1,0,0,-0.0305,0,-0.9995,0,0,0.2437,0,1]},
{"frame":20,"values":[0.9995,0,-0.0327,0,0,1,0,0,-0.0327,0,-0.9995,0,0,0.2414,0,1]}],"loopBehavior":1,"name":"anim","property":"_matrix"}},
{"name":"Chest","index":1,"matrix":[1,0,0,0,0,0.9918,0.128,0,0,-0.128,0.9918,0,0,0.091,0,1],"rest":[1,0,0,0,0,1,0,0,0,0,1,0,0,0.091,0,1],"parentBoneIndex":0,"length":0.0883
,"animation":{"dataType":3,"framePerSecond":24,"keys":[
{"frame":1,"values":[1,0,0,0,0,0.9918,0.128,0,0,-0.128,0.9918,0,0,0.091,0,1]},
{"frame":20,"values":[1,0,0,0,0,0.9918,0.128,0,0,-0.128,0.9918,0,0,0.091,0,1]}],"loopBehavior":1,"name":"anim","property":"_matrix"}},
{"name":"neck","index":2,"matrix":[1,0,0,0,0,1,0,0,0,0,1,0,0,0.0883,0,1],"rest":[1,0,0,0,0,1,0,0,0,0,1,0,0,0.0883,0,1],"parentBoneIndex":1,"length":0.0381
,"animation":{"dataType":3,"framePerSecond":24,"keys":[
{"frame":1,"values":[1,0,0,0,0,1,0,0,0,0,1,0,0,0.0883,0,1]},
{"frame":20,"values":[1,0,0,0,0,1,0,0,0,0,1,0,0,0.0883,0,1]}],"loopBehavior":1,"name":"anim","property":"_matrix"}},
{"name":"Head","index":3,"matrix":[0.9988,-0.001,-0.0494,0,-0.0048,0.993,-0.1178,0,0.0492,0.1179,0.9918,0,0,0.0381,0,1],"rest":[1,0,0,0,0,1,0,0,0,0,1,0,0,0.0381,0,1],"parentBoneIndex":2,"length":0.2563
,"animation":{"dataType":3,"framePerSecond":24,"keys":[
{"frame":1,"values":[0.9988,-0.001,-0.0494,0,-0.0048,0.993,-0.1178,0,0.0492,0.1179,0.9918,0,0,0.0381,0,1]},
{"frame":2,"values":[0.9989,-0.001,-0.0463,0,-0.0045,0.993,-0.1179,0,0.046,0.1179,0.992,0,0,0.0381,0,1]},
{"frame":3,"values":[0.9993,-0.0008,-0.0364,0,-0.0035,0.993,-0.1179,0,0.0363,0.1179,0.9924,0,0,0.0381,0,1]},
{"frame":4,"values":[0.9997,-0.0005,-0.0225,0,-0.0022,0.993,-0.1179,0,0.0224,0.1179,0.9928,0,0,0.0381,0,1]},
{"frame":5,"values":[1,-0.0002,-0.009,0,-0.0009,0.993,-0.1179,0,0.0089,0.1179,0.993,0,0,0.0381,0,1]},
{"frame":6,"values":[1,0.0001,0.0056,0,0.0005,0.993,-0.1179,0,-0.0056,0.1179,0.993,0,0,0.0381,0,1]},
{"frame":7,"values":[0.9998,0.0004,0.0201,0,0.002,0.993,-0.1179,0,-0.02,0.1179,0.9928,0,0,0.0381,0,1]},
{"frame":8,"values":[0.9994,0.0007,0.0335,0,0.0033,0.993,-0.1179,0,-0.0334,0.1179,0.9925,0,0,0.0381,0,1]},
{"frame":9,"values":[0.999,0.0009,0.0453,0,0.0044,0.993,-0.1179,0,-0.0451,0.1179,0.992,0,0,0.0381,0,1]},
{"frame":10,"values":[0.9988,0.001,0.0494,0,0.0048,0.993,-0.1178,0,-0.0492,0.1179,0.9918,0,0,0.0381,0,1]},
{"frame":11,"values":[0.9989,0.001,0.0469,0,0.0046,0.993,-0.1178,0,-0.0466,0.1179,0.9919,0,0,0.0381,0,1]},
{"frame":12,"values":[0.9992,0.0008,0.0388,0,0.0038,0.993,-0.1179,0,-0.0386,0.1179,0.9923,0,0,0.0381,0,1]},
{"frame":13,"values":[0.9997,0.0005,0.0263,0,0.0026,0.993,-0.1179,0,-0.0262,0.1179,0.9927,0,0,0.0381,0,1]},
{"frame":14,"values":[0.9999,0.0003,0.0125,0,0.0012,0.993,-0.1179,0,-0.0124,0.1179,0.9929,0,0,0.0381,0,1]},
{"frame":15,"values":[1,0,0,0,0,0.993,-0.1179,0,0,0.1179,0.993,0,0,0.0381,0,1]},
{"frame":16,"values":[0.9999,-0.0003,-0.0129,0,-0.0013,0.993,-0.1179,0,0.0128,0.1179,0.9929,0,0,0.0381,0,1]},
{"frame":17,"values":[0.9997,-0.0005,-0.0252,0,-0.0024,0.993,-0.1179,0,0.0251,0.1179,0.9927,0,0,0.0381,0,1]},
{"frame":18,"values":[0.9993,-0.0008,-0.0364,0,-0.0035,0.993,-0.1179,0,0.0362,0.1179,0.9924,0,0,0.0381,0,1]},
{"frame":19,"values":[0.9989,-0.001,-0.0461,0,-0.0045,0.993,-0.1179,0,0.0459,0.1179,0.992,0,0,0.0381,0,1]},
{"frame":20,"values":[0.9988,-0.001,-0.0494,0,-0.0048,0.993,-0.1178,0,0.0492,0.1179,0.9918,0,0,0.0381,0,1]}],"loopBehavior":1,"name":"anim","property":"_matrix"}},
{"name":"UpeerLeg.L","index":4,"matrix":[-0.992,-0.0861,-0.092,0,0.1256,-0.7281,-0.6739,0,0.009,0.6801,-0.7331,0,0.0379,0.2312,-0.0313,1],"rest":[-0.9992,-0.039,0,0,0.0389,-0.9967,0.0713,0,0.0028,-0.0712,-0.9975,0,0.0379,0.252,-0.0313,1],"parentBoneIndex":-1,"length":0.1259
,"animation":{"dataType":3,"framePerSecond":24,"keys":[
{"frame":1,"values":[-0.992,-0.0861,-0.092,0,0.1256,-0.7281,-0.6739,0,0.009,0.6801,-0.7331,0,0.0379,0.2312,-0.0313,1]},
{"frame":2,"values":[-0.9912,-0.0891,-0.098,0,0.1314,-0.7531,-0.6446,0,0.0164,0.6518,-0.7582,0,0.0379,0.234,-0.0313,1]},
{"frame":3,"values":[-0.9882,-0.1003,-0.1162,0,0.1478,-0.8248,-0.5458,0,0.0411,0.5565,-0.8298,0,0.0379,0.2416,-0.0313,1]},
{"frame":4,"values":[-0.9828,-0.1204,-0.1399,0,0.1661,-0.9074,-0.386,0,0.0805,0.4026,-0.9118,0,0.0379,0.2491,-0.0313,1]},
{"frame":5,"values":[-0.9766,-0.1442,-0.1595,0,0.1769,-0.9607,-0.214,0,0.1224,0.2373,-0.9637,0,0.0379,0.252,-0.0313,1]},
{"frame":6,"values":[-0.969,-0.1737,-0.1754,0,0.1797,-0.9835,-0.0188,0,0.1693,0.0498,-0.9843,0,0.0379,0.2496,-0.0313,1]},
{"frame":7,"values":[-0.9611,-0.2052,-0.185,0,0.1734,-0.9693,0.1743,0,0.2151,-0.1355,-0.9672,0,0.0379,0.2449,-0.0313,1]},
{"frame":8,"values":[-0.9537,-0.2347,-0.1881,0,0.1601,-0.9255,0.3433,0,0.2546,-0.2973,-0.9202,0,0.0379,0.2395,-0.0313,1]},
{"frame":9,"values":[-0.9475,-0.2599,-0.1865,0,0.1434,-0.8662,0.4787,0,0.2859,-0.4268,-0.8579,0,0.0379,0.2335,-0.0313,1]},
{"frame":10,"values":[-0.9454,-0.2684,-0.185,0,0.1367,-0.8418,0.5223,0,0.2959,-0.4684,-0.8325,0,0.0379,0.2312,-0.0313,1]},
{"frame":11,"values":[-0.9467,-0.2631,-0.186,0,0.141,-0.8573,0.4952,0,0.2897,-0.4425,-0.8487,0,0.0379,0.233,-0.0313,1]},
{"frame":12,"values":[-0.9509,-0.2461,-0.1878,0,0.1532,-0.9011,0.4056,0,0.2691,-0.3569,-0.8945,0,0.0379,0.2382,-0.0313,1]},
{"frame":13,"values":[-0.9576,-0.2189,-0.1871,0,0.1681,-0.9524,0.2542,0,0.2338,-0.2119,-0.9489,0,0.0379,0.2449,-0.0313,1]},
{"frame":14,"values":[-0.9653,-0.1884,-0.1807,0,0.1779,-0.9813,0.0729,0,0.1911,-0.0382,-0.9808,0,0.0379,0.2501,-0.0313,1]},
{"frame":15,"values":[-0.972,-0.162,-0.17,0,0.1797,-0.9791,-0.0947,0,0.1511,0.1226,-0.9809,0,0.0379,0.252,-0.0313,1]},
{"frame":16,"values":[-0.9785,-0.137,-0.1543,0,0.1745,-0.9484,-0.2648,0,0.1101,0.2861,-0.9519,0,0.0379,0.2496,-0.0313,1]},
{"frame":17,"values":[-0.9839,-0.1161,-0.1356,0,0.1631,-0.8935,-0.4184,0,0.0726,0.4338,-0.8981,0,0.0379,0.2449,-0.0313,1]},
{"frame":18,"values":[-0.9882,-0.1003,-0.1162,0,0.1479,-0.8249,-0.5457,0,0.0411,0.5564,-0.8299,0,0.0379,0.2395,-0.0313,1]},
{"frame":19,"values":[-0.9911,-0.0893,-0.0983,0,0.1317,-0.7543,-0.6432,0,0.0167,0.6505,-0.7594,0,0.0379,0.2335,-0.0313,1]},
{"frame":20,"values":[-0.992,-0.0861,-0.092,0,0.1256,-0.7281,-0.6739,0,0.009,0.6801,-0.7331,0,0.0379,0.2312,-0.0313,1]}],"loopBehavior":1,"name":"anim","property":"_matrix"}},
{"name":"LowerLeg.L","index":5,"matrix":[-0.0717,-0.6679,-0.7408,0,0.0089,0.7423,-0.67,0,0.9974,-0.0547,-0.0473,0,0,0.1259,0,1],"rest":[-0.011,-0.1707,-0.9853,0,0.0441,0.9843,-0.171,0,0.999,-0.0453,-0.0033,0,0,0.1259,0,1],"parentBoneIndex":4,"length":0.1119
,"animation":{"dataType":3,"framePerSecond":24,"keys":[
{"frame":1,"values":[-0.0717,-0.6679,-0.7408,0,0.0089,0.7423,-0.67,0,0.9974,-0.0547,-0.0473,0,0,0.1259,0,1]},
{"frame":2,"values":[-0.0703,-0.6506,-0.7561,0,0.0125,0.7574,-0.6529,0,0.9974,-0.0553,-0.0451,0,0,0.1259,0,1]},
{"frame":3,"values":[-0.0653,-0.5948,-0.8012,0,0.0235,0.8018,-0.5971,0,0.9976,-0.0578,-0.0384,0,0,0.1259,0,1]},
{"frame":4,"values":[-0.0568,-0.5095,-0.8586,0,0.0385,0.8582,-0.5119,0,0.9976,-0.0621,-0.0292,0,0,0.1259,0,1]},
{"frame":5,"values":[-0.0471,-0.4209,-0.9059,0,0.0522,0.9046,-0.4231,0,0.9975,-0.0672,-0.0206,0,0,0.1259,0,1]},
{"frame":6,"values":[-0.0351,-0.3204,-0.9466,0,0.0659,0.9444,-0.3221,0,0.9972,-0.0737,-0.012,0,0,0.1259,0,1]},
{"frame":7,"values":[-0.0217,-0.2171,-0.9759,0,0.0782,0.9728,-0.2182,0,0.9967,-0.081,-0.0042,0,0,0.1259,0,1]},
{"frame":8,"values":[-0.0084,-0.1201,-0.9927,0,0.088,0.9888,-0.1204,0,0.9961,-0.0884,0.0023,0,0,0.1259,0,1]},
{"frame":9,"values":[0.004,-0.0347,-0.9994,0,0.0955,0.9948,-0.0342,0,0.9954,-0.0953,0.0073,0,0,0.1259,0,1]},
{"frame":10,"values":[0.0084,-0.0052,-1,0,0.0979,0.9952,-0.0043,0,0.9952,-0.0978,0.0088,0,0,0.1259,0,1]},
{"frame":11,"values":[0.0056,-0.0237,-0.9997,0,0.0964,0.9951,-0.023,0,0.9953,-0.0962,0.0079,0,0,0.1259,0,1]},
{"frame":12,"values":[-0.0029,-0.0819,-0.9966,0,0.0915,0.9924,-0.0818,0,0.9958,-0.0915,0.0046,0,0,0.1259,0,1]},
{"frame":13,"values":[-0.0157,-0.1723,-0.9849,0,0.0829,0.9814,-0.173,0,0.9964,-0.0844,-0.0011,0,0,0.1259,0,1]},
{"frame":14,"values":[-0.0289,-0.2721,-0.9618,0,0.0719,0.9592,-0.2735,0,0.997,-0.0771,-0.0082,0,0,0.1259,0,1]},
{"frame":15,"values":[-0.0399,-0.3597,-0.9322,0,0.0608,0.9304,-0.3616,0,0.9974,-0.0711,-0.0152,0,0,0.1259,0,1]},
{"frame":16,"values":[-0.05,-0.447,-0.8931,0,0.0484,0.8921,-0.4492,0,0.9976,-0.0657,-0.023,0,0,0.1259,0,1]},
{"frame":17,"values":[-0.0586,-0.5265,-0.8481,0,0.0356,0.848,-0.5289,0,0.9976,-0.0612,-0.0309,0,0,0.1259,0,1]},
{"frame":18,"values":[-0.0653,-0.5947,-0.8013,0,0.0235,0.8018,-0.5971,0,0.9976,-0.0578,-0.0384,0,0,0.1259,0,1]},
{"frame":19,"values":[-0.0702,-0.6498,-0.7568,0,0.0127,0.7581,-0.652,0,0.9975,-0.0554,-0.045,0,0,0.1259,0,1]},
{"frame":20,"values":[-0.0717,-0.6679,-0.7408,0,0.0089,0.7423,-0.67,0,0.9974,-0.0547,-0.0473,0,0,0.1259,0,1]}],"loopBehavior":1,"name":"anim","property":"_matrix"}},
{"name":"Foot.L","index":6,"matrix":[0.0205,0.0403,0.999,0,-0.9831,0.1828,0.0128,0,-0.1821,-0.9823,0.0433,0,0,0.1119,0,1],"rest":[-0.0016,0.0062,1,0,-0.999,-0.0457,-0.0013,0,0.0457,-0.9989,0.0063,0,0,0.1119,0,1],"parentBoneIndex":5,"length":0.061
,"animation":{"dataType":3,"framePerSecond":24,"keys":[
{"frame":1,"values":[0.0205,0.0403,0.999,0,-0.9831,0.1828,0.0128,0,-0.1821,-0.9823,0.0433,0,0,0.1119,0,1]},
{"frame":2,"values":[0.0209,0.0322,0.9993,0,-0.9857,0.1677,0.0153,0,-0.1671,-0.9853,0.0353,0,0,0.1119,0,1]},
{"frame":3,"values":[0.0232,0.0074,0.9997,0,-0.9924,0.1207,0.0222,0,-0.1205,-0.9927,0.0101,0,0,0.1119,0,1]},
{"frame":4,"values":[0.0285,-0.0278,0.9992,0,-0.9981,0.0529,0.0299,0,-0.0537,-0.9982,-0.0262,0,0,0.1119,0,1]},
{"frame":5,"values":[0.0359,-0.0616,0.9975,0,-0.9993,-0.0136,0.0351,0,0.0114,-0.998,-0.0621,0,0,0.1119,0,1]},
{"frame":6,"values":[0.0463,-0.0975,0.9942,0,-0.9956,-0.0855,0.038,0,0.0813,-0.9916,-0.101,0,0,0.1119,0,1]},
{"frame":7,"values":[0.0591,-0.1321,0.9895,0,-0.987,-0.1564,0.038,0,0.1498,-0.9788,-0.1396,0,0,0.1119,0,1]},
{"frame":8,"values":[0.0729,-0.1629,0.9839,0,-0.9746,-0.2211,0.0357,0,0.2118,-0.9616,-0.1749,0,0,0.1119,0,1]},
{"frame":9,"values":[0.0867,-0.1889,0.9782,0,-0.9604,-0.2769,0.0316,0,0.2649,-0.9422,-0.2054,0,0,0.1119,0,1]},
{"frame":10,"values":[0.0918,-0.1977,0.976,0,-0.9547,-0.296,0.0298,0,0.283,-0.9345,-0.2159,0,0,0.1119,0,1]},
{"frame":11,"values":[0.0881,-0.1921,0.9774,0,-0.9607,-0.2757,0.0324,0,0.2633,-0.9418,-0.2088,0,0,0.1119,0,1]},
{"frame":12,"values":[0.0775,-0.1741,0.9817,0,-0.9753,-0.2176,0.0384,0,0.2069,-0.9604,-0.1867,0,0,0.1119,0,1]},
{"frame":13,"values":[0.0637,-0.1452,0.9874,0,-0.9891,-0.141,0.0431,0,0.133,-0.9793,-0.1526,0,0,0.1119,0,1]},
{"frame":14,"values":[0.0514,-0.1125,0.9923,0,-0.9959,-0.08,0.0425,0,0.0746,-0.9904,-0.1161,0,0,0.1119,0,1]},
{"frame":15,"values":[0.042,-0.0837,0.9956,0,-0.9976,-0.0577,0.0372,0,0.0544,-0.9948,-0.086,0,0,0.1119,0,1]},
{"frame":16,"values":[0.0296,-0.0582,0.9979,0,-0.9961,-0.0842,0.0246,0,0.0826,-0.9947,-0.0605,0,0,0.1119,0,1]},
{"frame":17,"values":[0.0205,-0.0328,0.9993,0,-0.9937,-0.111,0.0167,0,0.1103,-0.9933,-0.0349,0,0,0.1119,0,1]},
{"frame":18,"values":[0.0179,-0.0019,0.9998,0,-0.9991,-0.0395,0.0178,0,0.0395,-0.9992,-0.0026,0,0,0.1119,0,1]},
{"frame":19,"values":[0.0187,0.029,0.9994,0,-0.9935,0.1128,0.0153,0,-0.1123,-0.9932,0.0309,0,0,0.1119,0,1]},
{"frame":20,"values":[0.0205,0.0403,0.999,0,-0.9831,0.1828,0.0128,0,-0.1821,-0.9823,0.0433,0,0,0.1119,0,1]}],"loopBehavior":1,"name":"anim","property":"_matrix"}},
{"name":"UpeerLeg.R","index":7,"matrix":[-0.9454,0.2684,0.185,0,-0.1367,-0.8418,0.5223,0,-0.2959,-0.4684,-0.8325,0,-0.0379,0.2312,-0.0313,1],"rest":[-0.9992,0.039,0,0,-0.0389,-0.9967,0.0713,0,-0.0028,-0.0712,-0.9975,0,-0.0379,0.252,-0.0313,1],"parentBoneIndex":-1,"length":0.1259
,"animation":{"dataType":3,"framePerSecond":24,"keys":[
{"frame":1,"values":[-0.9454,0.2684,0.185,0,-0.1367,-0.8418,0.5223,0,-0.2959,-0.4684,-0.8325,0,-0.0379,0.2312,-0.0313,1]},
{"frame":2,"values":[-0.947,0.2619,0.1862,0,-0.1419,-0.8608,0.4887,0,-0.2882,-0.4364,-0.8523,0,-0.0379,0.234,-0.0313,1]},
{"frame":3,"values":[-0.9521,0.241,0.188,0,-0.1564,-0.9126,0.3778,0,-0.2627,-0.3304,-0.9066,0,-0.0379,0.2416,-0.0313,1]},
{"frame":4,"values":[-0.9598,0.2105,0.1859,0,-0.1716,-0.9636,0.2051,0,-0.2223,-0.1649,-0.9609,0,-0.0379,0.2491,-0.0313,1]},
{"frame":5,"values":[-0.9672,0.1808,0.1782,0,-0.1791,-0.9835,0.026,0,-0.18,0.0068,-0.9837,0,-0.0379,0.252,-0.0313,1]},
{"frame":6,"values":[-0.9749,0.1507,0.1637,0,-0.1783,-0.9692,-0.1701,0,-0.133,0.195,-0.9717,0,-0.0379,0.2496,-0.0313,1]},
{"frame":7,"values":[-0.9818,0.1243,0.1436,0,-0.1685,-0.9188,-0.3569,0,-0.0876,0.3746,-0.923,0,-0.0379,0.2449,-0.0313,1]},
{"frame":8,"values":[-0.9871,0.104,0.1213,0,-0.1522,-0.844,-0.5143,0,-0.0489,0.5262,-0.849,0,-0.0379,0.2395,-0.0313,1]},
{"frame":9,"values":[-0.9909,0.0901,0.0997,0,-0.1331,-0.7603,-0.6358,0,-0.0186,0.6434,-0.7653,0,-0.0379,0.2335,-0.0313,1]},
{"frame":10,"values":[-0.992,0.0861,0.092,0,-0.1256,-0.7281,-0.6739,0,-0.009,0.6801,-0.7331,0,-0.0379,0.2312,-0.0313,1]},
{"frame":11,"values":[-0.9914,0.0885,0.0969,0,-0.1304,-0.7484,-0.6503,0,-0.0149,0.6573,-0.7535,0,-0.0379,0.233,-0.0313,1]},
{"frame":12,"values":[-0.9889,0.0973,0.1118,0,-0.1441,-0.8083,-0.5708,0,-0.0349,0.5806,-0.8134,0,-0.0379,0.2382,-0.0313,1]},
{"frame":13,"values":[-0.9844,0.1143,0.1337,0,-0.1617,-0.8872,-0.432,0,-0.0692,0.4469,-0.8919,0,-0.0379,0.2449,-0.0313,1]},
{"frame":14,"values":[-0.9783,0.1377,0.1549,0,-0.1748,-0.9497,-0.2597,0,-0.1113,0.2811,-0.9532,0,-0.0379,0.2501,-0.0313,1]},
{"frame":15,"values":[-0.972,0.162,0.17,0,-0.1797,-0.9791,-0.0947,0,-0.1511,0.1226,-0.9809,0,-0.0379,0.252,-0.0313,1]},
{"frame":16,"values":[-0.9651,0.1893,0.181,0,-0.1777,-0.981,0.0782,0,-0.1924,-0.0433,-0.9804,0,-0.0379,0.2496,-0.0313,1]},
{"frame":17,"values":[-0.9583,0.2164,0.1868,0,-0.1692,-0.956,0.2396,0,-0.2304,-0.198,-0.9527,0,-0.0379,0.2449,-0.0313,1]},
{"frame":18,"values":[-0.9521,0.241,0.188,0,-0.1564,-0.9126,0.3777,0,-0.2626,-0.3302,-0.9066,0,-0.0379,0.2395,-0.0313,1]},
{"frame":19,"values":[-0.9471,0.2615,0.1862,0,-0.1422,-0.8617,0.4871,0,-0.2879,-0.4348,-0.8533,0,-0.0379,0.2335,-0.0313,1]},
{"frame":20,"values":[-0.9454,0.2684,0.185,0,-0.1367,-0.8418,0.5223,0,-0.2959,-0.4684,-0.8325,0,-0.0379,0.2312,-0.0313,1]}],"loopBehavior":1,"name":"anim","property":"_matrix"}},
{"name":"LowerLeg.R","index":8,"matrix":[0.0084,0.0052,1,0,-0.0979,0.9952,-0.0043,0,-0.9952,-0.0978,0.0088,0,0,0.1259,0,1],"rest":[-0.011,0.1707,0.9853,0,-0.0441,0.9843,-0.171,0,-0.999,-0.0453,-0.0033,0,0,0.1259,0,1],"parentBoneIndex":7,"length":0.1119
,"animation":{"dataType":3,"framePerSecond":24,"keys":[
{"frame":1,"values":[0.0084,0.0052,1,0,-0.0979,0.9952,-0.0043,0,-0.9952,-0.0978,0.0088,0,0,0.1259,0,1]},
{"frame":2,"values":[0.005,0.028,0.9996,0,-0.0961,0.995,-0.0274,0,-0.9954,-0.0959,0.0076,0,0,0.1259,0,1]},
{"frame":3,"values":[-0.0054,0.0991,0.9951,0,-0.09,0.991,-0.0992,0,-0.9959,-0.0901,0.0036,0,0,0.1259,0,1]},
{"frame":4,"values":[-0.0194,0.2,0.9796,0,-0.08,0.9763,-0.201,0,-0.9966,-0.0823,-0.003,0,0,0.1259,0,1]},
{"frame":5,"values":[-0.0321,0.2969,0.9544,0,-0.0689,0.9519,-0.2985,0,-0.9971,-0.0753,-0.0101,0,0,0.1259,0,1]},
{"frame":6,"values":[-0.0445,0.3984,0.9161,0,-0.0555,0.9146,-0.4005,0,-0.9975,-0.0686,-0.0186,0,0,0.1259,0,1]},
{"frame":7,"values":[-0.0552,0.4944,0.8675,0,-0.0409,0.8669,-0.4967,0,-0.9976,-0.063,-0.0276,0,0,0.1259,0,1]},
{"frame":8,"values":[-0.0637,0.5776,0.8138,0,-0.0266,0.8142,-0.58,0,-0.9976,-0.0586,-0.0365,0,0,0.1259,0,1]},
{"frame":9,"values":[-0.0698,0.6455,0.7605,0,-0.0136,0.7617,-0.6478,0,-0.9975,-0.0556,-0.0445,0,0,0.1259,0,1]},
{"frame":10,"values":[-0.0717,0.6679,0.7408,0,-0.0089,0.7423,-0.67,0,-0.9974,-0.0547,-0.0473,0,0,0.1259,0,1]},
{"frame":11,"values":[-0.0706,0.6539,0.7533,0,-0.0118,0.7545,-0.6562,0,-0.9974,-0.0552,-0.0455,0,0,0.1259,0,1]},
{"frame":12,"values":[-0.0666,0.6086,0.7906,0,-0.0208,0.7914,-0.611,0,-0.9976,-0.0572,-0.04,0,0,0.1259,0,1]},
{"frame":13,"values":[-0.0593,0.5337,0.8436,0,-0.0344,0.8435,-0.536,0,-0.9976,-0.0608,-0.0317,0,0,0.1259,0,1]},
{"frame":14,"values":[-0.0498,0.4443,0.8945,0,-0.0488,0.8934,-0.4465,0,-0.9976,-0.0658,-0.0228,0,0,0.1259,0,1]},
{"frame":15,"values":[-0.0399,0.3597,0.9322,0,-0.0608,0.9304,-0.3616,0,-0.9974,-0.0711,-0.0152,0,0,0.1259,0,1]},
{"frame":16,"values":[-0.0286,0.2692,0.9627,0,-0.0722,0.96,-0.2706,0,-0.997,-0.0773,-0.008,0,0,0.1259,0,1]},
{"frame":17,"values":[-0.0168,0.1806,0.9834,0,-0.082,0.98,-0.1814,0,-0.9965,-0.0837,-0.0016,0,0,0.1259,0,1]},
{"frame":18,"values":[-0.0054,0.0992,0.9951,0,-0.09,0.991,-0.0992,0,-0.9959,-0.0901,0.0036,0,0,0.1259,0,1]},
{"frame":19,"values":[0.0048,0.0291,0.9996,0,-0.096,0.995,-0.0285,0,-0.9954,-0.0958,0.0076,0,0,0.1259,0,1]},
{"frame":20,"values":[0.0084,0.0052,1,0,-0.0979,0.9952,-0.0043,0,-0.9952,-0.0978,0.0088,0,0,0.1259,0,1]}],"loopBehavior":1,"name":"anim","property":"_matrix"}},
{"name":"Foot.R","index":9,"matrix":[0.0918,0.1977,-0.976,0,0.9547,-0.296,0.0298,0,-0.283,-0.9345,-0.2159,0,0,0.1119,0,1],"rest":[-0.0016,-0.0062,-1,0,0.999,-0.0457,-0.0013,0,-0.0457,-0.9989,0.0063,0,0,0.1119,0,1],"parentBoneIndex":8,"length":0.061
,"animation":{"dataType":3,"framePerSecond":24,"keys":[
{"frame":1,"values":[0.0918,0.1977,-0.976,0,0.9547,-0.296,0.0298,0,-0.283,-0.9345,-0.2159,0,0,0.1119,0,1]},
{"frame":2,"values":[0.087,0.1908,-0.9778,0,0.9623,-0.2701,0.0329,0,-0.2578,-0.9437,-0.2071,0,0,0.1119,0,1]},
{"frame":3,"values":[0.0742,0.1686,-0.9829,0,0.9788,-0.201,0.0394,0,-0.1909,-0.965,-0.18,0,0,0.1119,0,1]},
{"frame":4,"values":[0.0598,0.1364,-0.9889,0,0.9906,-0.1299,0.042,0,-0.1228,-0.9821,-0.1429,0,0,0.1119,0,1]},
{"frame":5,"values":[0.049,0.1055,-0.9932,0,0.9941,-0.1018,0.0382,0,-0.0971,-0.9892,-0.1099,0,0,0.1119,0,1]},
{"frame":6,"values":[0.0364,0.0769,-0.9964,0,0.993,-0.1148,0.0274,0,-0.1123,-0.9904,-0.0806,0,0,0.1119,0,1]},
{"frame":7,"values":[0.0258,0.047,-0.9986,0,0.9916,-0.1281,0.0196,0,-0.127,-0.9906,-0.0499,0,0,0.1119,0,1]},
{"frame":8,"values":[0.02,0.0105,-0.9997,0,0.9984,-0.0525,0.0194,0,-0.0522,-0.9986,-0.0115,0,0,0.1119,0,1]},
{"frame":9,"values":[0.0189,-0.0266,-0.9995,0,0.9939,0.1088,0.0159,0,0.1083,-0.9937,0.0285,0,0,0.1119,0,1]},
{"frame":10,"values":[0.0205,-0.0403,-0.999,0,0.9831,0.1828,0.0128,0,0.1821,-0.9823,0.0433,0,0,0.1119,0,1]},
{"frame":11,"values":[0.0208,-0.0338,-0.9992,0,0.9852,0.1706,0.0148,0,0.1699,-0.9848,0.0368,0,0,0.1119,0,1]},
{"frame":12,"values":[0.0226,-0.0134,-0.9997,0,0.991,0.1321,0.0206,0,0.1318,-0.9911,0.0163,0,0,0.1119,0,1]},
{"frame":13,"values":[0.0268,0.0181,-0.9995,0,0.997,0.0717,0.028,0,0.0722,-0.9973,-0.0162,0,0,0.1119,0,1]},
{"frame":14,"values":[0.0337,0.0529,-0.998,0,0.9994,0.0037,0.034,0,0.0055,-0.9986,-0.0528,0,0,0.1119,0,1]},
{"frame":15,"values":[0.042,0.0837,-0.9956,0,0.9976,-0.0577,0.0372,0,-0.0544,-0.9948,-0.086,0,0,0.1119,0,1]},
{"frame":16,"values":[0.0524,0.1149,-0.992,0,0.9919,-0.121,0.0384,0,-0.1156,-0.986,-0.1203,0,0,0.1119,0,1]},
{"frame":17,"values":[0.0641,0.1438,-0.9875,0,0.9828,-0.181,0.0374,0,-0.1733,-0.9729,-0.153,0,0,0.1119,0,1]},
{"frame":18,"values":[0.0762,0.1693,-0.9826,0,0.9714,-0.2349,0.0348,0,-0.2249,-0.9572,-0.1824,0,0,0.1119,0,1]},
{"frame":19,"values":[0.0876,0.1906,-0.9778,0,0.9593,-0.2805,0.0313,0,-0.2683,-0.9407,-0.2074,0,0,0.1119,0,1]},
{"frame":20,"values":[0.0918,0.1977,-0.976,0,0.9547,-0.296,0.0298,0,-0.283,-0.9345,-0.2159,0,0,0.1119,0,1]}],"loopBehavior":1,"name":"anim","property":"_matrix"}},
{"name":"Chest.L","index":10,"matrix":[-0.0238,-0.9997,-0.0081,0,0.946,-0.0252,0.3233,0,0.3234,0,-0.9463,0,0.0217,0.4041,-0.0104,1],"rest":[-0.0252,-0.9997,0,0,0.9997,-0.0252,0,0,0,0,-1,0,0.0217,0.4249,0,1],"parentBoneIndex":-1,"length":0.0831
,"animation":{"dataType":3,"framePerSecond":24,"keys":[
{"frame":1,"values":[-0.0238,-0.9997,-0.0081,0,0.946,-0.0252,0.3233,0,0.3234,0,-0.9463,0,0.0217,0.4041,-0.0104,1]},
{"frame":2,"values":[-0.024,-0.9997,-0.0077,0,0.9518,-0.0252,0.3058,0,0.3059,0,-0.9521,0,0.0217,0.4076,-0.0101,1]},
{"frame":3,"values":[-0.0244,-0.9997,-0.0063,0,0.9677,-0.0252,0.2508,0,0.2509,0,-0.968,0,0.0217,0.4166,-0.009,1]},
{"frame":4,"values":[-0.0248,-0.9997,-0.0043,0,0.9849,-0.0252,0.1711,0,0.1711,0,-0.9852,0,0.0217,0.4257,-0.0076,1]},
{"frame":5,"values":[-0.0251,-0.9997,-0.0023,0,0.9954,-0.0252,0.0922,0,0.0922,0,-0.9957,0,0.0217,0.4292,-0.0061,1]},
{"frame":6,"values":[-0.0252,-0.9997,-0.0002,0,0.9997,-0.0252,0.0062,0,0.0062,0,-1,0,0.0217,0.4275,-0.0046,1]},
{"frame":7,"values":[-0.0251,-0.9997,0.002,0,0.9966,-0.0252,-0.079,0,-0.0791,0,-0.9969,0,0.0217,0.4242,-0.0031,1]},
{"frame":8,"values":[-0.0249,-0.9997,0.004,0,0.9873,-0.0252,-0.1571,0,-0.1571,0,-0.9876,0,0.0217,0.4204,-0.0017,1]},
{"frame":9,"values":[-0.0246,-0.9997,0.0057,0,0.9741,-0.0252,-0.2246,0,-0.2246,0,-0.9744,0,0.0217,0.4162,-0.0004,1]},
{"frame":10,"values":[-0.0244,-0.9997,0.0062,0,0.9685,-0.0252,-0.2477,0,-0.2478,0,-0.9688,0,0.0217,0.4145,0,1]},
{"frame":11,"values":[-0.0245,-0.9997,0.0059,0,0.9721,-0.0252,-0.2332,0,-0.2333,0,-0.9724,0,0.0217,0.4159,-0.0003,1]},
{"frame":12,"values":[-0.0248,-0.9997,0.0047,0,0.982,-0.0252,-0.1874,0,-0.1875,0,-0.9823,0,0.0217,0.4198,-0.0011,1]},
{"frame":13,"values":[-0.025,-0.9997,0.0029,0,0.993,-0.0252,-0.1153,0,-0.1153,0,-0.9933,0,0.0217,0.4248,-0.0024,1]},
{"frame":14,"values":[-0.0252,-0.9997,0.0009,0,0.9991,-0.0252,-0.034,0,-0.034,0,-0.9994,0,0.0217,0.4287,-0.0039,1]},
{"frame":15,"values":[-0.0252,-0.9997,-0.001,0,0.9989,-0.0252,0.0394,0,0.0394,0,-0.9992,0,0.0217,0.4301,-0.0052,1]},
{"frame":16,"values":[-0.025,-0.9997,-0.0029,0,0.993,-0.0252,0.115,0,0.115,0,-0.9934,0,0.0217,0.4272,-0.0065,1]},
{"frame":17,"values":[-0.0248,-0.9997,-0.0047,0,0.9821,-0.0252,0.1866,0,0.1867,0,-0.9824,0,0.0217,0.4213,-0.0078,1]},
{"frame":18,"values":[-0.0244,-0.9997,-0.0063,0,0.9677,-0.0252,0.2508,0,0.2509,0,-0.968,0,0.0217,0.4145,-0.009,1]},
{"frame":19,"values":[-0.024,-0.9997,-0.0077,0,0.952,-0.0252,0.305,0,0.3051,0,-0.9523,0,0.0217,0.407,-0.01,1]},
{"frame":20,"values":[-0.0238,-0.9997,-0.0081,0,0.946,-0.0252,0.3233,0,0.3234,0,-0.9463,0,0.0217,0.4041,-0.0104,1]}],"loopBehavior":1,"name":"anim","property":"_matrix"}},
{"name":"UpperArm.L","index":11,"matrix":[-0.1147,-0.0112,0.9933,0,0.9731,0.1999,0.1146,0,-0.1998,0.9798,-0.012,0,0,0.0831,0,1],"rest":[0,0,1,0,-0.119,0.9929,0,0,-0.9929,-0.119,0,0,0,0.0831,0,1],"parentBoneIndex":10,"length":0.064
,"animation":{"dataType":3,"framePerSecond":24,"keys":[
{"frame":1,"values":[-0.1147,-0.0112,0.9933,0,0.9731,0.1999,0.1146,0,-0.1998,0.9798,-0.012,0,0,0.0831,0,1]},
{"frame":2,"values":[-0.1148,-0.0106,0.9933,0,0.9753,0.1889,0.1147,0,-0.1889,0.9819,-0.0114,0,0,0.0831,0,1]},
{"frame":3,"values":[-0.1158,-0.0085,0.9932,0,0.9803,0.16,0.1157,0,-0.1599,0.9871,-0.0102,0,0,0.0831,0,1]},
{"frame":4,"values":[-0.1184,-0.0057,0.9929,0,0.9844,0.1307,0.1181,0,-0.1304,0.9914,-0.0099,0,0,0.0831,0,1]},
{"frame":5,"values":[-0.1226,-0.0031,0.9924,0,0.9854,0.1188,0.1221,0,-0.1183,0.9929,-0.0115,0,0,0.0831,0,1]},
{"frame":6,"values":[-0.1358,-0.0015,0.9907,0,0.9838,0.1183,0.135,0,-0.1174,0.993,-0.0146,0,0,0.0831,0,1]},
{"frame":7,"values":[-0.1481,-0.0037,0.989,0,0.9819,0.1187,0.1475,0,-0.1179,0.9929,-0.0139,0,0,0.0831,0,1]},
{"frame":8,"values":[-0.1509,-0.0091,0.9885,0,0.9787,0.1391,0.1507,0,-0.1389,0.9902,-0.012,0,0,0.0831,0,1]},
{"frame":9,"values":[-0.152,-0.0149,0.9883,0,0.9716,0.1814,0.1521,0,-0.1816,0.9833,-0.0131,0,0,0.0831,0,1]},
{"frame":10,"values":[-0.1513,-0.0176,0.9883,0,0.9678,0.201,0.1518,0,-0.2013,0.9794,-0.0134,0,0,0.0831,0,1]},
{"frame":11,"values":[-0.15,-0.017,0.9885,0,0.9694,0.1938,0.1504,0,-0.1942,0.9809,-0.0126,0,0,0.0831,0,1]},
{"frame":12,"values":[-0.1477,-0.0139,0.9889,0,0.9736,0.1737,0.1478,0,-0.1738,0.9847,-0.0122,0,0,0.0831,0,1]},
{"frame":13,"values":[-0.1436,-0.0093,0.9896,0,0.9786,0.1475,0.1434,0,-0.1473,0.989,-0.0121,0,0,0.0831,0,1]},
{"frame":14,"values":[-0.1377,-0.0053,0.9905,0,0.9824,0.1267,0.1373,0,-0.1262,0.9919,-0.0122,0,0,0.0831,0,1]},
{"frame":15,"values":[-0.1305,-0.0033,0.9914,0,0.9844,0.1188,0.13,0,-0.1182,0.9929,-0.0123,0,0,0.0831,0,1]},
{"frame":16,"values":[-0.1172,-0.0027,0.9931,0,0.9861,0.1183,0.1167,0,-0.1178,0.993,-0.0112,0,0,0.0831,0,1]},
{"frame":17,"values":[-0.1084,-0.0027,0.9941,0,0.987,0.1188,0.108,0,-0.1184,0.9929,-0.0102,0,0,0.0831,0,1]},
{"frame":18,"values":[-0.11,-0.0048,0.9939,0,0.9842,0.139,0.1096,0,-0.1387,0.9903,-0.0106,0,0,0.0831,0,1]},
{"frame":19,"values":[-0.1132,-0.0092,0.9935,0,0.977,0.1806,0.113,0,-0.1805,0.9835,-0.0115,0,0,0.0831,0,1]},
{"frame":20,"values":[-0.1147,-0.0112,0.9933,0,0.9731,0.1999,0.1146,0,-0.1998,0.9798,-0.012,0,0,0.0831,0,1]}],"loopBehavior":1,"name":"anim","property":"_matrix"}},
{"name":"LowerArm.L","index":12,"matrix":[1,0,0,0,0,0.9797,-0.2004,0,0,0.2004,0.9797,0,0,0.064,0,1],"rest":[1,0,0,0,0,0.9935,-0.1142,0,0,0.1142,0.9935,0,0,0.064,0,1],"parentBoneIndex":11,"length":0.0589
,"animation":{"dataType":3,"framePerSecond":24,"keys":[
{"frame":1,"values":[1,0,0,0,0,0.9797,-0.2004,0,0,0.2004,0.9797,0,0,0.064,0,1]},
{"frame":20,"values":[1,0,0,0,0,0.9797,-0.2004,0,0,0.2004,0.9797,0,0,0.064,0,1]}],"loopBehavior":1,"name":"anim","property":"_matrix"}},
{"name":"Hand.L","index":13,"matrix":[0.9875,0.0217,-0.1558,0,-0.036,0.9953,-0.0897,0,0.1531,0.0942,0.9837,0,0,0.0589,0,1],"rest":[1,0,0,0,0,0.999,-0.0447,0,0,0.0447,0.999,0,0,0.0589,0,1],"parentBoneIndex":12,"length":0.0554
,"animation":{"dataType":3,"framePerSecond":24,"keys":[
{"frame":1,"values":[0.9875,0.0217,-0.1558,0,-0.036,0.9953,-0.0897,0,0.1531,0.0942,0.9837,0,0,0.0589,0,1]},
{"frame":2,"values":[0.9879,0.0209,-0.1538,0,-0.0343,0.9958,-0.0852,0,0.1514,0.0895,0.9844,0,0,0.0589,0,1]},
{"frame":3,"values":[0.9889,0.0186,-0.1476,0,-0.0297,0.9968,-0.0737,0,0.1458,0.0772,0.9863,0,0,0.0589,0,1]},
{"frame":4,"values":[0.9902,0.0155,-0.1385,0,-0.0243,0.9978,-0.0622,0,0.1372,0.0649,0.9884,0,0,0.0589,0,1]},
{"frame":5,"values":[0.9915,0.013,-0.1293,0,-0.0207,0.9981,-0.0579,0,0.1283,0.0601,0.9899,0,0,0.0589,0,1]},
{"frame":6,"values":[0.9928,0.0122,-0.1189,0,-0.0192,0.9981,-0.0582,0,0.1179,0.06,0.9912,0,0,0.0589,0,1]},
{"frame":7,"values":[0.9941,0.0108,-0.1077,0,-0.0172,0.9981,-0.0587,0,0.1069,0.0602,0.9924,0,0,0.0589,0,1]},
{"frame":8,"values":[0.9953,0.0059,-0.0963,0,-0.0125,0.9977,-0.0673,0,0.0956,0.0681,0.9931,0,0,0.0589,0,1]},
{"frame":9,"values":[0.9964,-0.0006,-0.0852,0,-0.0066,0.9964,-0.0846,0,0.085,0.0849,0.9928,0,0,0.0589,0,1]},
{"frame":10,"values":[0.9967,-0.0034,-0.0811,0,-0.0042,0.9957,-0.0926,0,0.0811,0.0926,0.9924,0,0,0.0589,0,1]},
{"frame":11,"values":[0.9965,-0.0023,-0.0834,0,-0.0052,0.996,-0.0897,0,0.0833,0.0898,0.9925,0,0,0.0589,0,1]},
{"frame":12,"values":[0.9959,0.0008,-0.0905,0,-0.0082,0.9967,-0.0813,0,0.0901,0.0817,0.9926,0,0,0.0589,0,1]},
{"frame":13,"values":[0.9949,0.0053,-0.1012,0,-0.0125,0.9974,-0.0704,0,0.1005,0.0713,0.9924,0,0,0.0589,0,1]},
{"frame":14,"values":[0.9936,0.0095,-0.1127,0,-0.0166,0.998,-0.0617,0,0.1119,0.0631,0.9917,0,0,0.0589,0,1]},
{"frame":15,"values":[0.9924,0.0123,-0.1227,0,-0.0196,0.9981,-0.0582,0,0.1217,0.0601,0.9907,0,0,0.0589,0,1]},
{"frame":16,"values":[0.9911,0.0132,-0.1325,0,-0.021,0.9981,-0.0577,0,0.1315,0.06,0.9895,0,0,0.0589,0,1]},
{"frame":17,"values":[0.9899,0.0142,-0.1413,0,-0.0226,0.9981,-0.0575,0,0.1402,0.0601,0.9883,0,0,0.0589,0,1]},
{"frame":18,"values":[0.9888,0.0172,-0.1484,0,-0.0271,0.9975,-0.0651,0,0.1469,0.0684,0.9868,0,0,0.0589,0,1]},
{"frame":19,"values":[0.9879,0.0204,-0.154,0,-0.0334,0.9961,-0.0818,0,0.1517,0.086,0.9847,0,0,0.0589,0,1]},
{"frame":20,"values":[0.9875,0.0217,-0.1558,0,-0.036,0.9953,-0.0897,0,0.1531,0.0942,0.9837,0,0,0.0589,0,1]}],"loopBehavior":1,"name":"anim","property":"_matrix"}},
{"name":"Chest.R","index":14,"matrix":[-0.0244,0.9997,-0.0062,0,-0.9685,-0.0252,-0.2477,0,0.2478,0,-0.9688,0,-0.0217,0.4145,0,1],"rest":[-0.0252,0.9997,0,0,-0.9997,-0.0252,0,0,0,0,-1,0,-0.0217,0.4249,0,1],"parentBoneIndex":-1,"length":0.0831
,"animation":{"dataType":3,"framePerSecond":24,"keys":[
{"frame":1,"values":[-0.0244,0.9997,-0.0062,0,-0.9685,-0.0252,-0.2477,0,0.2478,0,-0.9688,0,-0.0217,0.4145,0,1]},
{"frame":2,"values":[-0.0245,0.9997,-0.0058,0,-0.9729,-0.0252,-0.2298,0,0.2299,0,-0.9732,0,-0.0217,0.4168,-0.0003,1]},
{"frame":3,"values":[-0.0248,0.9997,-0.0044,0,-0.9845,-0.0252,-0.1738,0,0.1738,0,-0.9848,0,-0.0217,0.4228,-0.0014,1]},
{"frame":4,"values":[-0.0251,0.9997,-0.0023,0,-0.9954,-0.0252,-0.0929,0,0.0929,0,-0.9957,0,-0.0217,0.4288,-0.0028,1]},
{"frame":5,"values":[-0.0252,0.9997,-0.0003,0,-0.9996,-0.0252,-0.0134,0,0.0134,0,-0.9999,0,-0.0217,0.431,-0.0043,1]},
{"frame":6,"values":[-0.0251,0.9997,0.0018,0,-0.997,-0.0252,0.0726,0,-0.0726,0,-0.9974,0,-0.0217,0.428,-0.0058,1]},
{"frame":7,"values":[-0.0249,0.9997,0.004,0,-0.9872,-0.0252,0.1574,0,-0.1574,0,-0.9875,0,-0.0217,0.4219,-0.0073,1]},
{"frame":8,"values":[-0.0245,0.9997,0.0059,0,-0.9718,-0.0252,0.2344,0,-0.2345,0,-0.9721,0,-0.0217,0.4149,-0.0087,1]},
{"frame":9,"values":[-0.024,0.9997,0.0076,0,-0.9534,-0.0252,0.3007,0,-0.3008,0,-0.9537,0,-0.0217,0.4071,-0.01,1]},
{"frame":10,"values":[-0.0238,0.9997,0.0081,0,-0.946,-0.0252,0.3233,0,-0.3234,0,-0.9463,0,-0.0217,0.4041,-0.0104,1]},
{"frame":11,"values":[-0.024,0.9997,0.0078,0,-0.9507,-0.0252,0.3091,0,-0.3092,0,-0.951,0,-0.0217,0.4064,-0.0101,1]},
{"frame":12,"values":[-0.0243,0.9997,0.0067,0,-0.9641,-0.0252,0.2642,0,-0.2643,0,-0.9644,0,-0.0217,0.4129,-0.0093,1]},
{"frame":13,"values":[-0.0247,0.9997,0.0049,0,-0.9808,-0.0252,0.1932,0,-0.1933,0,-0.9811,0,-0.0217,0.4213,-0.008,1]},
{"frame":14,"values":[-0.025,0.9997,0.0028,0,-0.9933,-0.0252,0.1127,0,-0.1127,0,-0.9936,0,-0.0217,0.4278,-0.0065,1]},
{"frame":15,"values":[-0.0252,0.9997,0.001,0,-0.9989,-0.0252,0.0394,0,-0.0394,0,-0.9992,0,-0.0217,0.4301,-0.0052,1]},
{"frame":16,"values":[-0.0252,0.9997,-0.0009,0,-0.999,-0.0252,-0.0363,0,0.0364,0,-0.9993,0,-0.0217,0.4284,-0.0038,1]},
{"frame":17,"values":[-0.025,0.9997,-0.0027,0,-0.9938,-0.0252,-0.1086,0,0.1087,0,-0.9941,0,-0.0217,0.4248,-0.0026,1]},
{"frame":18,"values":[-0.0248,0.9997,-0.0044,0,-0.9845,-0.0252,-0.1737,0,0.1738,0,-0.9848,0,-0.0217,0.4208,-0.0014,1]},
{"frame":19,"values":[-0.0245,0.9997,-0.0058,0,-0.9731,-0.0252,-0.229,0,0.229,0,-0.9734,0,-0.0217,0.4163,-0.0004,1]},
{"frame":20,"values":[-0.0244,0.9997,-0.0062,0,-0.9685,-0.0252,-0.2477,0,0.2478,0,-0.9688,0,-0.0217,0.4145,0,1]}],"loopBehavior":1,"name":"anim","property":"_matrix"}},
{"name":"UpperArm.R","index":15,"matrix":[-0.1513,0.0176,-0.9883,0,-0.9678,0.201,0.1518,0,0.2013,0.9794,-0.0134,0,0,0.0831,0,1],"rest":[0,0,-1,0,0.119,0.9929,0,0,0.9929,-0.119,0,0,0,0.0831,0,1],"parentBoneIndex":14,"length":0.064
,"animation":{"dataType":3,"framePerSecond":24,"keys":[
{"frame":1,"values":[-0.1513,0.0176,-0.9883,0,-0.9678,0.201,0.1518,0,0.2013,0.9794,-0.0134,0,0,0.0831,0,1]},
{"frame":2,"values":[-0.1509,0.0161,-0.9884,0,-0.9701,0.1899,0.1512,0,0.1901,0.9817,-0.0131,0,0,0.0831,0,1]},
{"frame":3,"values":[-0.1489,0.0118,-0.9888,0,-0.9757,0.1605,0.1488,0,0.1605,0.987,-0.0123,0,0,0.0831,0,1]},
{"frame":4,"values":[-0.1445,0.0069,-0.9895,0,-0.9809,0.1308,0.1441,0,0.1304,0.9914,-0.0121,0,0,0.0831,0,1]},
{"frame":5,"values":[-0.1383,0.0035,-0.9904,0,-0.9833,0.1187,0.1377,0,0.1181,0.9929,-0.013,0,0,0.0831,0,1]},
{"frame":6,"values":[-0.1238,0.0024,-0.9923,0,-0.9853,0.1182,0.1232,0,0.1176,0.993,-0.0123,0,0,0.0831,0,1]},
{"frame":7,"values":[-0.1129,0.0028,-0.9936,0,-0.9865,0.1188,0.1124,0,0.1184,0.9929,-0.0106,0,0,0.0831,0,1]},
{"frame":8,"values":[-0.1129,0.0048,-0.9936,0,-0.9839,0.1391,0.1125,0,0.1387,0.9903,-0.011,0,0,0.0831,0,1]},
{"frame":9,"values":[-0.1138,0.0087,-0.9935,0,-0.977,0.1807,0.1134,0,0.1805,0.9835,-0.0121,0,0,0.0831,0,1]},
{"frame":10,"values":[-0.1147,0.0112,-0.9933,0,-0.9731,0.1999,0.1146,0,0.1998,0.9798,-0.012,0,0,0.0831,0,1]},
{"frame":11,"values":[-0.1156,0.0115,-0.9932,0,-0.9744,0.1928,0.1156,0,0.1928,0.9812,-0.0111,0,0,0.0831,0,1]},
{"frame":12,"values":[-0.1171,0.0099,-0.9931,0,-0.978,0.1729,0.1171,0,0.1729,0.9849,-0.0105,0,0,0.0831,0,1]},
{"frame":13,"values":[-0.12,0.0073,-0.9928,0,-0.9818,0.1471,0.1197,0,0.1469,0.9891,-0.0105,0,0,0.0831,0,1]},
{"frame":14,"values":[-0.1244,0.0047,-0.9922,0,-0.9842,0.1266,0.124,0,0.1262,0.9919,-0.0111,0,0,0.0831,0,1]},
{"frame":15,"values":[-0.1305,0.0033,-0.9914,0,-0.9844,0.1188,0.13,0,0.1182,0.9929,-0.0123,0,0,0.0831,0,1]},
{"frame":16,"values":[-0.1426,0.0023,-0.9898,0,-0.9828,0.1183,0.1419,0,0.1174,0.993,-0.0146,0,0,0.0831,0,1]},
{"frame":17,"values":[-0.1525,0.0038,-0.9883,0,-0.9813,0.1187,0.1518,0,0.1179,0.9929,-0.0143,0,0,0.0831,0,1]},
{"frame":18,"values":[-0.1537,0.009,-0.9881,0,-0.9783,0.139,0.1535,0,0.1387,0.9903,-0.0125,0,0,0.0831,0,1]},
{"frame":19,"values":[-0.1524,0.0152,-0.9882,0,-0.9715,0.1814,0.1526,0,0.1815,0.9833,-0.0129,0,0,0.0831,0,1]},
{"frame":20,"values":[-0.1513,0.0176,-0.9883,0,-0.9678,0.201,0.1518,0,0.2013,0.9794,-0.0134,0,0,0.0831,0,1]}],"loopBehavior":1,"name":"anim","property":"_matrix"}},
{"name":"LowerArm.R","index":16,"matrix":[1,0,0,0,0,0.9797,-0.2004,0,0,0.2004,0.9797,0,0,0.064,0,1],"rest":[1,0,0,0,0,0.9935,-0.1142,0,0,0.1142,0.9935,0,0,0.064,0,1],"parentBoneIndex":15,"length":0.0589
,"animation":{"dataType":3,"framePerSecond":24,"keys":[
{"frame":1,"values":[1,0,0,0,0,0.9797,-0.2004,0,0,0.2004,0.9797,0,0,0.064,0,1]},
{"frame":20,"values":[1,0,0,0,0,0.9797,-0.2004,0,0,0.2004,0.9797,0,0,0.064,0,1]}],"loopBehavior":1,"name":"anim","property":"_matrix"}},
{"name":"Hand.R","index":17,"matrix":[0.9967,0.0034,0.0811,0,0.0042,0.9957,-0.0926,0,-0.0811,0.0926,0.9924,0,0,0.0589,0,1],"rest":[1,0,0,0,0,0.999,-0.0447,0,0,0.0447,0.999,0,0,0.0589,0,1],"parentBoneIndex":16,"length":0.0554
,"animation":{"dataType":3,"framePerSecond":24,"keys":[
{"frame":1,"values":[0.9967,0.0034,0.0811,0,0.0042,0.9957,-0.0926,0,-0.0811,0.0926,0.9924,0,0,0.0589,0,1]},
{"frame":2,"values":[0.9965,0.0018,0.0841,0,0.0057,0.9961,-0.088,0,-0.0839,0.0882,0.9926,0,0,0.0589,0,1]},
{"frame":3,"values":[0.9957,-0.0027,0.0929,0,0.0098,0.9971,-0.0759,0,-0.0925,0.0765,0.9928,0,0,0.0589,0,1]},
{"frame":4,"values":[0.9944,-0.0081,0.105,0,0.0148,0.9979,-0.0636,0,-0.1042,0.0648,0.9924,0,0,0.0589,0,1]},
{"frame":5,"values":[0.9932,-0.0117,0.116,0,0.0186,0.9981,-0.0584,0,-0.1151,0.0601,0.9915,0,0,0.0589,0,1]},
{"frame":6,"values":[0.9918,-0.0128,0.1272,0,0.0203,0.9981,-0.0579,0,-0.1262,0.06,0.9902,0,0,0.0589,0,1]},
{"frame":7,"values":[0.9904,-0.0139,0.1376,0,0.022,0.9981,-0.0576,0,-0.1365,0.0601,0.9888,0,0,0.0589,0,1]},
{"frame":8,"values":[0.9891,-0.017,0.1463,0,0.0268,0.9975,-0.0652,0,-0.1448,0.0684,0.9871,0,0,0.0589,0,1]},
{"frame":9,"values":[0.9879,-0.0204,0.1534,0,0.0333,0.9961,-0.0819,0,-0.1512,0.086,0.9848,0,0,0.0589,0,1]},
{"frame":10,"values":[0.9875,-0.0217,0.1558,0,0.036,0.9953,-0.0897,0,-0.1531,0.0942,0.9837,0,0,0.0589,0,1]},
{"frame":11,"values":[0.9878,-0.0211,0.1541,0,0.0349,0.9956,-0.0868,0,-0.1516,0.0912,0.9842,0,0,0.0589,0,1]},
{"frame":12,"values":[0.9887,-0.0195,0.1489,0,0.0315,0.9964,-0.0789,0,-0.1468,0.0827,0.9857,0,0,0.0589,0,1]},
{"frame":13,"values":[0.9899,-0.017,0.1406,0,0.0269,0.9973,-0.0687,0,-0.1391,0.0718,0.9877,0,0,0.0589,0,1]},
{"frame":14,"values":[0.9912,-0.0144,0.1313,0,0.0226,0.9979,-0.0608,0,-0.1302,0.0633,0.9895,0,0,0.0589,0,1]},
{"frame":15,"values":[0.9924,-0.0123,0.1227,0,0.0196,0.9981,-0.0582,0,-0.1217,0.0601,0.9907,0,0,0.0589,0,1]},
{"frame":16,"values":[0.9935,-0.0117,0.1135,0,0.0184,0.9981,-0.0583,0,-0.1126,0.0601,0.9918,0,0,0.0589,0,1]},
{"frame":17,"values":[0.9945,-0.0105,0.104,0,0.0166,0.9981,-0.0588,0,-0.1032,0.0602,0.9928,0,0,0.0589,0,1]},
{"frame":18,"values":[0.9955,-0.0057,0.0941,0,0.0121,0.9977,-0.0673,0,-0.0935,0.0681,0.9933,0,0,0.0589,0,1]},
{"frame":19,"values":[0.9964,0.0007,0.0846,0,0.0065,0.9964,-0.0846,0,-0.0844,0.0848,0.9928,0,0,0.0589,0,1]},
{"frame":20,"values":[0.9967,0.0034,0.0811,0,0.0042,0.9957,-0.0926,0,-0.0811,0.0926,0.9924,0,0,0.0589,0,1]}],"loopBehavior":1,"name":"anim","property":"_matrix"}}]
,"ranges":[{"name":"ArmatureAction","from":0,"to":20}]}],
"meshes":[{"name":"barbarian_helm_skin.bake","id":"barbarian_helm_skin.bake","materialId":"walk_character_test_rig.Material_Untitled","billboardMode":0,"position":[0,0,0.1645],"rotation":[-1.5708,0,0],"scaling":[1,1,1],"isVisible":true,"freezeWorldMatrix":false,"isEnabled":true,"checkCollisions":false,"receiveShadows":false,"skeletonId":0,"numBoneInfluencers":6
