{"producer":{"name":"Blender","version":"2.78 (sub 0)","exporter_version":"5.4.2","file":"Boar.babylon"},
"autoClear":true,"clearColor":[0,0,0],"ambientColor":[0,0,0],"gravity":[0,-9.81,0],
"materials":[{"name":"Boar.Material.001","id":"Boar.Material.001","ambient":[0.8,0.6827,0.5364],"diffuse":[0.64,0.5461,0.4291],"specular":[0,0,0],"emissive":[0,0,0],"specularPower":50,"alpha":1,"backFaceCulling":true,"checkReadyOnlyOnce":false,"maxSimultaneousLights":4},
{"name":"Boar.Boar","id":"Boar.Boar","ambient":[1,1,1],"diffuse":[0.8,0.8,0.8],"specular":[0,0,0],"emissive":[0,0,0],"specularPower":50,"alpha":1,"backFaceCulling":true,"checkReadyOnlyOnce":false,"maxSimultaneousLights":4, 
"diffuseTexture":{"name":"Locha(js).png","level":1,"hasAlpha":1,"coordinatesMode":0,"uOffset":0,"vOffset":0,"uScale":1,"vScale":1,"uAng":0,"vAng":0,"wAng":0,"wrapU":1,"wrapV":1,"coordinatesIndex":0}}],
"multiMaterials":[{"name":"Boar.Multimaterial#0","id":"Boar.Multimaterial#0","materials":["Boar.Material.001","Boar.Boar"]}],
"skeletons":[{"name":"Armature","id":0,"dimensionsAtRest":[1.145,2.6859,4.0764],"bones":[
{"name":"Back","index":0,"matrix":[1,0,0,0,0,0.3539,-0.9353,0,0,-0.9353,-0.3539,0,0,1.7702,2.0936,1],"rest":[1,0,0,0,0,0.3539,-0.9353,0,0,-0.9353,-0.3539,0,0,1.8945,1.9832,1],"parentBoneIndex":-1,"length":2.4127
,"animation":{"dataType":3,"framePerSecond":24,"keys":[
{"frame":0,"values":[1,0,0,0,0,0.3539,-0.9353,0,0,-0.9353,-0.3539,0,0,1.8945,1.9832,1]},
{"frame":1,"values":[1,0,0,0,0,0.3539,-0.9353,0,0,-0.9353,-0.3539,0,0,1.8619,2.0121,1]},
{"frame":2,"values":[1,0,0,0,0,0.3539,-0.9353,0,0,-0.9353,-0.3539,0,0,1.7702,2.0936,1]},
{"frame":3,"values":[1,0,0,0,0,0.3539,-0.9353,0,0,-0.9353,-0.3539,0,0,1.6525,2.1982,1]},
{"frame":4,"values":[1,0,0,0,0,0.3539,-0.9353,0,0,-0.9353,-0.3539,0,0,1.5608,2.2797,1]},
{"frame":5,"values":[1,0,0,0,0,0.3539,-0.9353,0,0,-0.9353,-0.3539,0,0,1.5283,2.3087,1]},
{"frame":6,"values":[1,0,0,0,0,0.3539,-0.9353,0,0,-0.9353,-0.3539,0,0,1.6955,2.188,1]},
{"frame":7,"values":[1,0,0,0,0,0.3539,-0.9353,0,0,-0.9353,-0.3539,0,0,1.8945,1.9832,1]},
{"frame":8,"values":[1,0,0,0,0,0.3539,-0.9353,0,0,-0.9353,-0.3539,0,0,1.9104,1.8446,1]},
{"frame":9,"values":[1,0,0,0,0,0.3539,-0.9353,0,0,-0.9353,-0.3539,0,0,1.8945,1.7901,1]},
{"frame":10,"values":[1,0,0,0,0,0.3539,-0.9353,0,0,-0.9353,-0.3539,0,0,1.8945,1.8168,1]},
{"frame":11,"values":[1,0,0,0,0,0.3539,-0.9353,0,0,-0.9353,-0.3539,0,0,1.8945,1.8866,1]},
{"frame":12,"values":[1,0,0,0,0,0.3539,-0.9353,0,0,-0.9353,-0.3539,0,0,1.8945,1.9565,1]},
{"frame":13,"values":[1,0,0,0,0,0.3539,-0.9353,0,0,-0.9353,-0.3539,0,0,1.8945,1.9832,1]},
{"frame":21,"values":[1,0,0,0,0,0.3539,-0.9353,0,0,-0.9353,-0.3539,0,0,1.8945,1.9832,1]},
{"frame":139,"values":[1,0,0,0,0,0.3539,-0.9353,0,0,-0.9353,-0.3539,0,0,1.8945,1.9832,1]},
{"frame":151,"values":[1,0,0,0,0,0.3539,-0.9353,0,0,-0.9353,-0.3539,0,0,1.8945,1.9832,1]},
{"frame":152,"values":[1,0,0,0,0,0.3476,-0.9376,0,0,-0.9376,-0.3476,0,-0.0008,1.895,1.9698,1]},
{"frame":153,"values":[1,0,0,0,0,0.3288,-0.9444,0,0,-0.9444,-0.3288,0,-0.0032,1.8964,1.9297,1]},
{"frame":154,"values":[1,0,0,0,0,0.2981,-0.9545,0,0,-0.9545,-0.2981,0,-0.0071,1.8987,1.8654,1]},
{"frame":155,"values":[1,0,0,0,0,0.2587,-0.966,0,0,-0.966,-0.2587,0,-0.012,1.9017,1.7835,1]},
{"frame":156,"values":[1,0,0,0,0,0.2156,-0.9765,0,0,-0.9765,-0.2156,0,-0.0173,1.9049,1.6952,1]},
{"frame":157,"values":[1,0,0,0,0,0.1754,-0.9845,0,0,-0.9845,-0.1754,0,-0.0222,1.9079,1.6133,1]},
{"frame":158,"values":[1,0,0,0,0,0.1435,-0.9896,0,0,-0.9896,-0.1435,0,-0.0261,1.9102,1.549,1]},
{"frame":159,"values":[1,0,0,0,0,0.1237,-0.9923,0,0,-0.9923,-0.1237,0,-0.0285,1.9117,1.5089,1]},
{"frame":160,"values":[1,0,0,0,0,0.117,-0.9931,0,0,-0.9931,-0.117,0,-0.0293,1.9122,1.4955,1]},
{"frame":201,"values":[1,0,0,0,0,0.1254,-0.9921,0,0,-0.9921,-0.1254,0,-0.0283,1.9115,1.5124,1]},
{"frame":202,"values":[1,0,0,0,0,0.1505,-0.9886,0,0,-0.9886,-0.1505,0,-0.0253,1.9097,1.563,1]},
{"frame":203,"values":[1,0,0,0,0,0.1897,-0.9818,0,0,-0.9818,-0.1897,0,-0.0205,1.9068,1.6425,1]},
{"frame":204,"values":[1,0,0,0,0,0.2372,-0.9715,0,0,-0.9715,-0.2372,0,-0.0147,1.9033,1.7393,1]},
{"frame":205,"values":[1,0,0,0,0,0.2841,-0.9588,0,0,-0.9588,-0.2841,0,-0.0088,1.8998,1.8362,1]},
{"frame":206,"values":[1,0,0,0,0,0.3221,-0.9467,0,0,-0.9467,-0.3221,0,-0.0041,1.8969,1.9157,1]},
{"frame":207,"values":[1,0,0,0,0,0.346,-0.9383,0,0,-0.9383,-0.346,0,-0.001,1.8951,1.9662,1]},
{"frame":208,"values":[1,0,0,0,0,0.3539,-0.9353,0,0,-0.9353,-0.3539,0,0,1.8945,1.9832,1]},
{"frame":221,"values":[1,0,0,0,0,0.3539,-0.9353,0,0,-0.9353,-0.3539,0,0,1.8125,1.9832,1]},
{"frame":222,"values":[1,0,0,0,0,0.3734,-0.9277,0,0,-0.9277,-0.3734,0,0,1.8535,1.9832,1]},
{"frame":223,"values":[1,0,0,0,0,0.3927,-0.9197,0,0,-0.9197,-0.3927,0,0,1.8945,1.9832,1]},
{"frame":224,"values":[1,0,0,0,0,0.3799,-0.925,0,0,-0.925,-0.3799,0,0,1.8945,1.9832,1]},
{"frame":225,"values":[1,0,0,0,0,0.3614,-0.9324,0,0,-0.9324,-0.3614,0,0,1.8945,1.9832,1]},
{"frame":226,"values":[1,0,0,0,0,0.3548,-0.9349,0,0,-0.9349,-0.3548,0,0,1.8535,1.9832,1]},
{"frame":227,"values":[1,0,0,0,0,0.3539,-0.9353,0,0,-0.9353,-0.3539,0,0,1.8125,1.9832,1]},
{"frame":228,"values":[1,0,0,0,0,0.3576,-0.9339,0,0,-0.9339,-0.3576,0,0,1.8535,1.9832,1]},
{"frame":229,"values":[1,0,0,0,0,0.3614,-0.9324,0,0,-0.9324,-0.3614,0,0,1.8945,1.9832,1]},
{"frame":231,"values":[1,0,0,0,0,0.3614,-0.9324,0,0,-0.9324,-0.3614,0,0,1.8945,1.9832,1]}],"loopBehavior":1,"name":"anim","property":"_matrix"}},
{"name":"Neck","index":1,"matrix":[-0.9915,0.0351,-0.1254,0,-0.0992,0.4206,0.9018,0,0.0844,0.9066,-0.4136,0,0,2.4127,0,1],"rest":[-1,0,0,0,0,0.4986,0.8669,0,0,0.8669,-0.4986,0,0,2.4127,0,1],"parentBoneIndex":0,"length":2.1262
,"animation":{"dataType":3,"framePerSecond":24,"keys":[
{"frame":0,"values":[-1,0,0,0,0,0.4986,0.8669,0,0,0.8669,-0.4986,0,0,2.4127,0,1]},
{"frame":1,"values":[-0.9994,0.0081,-0.0331,0,-0.0252,0.4783,0.8778,0,0.0229,0.8782,-0.4778,0,0,2.4127,0,1]},
{"frame":2,"values":[-0.9915,0.0351,-0.1254,0,-0.0992,0.4206,0.9018,0,0.0844,0.9066,-0.4136,0,0,2.4127,0,1]},
{"frame":3,"values":[-0.9677,0.0783,-0.2396,0,-0.1989,0.347,0.9165,0,0.1549,0.9346,-0.3203,0,0,2.4127,0,1]},
{"frame":4,"values":[-0.9391,0.1177,-0.3229,0,-0.2781,0.2915,0.9152,0,0.2019,0.9493,-0.241,0,0,2.4127,0,1]},
{"frame":5,"values":[-0.9269,0.1328,-0.3509,0,-0.3063,0.2724,0.9121,0,0.2167,0.953,-0.2118,0,0,2.4127,0,1]},
{"frame":6,"values":[-0.97,0.0825,-0.2285,0,-0.1869,0.3475,0.9189,0,0.1553,0.9341,-0.3216,0,0,2.4127,0,1]},
{"frame":7,"values":[-1,0,0,0,0,0.4986,0.8669,0,0,0.8669,-0.4986,0,0,2.4127,0,1]},
{"frame":8,"values":[-0.973,-0.087,0.2137,0,0.1023,0.6675,0.7375,0,-0.2068,0.7395,-0.6406,0,0,2.4127,0,1]},
{"frame":9,"values":[-0.9362,-0.1244,0.3288,0,0.1251,0.7561,0.6424,0,-0.3285,0.6425,-0.6923,0,0,2.4127,0,1]},
{"frame":10,"values":[-0.9523,-0.1144,0.2829,0,0.1151,0.7241,0.6801,0,-0.2827,0.6802,-0.6763,0,0,2.4127,0,1]},
{"frame":11,"values":[-0.9838,-0.0768,0.1619,0,0.0772,0.6335,0.7699,0,-0.1617,0.7699,-0.6173,0,0,2.4127,0,1]},
{"frame":12,"values":[-0.9988,-0.0238,0.0435,0,0.0239,0.5365,0.8436,0,-0.0434,0.8436,-0.5352,0,0,2.4127,0,1]},
{"frame":13,"values":[-1,0,0,0,0,0.4986,0.8669,0,0,0.8669,-0.4986,0,0,2.4127,0,1]},
{"frame":21,"values":[-1,0,0,0,0,0.4986,0.8669,0,0,0.8669,-0.4986,0,0,2.4127,0,1]},
{"frame":22,"values":[-1,0.0023,0.0009,0,0.0019,0.4986,0.8669,0,0.0016,0.8669,-0.4986,0,0,2.4127,0,1]},
{"frame":23,"values":[-0.9999,0.0094,0.0035,0,0.0078,0.4985,0.8668,0,0.0064,0.8668,-0.4986,0,0,2.4127,0,1]},
{"frame":24,"values":[-0.9997,0.0212,0.008,0,0.0175,0.4984,0.8668,0,0.0143,0.8667,-0.4986,0,0,2.4127,0,1]},
{"frame":25,"values":[-0.9992,0.0376,0.0142,0,0.0311,0.498,0.8666,0,0.0255,0.8664,-0.4987,0,0,2.4127,0,1]},
{"frame":26,"values":[-0.998,0.0584,0.0221,0,0.0483,0.4971,0.8663,0,0.0396,0.8657,-0.499,0,0,2.4127,0,1]},
{"frame":27,"values":[-0.996,0.0833,0.0315,0,0.0688,0.4957,0.8658,0,0.0565,0.8645,-0.4995,0,0,2.4127,0,1]},
{"frame":28,"values":[-0.9929,0.1115,0.0422,0,0.0921,0.4934,0.8649,0,0.0756,0.8626,-0.5002,0,0,2.4127,0,1]},
{"frame":29,"values":[-0.9884,0.1422,0.0538,0,0.1175,0.4902,0.8637,0,0.0964,0.86,-0.5012,0,0,2.4127,0,1]},
{"frame":30,"values":[-0.9825,0.1744,0.066,0,0.1441,0.4859,0.8621,0,0.1182,0.8565,-0.5025,0,0,2.4127,0,1]},
{"frame":31,"values":[-0.9752,0.2069,0.0783,0,0.171,0.4807,0.8601,0,0.1403,0.8522,-0.5041,0,0,2.4127,0,1]},
{"frame":32,"values":[-0.9669,0.2386,0.0903,0,0.1972,0.4746,0.8578,0,0.1618,0.8472,-0.506,0,0,2.4127,0,1]},
{"frame":33,"values":[-0.9579,0.2684,0.1016,0,0.2219,0.4681,0.8553,0,0.182,0.8419,-0.508,0,0,2.4127,0,1]},
{"frame":34,"values":[-0.9488,0.2954,0.1118,0,0.2442,0.4615,0.8528,0,0.2004,0.8365,-0.5101,0,0,2.4127,0,1]},
{"frame":35,"values":[-0.94,0.319,0.1207,0,0.2636,0.4552,0.8505,0,0.2163,0.8313,-0.512,0,0,2.4127,0,1]},
{"frame":36,"values":[-0.9322,0.3385,0.1281,0,0.2798,0.4495,0.8483,0,0.2296,0.8266,-0.5138,0,0,2.4127,0,1]},
{"frame":37,"values":[-0.9257,0.3538,0.1339,0,0.2924,0.4448,0.8465,0,0.2399,0.8228,-0.5152,0,0,2.4127,0,1]},
{"frame":38,"values":[-0.9209,0.3647,0.138,0,0.3014,0.4413,0.8452,0,0.2473,0.8199,-0.5163,0,0,2.4127,0,1]},
{"frame":39,"values":[-0.9179,0.3711,0.1404,0,0.3068,0.4392,0.8444,0,0.2517,0.8181,-0.517,0,0,2.4127,0,1]},
{"frame":40,"values":[-0.9169,0.3733,0.1412,0,0.3085,0.4385,0.8441,0,0.2532,0.8176,-0.5172,0,0,2.4127,0,1]},
{"frame":55,"values":[-0.9177,0.3716,0.1406,0,0.3072,0.439,0.8443,0,0.2521,0.818,-0.517,0,0,2.4127,0,1]},
{"frame":56,"values":[-0.9199,0.3667,0.1387,0,0.3031,0.4407,0.845,0,0.2487,0.8194,-0.5165,0,0,2.4127,0,1]},
{"frame":57,"values":[-0.9237,0.3583,0.1356,0,0.2962,0.4434,0.846,0,0.243,0.8216,-0.5157,0,0,2.4127,0,1]},
{"frame":58,"values":[-0.9288,0.3465,0.1311,0,0.2864,0.4471,0.8474,0,0.235,0.8246,-0.5145,0,0,2.4127,0,1]},
{"frame":59,"values":[-0.9352,0.3311,0.1253,0,0.2737,0.4517,0.8491,0,0.2246,0.8284,-0.5131,0,0,2.4127,0,1]},
{"frame":60,"values":[-0.9427,0.3121,0.1181,0,0.258,0.4571,0.8512,0,0.2117,0.8328,-0.5114,0,0,2.4127,0,1]},
{"frame":61,"values":[-0.9509,0.2894,0.1095,0,0.2392,0.4631,0.8534,0,0.1962,0.8377,-0.5096,0,0,2.4127,0,1]},
{"frame":62,"values":[-0.9597,0.2628,0.0994,0,0.2172,0.4694,0.8558,0,0.1783,0.8429,-0.5076,0,0,2.4127,0,1]},
{"frame":63,"values":[-0.9686,0.2325,0.088,0,0.1922,0.4759,0.8583,0,0.1577,0.8482,-0.5056,0,0,2.4127,0,1]},
{"frame":64,"values":[-0.9772,0.1985,0.0751,0,0.1641,0.4821,0.8606,0,0.1346,0.8533,-0.5037,0,0,2.4127,0,1]},
{"frame":65,"values":[-0.9851,0.1608,0.0608,0,0.1329,0.4878,0.8628,0,0.1091,0.858,-0.5019,0,0,2.4127,0,1]},
{"frame":66,"values":[-0.9918,0.1197,0.0453,0,0.099,0.4926,0.8646,0,0.0812,0.862,-0.5004,0,0,2.4127,0,1]},
{"frame":67,"values":[-0.9967,0.0755,0.0286,0,0.0624,0.4962,0.866,0,0.0512,0.8649,-0.4993,0,0,2.4127,0,1]},
{"frame":68,"values":[-0.9995,0.0286,0.0108,0,0.0236,0.4982,0.8667,0,0.0194,0.8666,-0.4987,0,0,2.4127,0,1]},
{"frame":69,"values":[-0.9998,-0.0205,-0.0078,0,-0.017,0.4984,0.8668,0,-0.0139,0.8667,-0.4986,0,0,2.4127,0,1]},
{"frame":70,"values":[-0.9971,-0.0713,-0.027,0,-0.0589,0.4965,0.8661,0,-0.0483,0.8651,-0.4992,0,0,2.4127,0,1]},
{"frame":71,"values":[-0.9913,-0.1229,-0.0465,0,-0.1016,0.4923,0.8645,0,-0.0833,0.8617,-0.5005,0,0,2.4127,0,1]},
{"frame":72,"values":[-0.9824,-0.1747,-0.0661,0,-0.1444,0.4858,0.862,0,-0.1185,0.8564,-0.5025,0,0,2.4127,0,1]},
{"frame":73,"values":[-0.9704,-0.226,-0.0855,0,-0.1868,0.4771,0.8587,0,-0.1533,0.8493,-0.5052,0,0,2.4127,0,1]},
{"frame":74,"values":[-0.9555,-0.276,-0.1044,0,-0.2281,0.4664,0.8547,0,-0.1872,0.8404,-0.5086,0,0,2.4127,0,1]},
{"frame":75,"values":[-0.9381,-0.3241,-0.1226,0,-0.2679,0.4538,0.8499,0,-0.2198,0.8301,-0.5125,0,0,2.4127,0,1]},
{"frame":76,"values":[-0.9186,-0.3697,-0.1399,0,-0.3056,0.4397,0.8446,0,-0.2507,0.8185,-0.5168,0,0,2.4127,0,1]},
{"frame":77,"values":[-0.8976,-0.4124,-0.156,0,-0.3408,0.4245,0.8388,0,-0.2797,0.8061,-0.5216,0,0,2.4127,0,1]},
{"frame":78,"values":[-0.8756,-0.4518,-0.1709,0,-0.3734,0.4086,0.8328,0,-0.3064,0.793,-0.5265,0,0,2.4127,0,1]},
{"frame":79,"values":[-0.8533,-0.4877,-0.1845,0,-0.4031,0.3925,0.8267,0,-0.3308,0.7798,-0.5315,0,0,2.4127,0,1]},
{"frame":80,"values":[-0.8311,-0.5201,-0.1968,0,-0.4299,0.3765,0.8207,0,-0.3527,0.7667,-0.5365,0,0,2.4127,0,1]},
{"frame":81,"values":[-0.8098,-0.5488,-0.2076,0,-0.4536,0.361,0.8148,0,-0.3722,0.754,-0.5413,0,0,2.4127,0,1]},
{"frame":82,"values":[-0.7896,-0.5739,-0.2171,0,-0.4744,0.3464,0.8093,0,-0.3892,0.742,-0.5458,0,0,2.4127,0,1]},
{"frame":83,"values":[-0.771,-0.5956,-0.2253,0,-0.4923,0.333,0.8042,0,-0.4039,0.731,-0.55,0,0,2.4127,0,1]},
{"frame":84,"values":[-0.7544,-0.6139,-0.2323,0,-0.5074,0.321,0.7997,0,-0.4164,0.7212,-0.5537,0,0,2.4127,0,1]},
{"frame":85,"values":[-0.74,-0.6291,-0.238,0,-0.5199,0.3106,0.7957,0,-0.4266,0.7126,-0.5569,0,0,2.4127,0,1]},
{"frame":86,"values":[-0.728,-0.6412,-0.2426,0,-0.53,0.3019,0.7925,0,-0.4349,0.7055,-0.5596,0,0,2.4127,0,1]},
{"frame":87,"values":[-0.7186,-0.6504,-0.2461,0,-0.5376,0.2951,0.7899,0,-0.4411,0.6999,-0.5617,0,0,2.4127,0,1]},
{"frame":88,"values":[-0.7119,-0.6569,-0.2485,0,-0.5429,0.2902,0.788,0,-0.4455,0.6959,-0.5632,0,0,2.4127,0,1]},
{"frame":89,"values":[-0.7078,-0.6607,-0.25,0,-0.5461,0.2873,0.7869,0,-0.4481,0.6935,-0.5642,0,0,2.4127,0,1]},
{"frame":90,"values":[-0.7064,-0.662,-0.2505,0,-0.5472,0.2863,0.7865,0,-0.449,0.6927,-0.5645,0,0,2.4127,0,1]},
{"frame":107,"values":[-0.7075,-0.661,-0.2501,0,-0.5463,0.2871,0.7868,0,-0.4483,0.6933,-0.5642,0,0,2.4127,0,1]},
{"frame":108,"values":[-0.7108,-0.6579,-0.2489,0,-0.5437,0.2895,0.7877,0,-0.4462,0.6953,-0.5635,0,0,2.4127,0,1]},
{"frame":109,"values":[-0.7163,-0.6526,-0.2469,0,-0.5394,0.2934,0.7892,0,-0.4426,0.6985,-0.5622,0,0,2.4127,0,1]},
{"frame":110,"values":[-0.7239,-0.6452,-0.2441,0,-0.5333,0.299,0.7913,0,-0.4376,0.7031,-0.5605,0,0,2.4127,0,1]},
{"frame":111,"values":[-0.7337,-0.6355,-0.2405,0,-0.5253,0.306,0.794,0,-0.431,0.7088,-0.5583,0,0,2.4127,0,1]},
{"frame":112,"values":[-0.7454,-0.6235,-0.2359,0,-0.5154,0.3144,0.7972,0,-0.4229,0.7158,-0.5557,0,0,2.4127,0,1]},
{"frame":113,"values":[-0.7589,-0.6091,-0.2305,0,-0.5035,0.3242,0.8009,0,-0.4131,0.7238,-0.5527,0,0,2.4127,0,1]},
{"frame":114,"values":[-0.774,-0.5922,-0.2241,0,-0.4895,0.3351,0.805,0,-0.4017,0.7328,-0.5493,0,0,2.4127,0,1]},
{"frame":115,"values":[-0.7904,-0.5729,-0.2168,0,-0.4735,0.347,0.8095,0,-0.3885,0.7425,-0.5456,0,0,2.4127,0,1]},
{"frame":116,"values":[-0.808,-0.5511,-0.2085,0,-0.4555,0.3597,0.8143,0,-0.3737,0.7529,-0.5417,0,0,2.4127,0,1]},
{"frame":117,"values":[-0.8263,-0.5268,-0.1993,0,-0.4354,0.373,0.8193,0,-0.3573,0.7638,-0.5376,0,0,2.4127,0,1]},
{"frame":118,"values":[-0.8449,-0.5003,-0.1893,0,-0.4135,0.3864,0.8244,0,-0.3393,0.7749,-0.5334,0,0,2.4127,0,1]},
{"frame":119,"values":[-0.8636,-0.4716,-0.1784,0,-0.3898,0.3999,0.8295,0,-0.3198,0.7859,-0.5292,0,0,2.4127,0,1]},
{"frame":120,"values":[-0.8819,-0.441,-0.1668,0,-0.3645,0.4132,0.8345,0,-0.2991,0.7968,-0.5251,0,0,2.4127,0,1]},
{"frame":121,"values":[-0.8994,-0.4088,-0.1547,0,-0.3379,0.4259,0.8393,0,-0.2772,0.8072,-0.5211,0,0,2.4127,0,1]},
{"frame":122,"values":[-0.9159,-0.3754,-0.142,0,-0.3102,0.4378,0.8439,0,-0.2546,0.817,-0.5174,0,0,2.4127,0,1]},
{"frame":123,"values":[-0.9311,-0.3412,-0.1291,0,-0.282,0.4487,0.848,0,-0.2314,0.826,-0.514,0,0,2.4127,0,1]},
{"frame":124,"values":[-0.9447,-0.3066,-0.116,0,-0.2535,0.4586,0.8517,0,-0.208,0.8341,-0.511,0,0,2.4127,0,1]},
{"frame":125,"values":[-0.9567,-0.2723,-0.103,0,-0.2251,0.4672,0.855,0,-0.1847,0.8412,-0.5083,0,0,2.4127,0,1]},
{"frame":126,"values":[-0.9669,-0.2386,-0.0903,0,-0.1972,0.4746,0.8578,0,-0.1618,0.8472,-0.506,0,0,2.4127,0,1]},
{"frame":127,"values":[-0.9755,-0.2059,-0.0779,0,-0.1702,0.4808,0.8601,0,-0.1397,0.8523,-0.5041,0,0,2.4127,0,1]},
{"frame":128,"values":[-0.9824,-0.1748,-0.0661,0,-0.1445,0.4858,0.862,0,-0.1186,0.8564,-0.5025,0,0,2.4127,0,1]},
{"frame":129,"values":[-0.9878,-0.1456,-0.0551,0,-0.1203,0.4897,0.8635,0,-0.0987,0.8596,-0.5013,0,0,2.4127,0,1]},
{"frame":130,"values":[-0.9919,-0.1185,-0.0449,0,-0.098,0.4927,0.8646,0,-0.0804,0.8621,-0.5004,0,0,2.4127,0,1]},
{"frame":131,"values":[-0.9949,-0.094,-0.0356,0,-0.0777,0.4949,0.8655,0,-0.0637,0.8639,-0.4997,0,0,2.4127,0,1]},
{"frame":132,"values":[-0.997,-0.0721,-0.0273,0,-0.0596,0.4964,0.866,0,-0.0489,0.8651,-0.4992,0,0,2.4127,0,1]},
{"frame":133,"values":[-0.9984,-0.0529,-0.02,0,-0.0437,0.4974,0.8664,0,-0.0359,0.8659,-0.4989,0,0,2.4127,0,1]},
{"frame":134,"values":[-0.9992,-0.0367,-0.0139,0,-0.0303,0.498,0.8666,0,-0.0249,0.8664,-0.4987,0,0,2.4127,0,1]},
{"frame":135,"values":[-0.9997,-0.0234,-0.0089,0,-0.0194,0.4983,0.8668,0,-0.0159,0.8667,-0.4986,0,0,2.4127,0,1]},
{"frame":136,"values":[-0.9999,-0.0131,-0.005,0,-0.0109,0.4985,0.8668,0,-0.0089,0.8668,-0.4986,0,0,2.4127,0,1]},
{"frame":137,"values":[-1,-0.0058,-0.0022,0,-0.0048,0.4985,0.8668,0,-0.0039,0.8668,-0.4986,0,0,2.4127,0,1]},
{"frame":138,"values":[-1,-0.0014,-0.0005,0,-0.0012,0.4986,0.8669,0,-0.001,0.8669,-0.4986,0,0,2.4127,0,1]},
{"frame":139,"values":[-1,0,0,0,0,0.4986,0.8669,0,0,0.8669,-0.4986,0,0,2.4127,0,1]},
{"frame":151,"values":[-1,0,0,0,0,0.4986,0.8669,0,0,0.8669,-0.4986,0,0,2.4127,0,1]},
{"frame":152,"values":[-1,0,0,0,0,0.492,0.8706,0,0,0.8706,-0.492,0,0,2.4127,0,1]},
{"frame":153,"values":[-1,0,0,0,0,0.4723,0.8814,0,0,0.8814,-0.4723,0,0,2.4127,0,1]},
{"frame":154,"values":[-1,0,0,0,0,0.4401,0.898,0,0,0.898,-0.4401,0,0,2.4127,0,1]},
{"frame":155,"values":[-1,0,0,0,0,0.3983,0.9172,0,0,0.9172,-0.3983,0,0,2.4127,0,1]},
{"frame":156,"values":[-1,0,0,0,0,0.3523,0.9359,0,0,0.9359,-0.3523,0,0,2.4127,0,1]},
{"frame":157,"values":[-1,0,0,0,0,0.3089,0.9511,0,0,0.9511,-0.3089,0,0,2.4127,0,1]},
{"frame":158,"values":[-1,0,0,0,0,0.2743,0.9617,0,0,0.9617,-0.2743,0,0,2.4127,0,1]},
{"frame":159,"values":[-1,0,0,0,0,0.2522,0.9677,0,0,0.9677,-0.2522,0,0,2.4127,0,1]},
{"frame":160,"values":[-1,0,0,0,0,0.2443,0.9697,0,0,0.9697,-0.2443,0,0,2.4127,0,1]},
{"frame":161,"values":[-0.9979,0.0651,-0.0004,0,0.0176,0.2754,0.9612,0,0.0627,0.9591,-0.2759,0,0,2.4127,0,1]},
{"frame":162,"values":[-0.9727,0.2321,-0.0062,0,0.0741,0.3354,0.9392,0,0.2201,0.913,-0.3434,0,0,2.4127,0,1]},
{"frame":163,"values":[-0.9257,0.3782,-0.0079,0,0.1347,0.3488,0.9275,0,0.3535,0.8575,-0.3738,0,0,2.4127,0,1]},
{"frame":164,"values":[-0.8691,0.4937,0.0305,0,0.1823,0.2623,0.9476,0,0.4599,0.8291,-0.318,0,0,2.4127,0,1]},
{"frame":165,"values":[-0.8335,0.5487,0.0647,0,0.1968,0.1854,0.9628,0,0.5163,0.8152,-0.2625,0,0,2.4127,0,1]},
{"frame":166,"values":[-0.8305,0.555,0.0476,0,0.1957,0.2107,0.9578,0,0.5215,0.8047,-0.2836,0,0,2.4127,0,1]},
{"frame":167,"values":[-0.8321,0.5544,0.0175,0,0.1963,0.2648,0.9441,0,0.5188,0.789,-0.3292,0,0,2.4127,0,1]},
{"frame":168,"values":[-0.8335,0.5525,0.0041,0,0.1968,0.2899,0.9366,0,0.5163,0.7815,-0.3504,0,0,2.4127,0,1]},
{"frame":169,"values":[-0.8335,0.5514,0.0344,0,0.1968,0.2381,0.9511,0,0.5163,0.7995,-0.3069,0,0,2.4127,0,1]},
{"frame":170,"values":[-0.8335,0.5487,0.0647,0,0.1968,0.1854,0.9628,0,0.5163,0.8152,-0.2625,0,0,2.4127,0,1]},
{"frame":171,"values":[-0.8335,0.5496,0.0563,0,0.1968,0.2001,0.9598,0,0.5163,0.8111,-0.2749,0,0,2.4127,0,1]},
{"frame":172,"values":[-0.8335,0.5514,0.0344,0,0.1968,0.2381,0.9511,0,0.5163,0.7995,-0.3069,0,0,2.4127,0,1]},
{"frame":173,"values":[-0.8335,0.5524,0.0125,0,0.1968,0.2757,0.9409,0,0.5163,0.7867,-0.3385,0,0,2.4127,0,1]},
{"frame":174,"values":[-0.8335,0.5525,0.0041,0,0.1968,0.2899,0.9366,0,0.5163,0.7815,-0.3504,0,0,2.4127,0,1]},
{"frame":175,"values":[-0.8309,0.5555,0.0317,0,0.1965,0.2398,0.9507,0,0.5206,0.7962,-0.3084,0,0,2.4127,0,1]},
{"frame":176,"values":[-0.8335,0.5487,0.0647,0,0.1968,0.1854,0.9628,0,0.5163,0.8152,-0.2625,0,0,2.4127,0,1]},
{"frame":177,"values":[-0.8674,0.4934,0.0641,0,0.1805,0.1919,0.9647,0,0.4637,0.8484,-0.2555,0,0,2.4127,0,1]},
{"frame":178,"values":[-0.935,0.3517,0.0449,0,0.128,0.2168,0.9678,0,0.3307,0.9107,-0.2477,0,0,2.4127,0,1]},
{"frame":179,"values":[-0.9865,0.163,0.0182,0,0.0573,0.2382,0.9695,0,0.1537,0.9574,-0.2443,0,0,2.4127,0,1]},
{"frame":180,"values":[-1,0,0,0,0,0.2443,0.9697,0,0,0.9697,-0.2443,0,0,2.4127,0,1]},
{"frame":181,"values":[-0.9907,-0.1363,-0.0044,0,-0.042,0.2737,0.9609,0,-0.1297,0.9521,-0.2769,0,0,2.4127,0,1]},
{"frame":182,"values":[-0.9641,-0.2654,0.0051,0,-0.0867,0.3329,0.939,0,-0.2509,0.9049,-0.3439,0,0,2.4127,0,1]},
{"frame":183,"values":[-0.9257,-0.3782,0.0079,0,-0.1347,0.3488,0.9275,0,-0.3535,0.8575,-0.3738,0,0,2.4127,0,1]},
{"frame":184,"values":[-0.8694,-0.4932,-0.0303,0,-0.182,0.2628,0.9475,0,-0.4593,0.8293,-0.3182,0,0,2.4127,0,1]},
{"frame":185,"values":[-0.8335,-0.5487,-0.0647,0,-0.1968,0.1854,0.9628,0,-0.5163,0.8152,-0.2625,0,0,2.4127,0,1]},
{"frame":186,"values":[-0.8305,-0.555,-0.0476,0,-0.1957,0.2107,0.9578,0,-0.5215,0.8047,-0.2836,0,0,2.4127,0,1]},
{"frame":187,"values":[-0.8321,-0.5544,-0.0175,0,-0.1963,0.2648,0.9441,0,-0.5188,0.789,-0.3292,0,0,2.4127,0,1]},
{"frame":188,"values":[-0.8335,-0.5525,-0.0041,0,-0.1968,0.2899,0.9366,0,-0.5163,0.7815,-0.3504,0,0,2.4127,0,1]},
{"frame":189,"values":[-0.8335,-0.5514,-0.0344,0,-0.1968,0.2381,0.9511,0,-0.5163,0.7995,-0.3069,0,0,2.4127,0,1]},
{"frame":190,"values":[-0.8335,-0.5487,-0.0647,0,-0.1968,0.1854,0.9628,0,-0.5163,0.8152,-0.2625,0,0,2.4127,0,1]},
{"frame":191,"values":[-0.8335,-0.5496,-0.0563,0,-0.1968,0.2001,0.9598,0,-0.5163,0.8111,-0.2749,0,0,2.4127,0,1]},
{"frame":192,"values":[-0.8335,-0.5514,-0.0344,0,-0.1968,0.2381,0.9511,0,-0.5163,0.7995,-0.3069,0,0,2.4127,0,1]},
{"frame":193,"values":[-0.8335,-0.5524,-0.0125,0,-0.1968,0.2757,0.9409,0,-0.5163,0.7867,-0.3385,0,0,2.4127,0,1]},
{"frame":194,"values":[-0.8335,-0.5525,-0.0041,0,-0.1968,0.2899,0.9366,0,-0.5163,0.7815,-0.3504,0,0,2.4127,0,1]},
{"frame":195,"values":[-0.8309,-0.5555,-0.0317,0,-0.1965,0.2398,0.9507,0,-0.5206,0.7962,-0.3084,0,0,2.4127,0,1]},
{"frame":196,"values":[-0.8335,-0.5487,-0.0647,0,-0.1968,0.1854,0.9628,0,-0.5163,0.8152,-0.2625,0,0,2.4127,0,1]},
{"frame":197,"values":[-0.8799,-0.471,-0.0624,0,-0.1733,0.196,0.9652,0,-0.4424,0.8601,-0.2541,0,0,2.4127,0,1]},
{"frame":198,"values":[-0.96,-0.2772,-0.0386,0,-0.1039,0.2249,0.9688,0,-0.2598,0.9341,-0.2447,0,0,2.4127,0,1]},
{"frame":199,"values":[-0.997,-0.0763,-0.0108,0,-0.029,0.2413,0.97,0,-0.0714,0.9674,-0.2428,0,0,2.4127,0,1]},
{"frame":200,"values":[-1,0,0,0,0,0.2443,0.9697,0,0,0.9697,-0.2443,0,0,2.4127,0,1]},
{"frame":201,"values":[-1,0,0,0,0,0.2542,0.9672,0,0,0.9672,-0.2542,0,0,2.4127,0,1]},
{"frame":202,"values":[-1,0,0,0,0,0.2818,0.9595,0,0,0.9595,-0.2818,0,0,2.4127,0,1]},
{"frame":203,"values":[-1,0,0,0,0,0.3245,0.9459,0,0,0.9459,-0.3245,0,0,2.4127,0,1]},
{"frame":204,"values":[-1,0,0,0,0,0.3754,0.9268,0,0,0.9268,-0.3754,0,0,2.4127,0,1]},
{"frame":205,"values":[-1,0,0,0,0,0.4253,0.905,0,0,0.905,-0.4253,0,0,2.4127,0,1]},
{"frame":206,"values":[-1,0,0,0,0,0.4653,0.8851,0,0,0.8851,-0.4653,0,0,2.4127,0,1]},
{"frame":207,"values":[-1,0,0,0,0,0.4903,0.8716,0,0,0.8716,-0.4903,0,0,2.4127,0,1]},
{"frame":208,"values":[-1,0,0,0,0,0.4986,0.8669,0,0,0.8669,-0.4986,0,0,2.4127,0,1]},
{"frame":221,"values":[-1,0,0,0,0,0.2148,0.9767,0,0,0.9767,-0.2148,0,0,2.4127,0,1]},
{"frame":231,"values":[-1,0,0,0,0,0.2148,0.9767,0,0,0.9767,-0.2148,0,0,2.4127,0,1]}],"loopBehavior":1,"name":"anim","property":"_matrix"}},
{"name":"Upper_leg.R","index":2,"matrix":[-0.0215,0.32,-0.9472,0,0.2017,-0.9265,-0.3176,0,0.9792,0.1979,0.0446,0,0.2261,1.5463,2.2439,1],"rest":[-0.0215,0.1714,-0.985,0,0.2017,-0.9642,-0.1722,0,0.9792,0.2024,0.0138,0,0.2261,1.6705,2.1335,1],"parentBoneIndex":-1,"length":0.8899
,"animation":{"dataType":3,"framePerSecond":24,"keys":[
{"frame":0,"values":[-0.0215,0.1714,-0.985,0,0.2017,-0.9642,-0.1722,0,0.9792,0.2024,0.0138,0,0.2261,1.6705,2.1335,1]},
{"frame":1,"values":[-0.0215,0.2107,-0.9773,0,0.2017,-0.9565,-0.2107,0,0.9792,0.2017,0.0219,0,0.2261,1.638,2.1624,1]},
{"frame":2,"values":[-0.0215,0.32,-0.9472,0,0.2017,-0.9265,-0.3176,0,0.9792,0.1979,0.0446,0,0.2261,1.5463,2.2439,1]},
{"frame":3,"values":[-0.0215,0.4546,-0.8904,0,0.2017,-0.8704,-0.4492,0,0.9792,0.1893,0.073,0,0.2261,1.4286,2.3485,1]},
{"frame":4,"values":[-0.0215,0.5524,-0.8333,0,0.2017,-0.8139,-0.5448,0,0.9792,0.1798,0.0939,0,0.2261,1.3369,2.43,1]},
{"frame":5,"values":[-0.0215,0.5853,-0.8105,0,0.2017,-0.7915,-0.577,0,0.9792,0.1759,0.1011,0,0.2261,1.3043,2.459,1]},
{"frame":6,"values":[-0.0215,0.3883,-0.9213,0,0.2017,-0.9008,-0.3844,0,0.9792,0.1941,0.059,0,0.2261,1.4874,2.2962,1]},
{"frame":7,"values":[-0.0215,0.1714,-0.985,0,0.2017,-0.9642,-0.1722,0,0.9792,0.2024,0.0138,0,0.2261,1.6705,2.1335,1]},
{"frame":13,"values":[-0.0215,0.1714,-0.985,0,0.2017,-0.9642,-0.1722,0,0.9792,0.2024,0.0138,0,0.2261,1.6705,2.1335,1]},
{"frame":21,"values":[-0.0215,0.1714,-0.985,0,0.2017,-0.9642,-0.1722,0,0.9792,0.2024,0.0138,0,0.2261,1.6705,2.1335,1]},
{"frame":139,"values":[-0.0215,0.1714,-0.985,0,0.2017,-0.9642,-0.1722,0,0.9792,0.2024,0.0138,0,0.2261,1.6705,2.1335,1]},
{"frame":151,"values":[-0.0215,0.1714,-0.985,0,0.2017,-0.9642,-0.1722,0,0.9792,0.2024,0.0138,0,0.2261,1.6705,2.1335,1]},
{"frame":152,"values":[-0.0215,0.1652,-0.986,0,0.2017,-0.9652,-0.1662,0,0.9792,0.2025,0.0126,0,0.2261,1.6666,2.1307,1]},
{"frame":153,"values":[-0.0215,0.1466,-0.989,0,0.2017,-0.9682,-0.1479,0,0.9792,0.2027,0.0087,0,0.2261,1.6547,2.1226,1]},
{"frame":154,"values":[-0.0215,0.1165,-0.993,0,0.2017,-0.9723,-0.1184,0,0.9792,0.2029,0.0026,0,0.2261,1.6356,2.1094,1]},
{"frame":155,"values":[-0.0215,0.078,-0.9967,0,0.2017,-0.9761,-0.0808,0,0.9792,0.2028,-0.0053,0,0.2261,1.6113,2.0927,1]},
{"frame":156,"values":[-0.0215,0.0364,-0.9991,0,0.2017,-0.9786,-0.04,0,0.9792,0.2024,-0.0137,0,0.2261,1.5851,2.0747,1]},
{"frame":157,"values":[-0.0215,-0.0023,-0.9998,0,0.2017,-0.9794,-0.0021,0,0.9792,0.2017,-0.0215,0,0.2261,1.5608,2.058,1]},
{"frame":158,"values":[-0.0215,-0.0326,-0.9992,0,0.2017,-0.9791,0.0276,0,0.9792,0.201,-0.0276,0,0.2261,1.5417,2.0449,1]},
{"frame":159,"values":[-0.0215,-0.0515,-0.9984,0,0.2017,-0.9784,0.0461,0,0.9792,0.2004,-0.0314,0,0.2261,1.5298,2.0367,1]},
{"frame":160,"values":[-0.0215,-0.0578,-0.9981,0,0.2017,-0.978,0.0523,0,0.9792,0.2002,-0.0327,0,0.2261,1.5258,2.034,1]},
{"frame":201,"values":[-0.0215,-0.0498,-0.9985,0,0.2017,-0.9784,0.0445,0,0.9792,0.2005,-0.0311,0,0.2261,1.5309,2.0374,1]},
{"frame":202,"values":[-0.0215,-0.026,-0.9994,0,0.2017,-0.9792,0.0211,0,0.9792,0.2012,-0.0263,0,0.2261,1.5458,2.0477,1]},
{"frame":203,"values":[-0.0215,0.0115,-0.9997,0,0.2017,-0.9793,-0.0156,0,0.9792,0.202,-0.0187,0,0.2261,1.5694,2.064,1]},
{"frame":204,"values":[-0.0215,0.0572,-0.9981,0,0.2017,-0.9776,-0.0604,0,0.9792,0.2027,-0.0095,0,0.2261,1.5982,2.0837,1]},
{"frame":205,"values":[-0.0215,0.1028,-0.9945,0,0.2017,-0.9738,-0.105,0,0.9792,0.2029,-0.0002,0,0.2261,1.6269,2.1035,1]},
{"frame":206,"values":[-0.0215,0.1401,-0.9899,0,0.2017,-0.9692,-0.1415,0,0.9792,0.2027,0.0074,0,0.2261,1.6505,2.1197,1]},
{"frame":207,"values":[-0.0215,0.1636,-0.9863,0,0.2017,-0.9655,-0.1645,0,0.9792,0.2025,0.0122,0,0.2261,1.6655,2.13,1]},
{"frame":208,"values":[-0.0215,0.1714,-0.985,0,0.2017,-0.9642,-0.1722,0,0.9792,0.2024,0.0138,0,0.2261,1.6705,2.1335,1]},
{"frame":221,"values":[-0.0215,-0.3818,-0.924,0,0.2017,-0.9069,0.37,0,0.9792,0.1784,-0.0965,0,0.2261,1.6705,2.1335,1]},
{"frame":224,"values":[-0.0215,-0.1535,-0.9879,0,0.2017,-0.9685,0.146,0,0.9792,0.1962,-0.0518,0,0.2261,1.6705,2.1335,1]},
{"frame":225,"values":[-0.0215,0.1978,-0.98,0,0.2017,-0.9592,-0.198,0,0.9792,0.202,0.0193,0,0.2261,1.6705,2.1335,1]},
{"frame":226,"values":[-0.0215,0.3527,-0.9355,0,0.2017,-0.9149,-0.3496,0,0.9792,0.1962,0.0515,0,0.2261,1.6705,2.1335,1]},
{"frame":227,"values":[-0.0215,0.3954,-0.9182,0,0.2017,-0.8978,-0.3914,0,0.9792,0.1937,0.0605,0,0.2261,1.6705,2.1335,1]},
{"frame":228,"values":[-0.0215,0.2258,-0.9739,0,0.2017,-0.9531,-0.2255,0,0.9792,0.2013,0.0251,0,0.2261,1.6705,2.1335,1]},
{"frame":229,"values":[-0.0215,0.0491,-0.9986,0,0.2017,-0.978,-0.0524,0,0.9792,0.2026,-0.0111,0,0.2261,1.6705,2.1335,1]},
{"frame":231,"values":[-0.0215,0.0491,-0.9986,0,0.2017,-0.978,-0.0524,0,0.9792,0.2026,-0.0111,0,0.2261,1.6705,2.1335,1]}],"loopBehavior":1,"name":"anim","property":"_matrix"}},
{"name":"Lower_leg.R","index":3,"matrix":[-0.0215,0.2017,0.9792,0,-0.74,0.6553,-0.1513,0,-0.6722,-0.7279,0.1352,0,0,0.8899,0,1],"rest":[-0.0215,0.2017,0.9792,0,-0.5086,0.841,-0.1844,0,-0.8607,-0.502,0.0845,0,0,0.8899,0,1],"parentBoneIndex":2,"length":0.5067
,"animation":{"dataType":3,"framePerSecond":24,"keys":[
{"frame":0,"values":[-0.0215,0.2017,0.9792,0,-0.5086,0.841,-0.1844,0,-0.8607,-0.502,0.0845,0,0,0.8899,0,1]},
{"frame":1,"values":[-0.0215,0.2017,0.9792,0,-0.5734,0.7998,-0.1774,0,-0.819,-0.5653,0.0985,0,0,0.8899,0,1]},
{"frame":2,"values":[-0.0215,0.2017,0.9792,0,-0.74,0.6553,-0.1513,0,-0.6722,-0.7279,0.1352,0,0,0.8899,0,1]},
{"frame":3,"values":[-0.0215,0.2017,0.9792,0,-0.9015,0.4196,-0.1062,0,-0.4323,-0.885,0.1728,0,0,0.8899,0,1]},
{"frame":4,"values":[-0.0215,0.2017,0.9792,0,-0.9747,0.2139,-0.0655,0,-0.2227,-0.9558,0.192,0,0,0.8899,0,1]},
{"frame":5,"values":[-0.0215,0.2017,0.9792,0,-0.9889,0.1396,-0.0505,0,-0.1469,-0.9694,0.1965,0,0,0.8899,0,1]},
{"frame":6,"values":[-0.0215,0.2017,0.9792,0,-0.8295,0.5432,-0.1301,0,-0.5581,-0.815,0.1556,0,0,0.8899,0,1]},
{"frame":7,"values":[-0.0215,0.2017,0.9792,0,-0.5086,0.841,-0.1844,0,-0.8607,-0.502,0.0845,0,0,0.8899,0,1]},
{"frame":13,"values":[-0.0215,0.2017,0.9792,0,-0.5086,0.841,-0.1844,0,-0.8607,-0.502,0.0845,0,0,0.8899,0,1]},
{"frame":21,"values":[-0.0215,0.2017,0.9792,0,-0.5086,0.841,-0.1844,0,-0.8607,-0.502,0.0845,0,0,0.8899,0,1]},
{"frame":139,"values":[-0.0215,0.2017,0.9792,0,-0.5086,0.841,-0.1844,0,-0.8607,-0.502,0.0845,0,0,0.8899,0,1]},
{"frame":151,"values":[-0.0215,0.2017,0.9792,0,-0.5086,0.841,-0.1844,0,-0.8607,-0.502,0.0845,0,0,0.8899,0,1]},
{"frame":152,"values":[-0.0215,0.2017,0.9792,0,-0.517,0.8361,-0.1836,0,-0.8557,-0.5102,0.0863,0,0,0.8899,0,1]},
{"frame":153,"values":[-0.0215,0.2017,0.9792,0,-0.5419,0.8207,-0.181,0,-0.8402,-0.5345,0.0917,0,0,0.8899,0,1]},
{"frame":154,"values":[-0.0215,0.2017,0.9792,0,-0.5809,0.7946,-0.1765,0,-0.8137,-0.5726,0.1001,0,0,0.8899,0,1]},
{"frame":155,"values":[-0.0215,0.2017,0.9792,0,-0.6288,0.7587,-0.1701,0,-0.7772,-0.6194,0.1105,0,0,0.8899,0,1]},
{"frame":156,"values":[-0.0215,0.2017,0.9792,0,-0.678,0.7168,-0.1626,0,-0.7347,-0.6674,0.1214,0,0,0.8899,0,1]},
{"frame":157,"values":[-0.0215,0.2017,0.9792,0,-0.721,0.6754,-0.155,0,-0.6926,-0.7094,0.1309,0,0,0.8899,0,1]},
{"frame":158,"values":[-0.0215,0.2017,0.9792,0,-0.7529,0.6411,-0.1486,0,-0.6578,-0.7404,0.1381,0,0,0.8899,0,1]},
{"frame":159,"values":[-0.0215,0.2017,0.9792,0,-0.7719,0.6191,-0.1445,0,-0.6354,-0.7589,0.1424,0,0,0.8899,0,1]},
{"frame":160,"values":[-0.0215,0.2017,0.9792,0,-0.778,0.6117,-0.1431,0,-0.6278,-0.7649,0.1438,0,0,0.8899,0,1]},
{"frame":201,"values":[-0.0215,0.2017,0.9792,0,-0.7702,0.6211,-0.1449,0,-0.6374,-0.7573,0.142,0,0,0.8899,0,1]},
{"frame":202,"values":[-0.0215,0.2017,0.9792,0,-0.7461,0.6487,-0.15,0,-0.6655,-0.7338,0.1366,0,0,0.8899,0,1]},
{"frame":203,"values":[-0.0215,0.2017,0.9792,0,-0.706,0.6904,-0.1577,0,-0.7079,-0.6947,0.1276,0,0,0.8899,0,1]},
{"frame":204,"values":[-0.0215,0.2017,0.9792,0,-0.6538,0.7382,-0.1664,0,-0.7564,-0.6438,0.116,0,0,0.8899,0,1]},
{"frame":205,"values":[-0.0215,0.2017,0.9792,0,-0.5982,0.7821,-0.1743,0,-0.801,-0.5895,0.1039,0,0,0.8899,0,1]},
{"frame":206,"values":[-0.0215,0.2017,0.9792,0,-0.5505,0.8152,-0.18,0,-0.8346,-0.5429,0.0935,0,0,0.8899,0,1]},
{"frame":207,"values":[-0.0215,0.2017,0.9792,0,-0.5192,0.8347,-0.1834,0,-0.8544,-0.5124,0.0868,0,0,0.8899,0,1]},
{"frame":208,"values":[-0.0215,0.2017,0.9792,0,-0.5086,0.841,-0.1844,0,-0.8607,-0.502,0.0845,0,0,0.8899,0,1]},
{"frame":221,"values":[-0.0215,0.2017,0.9792,0,-0.379,0.9047,-0.1947,0,-0.9251,-0.3753,0.057,0,0,0.8899,0,1]},
{"frame":222,"values":[-0.0215,0.2017,0.9792,0,-0.5822,0.7937,-0.1763,0,-0.8128,-0.5739,0.1004,0,0,0.8899,0,1]},
{"frame":223,"values":[-0.0215,0.2017,0.9792,0,-0.8557,0.5028,-0.1224,0,-0.517,-0.8405,0.1618,0,0,0.8899,0,1]},
{"frame":224,"values":[-0.0215,0.2017,0.9792,0,-0.9846,0.1659,-0.0558,0,-0.1737,-0.9653,0.195,0,0,0.8899,0,1]},
{"frame":225,"values":[-0.0215,0.2017,0.9792,0,-0.9995,-0.0263,-0.0165,0,0.0224,-0.9791,0.2022,0,0,0.8899,0,1]},
{"frame":226,"values":[-0.0215,0.2017,0.9792,0,-0.8738,0.4721,-0.1164,0,-0.4857,-0.8582,0.1661,0,0,0.8899,0,1]},
{"frame":227,"values":[-0.0215,0.2017,0.9792,0,-0.5086,0.841,-0.1844,0,-0.8607,-0.502,0.0845,0,0,0.8899,0,1]},
{"frame":231,"values":[-0.0215,0.2017,0.9792,0,-0.5086,0.841,-0.1844,0,-0.8607,-0.502,0.0845,0,0,0.8899,0,1]}],"loopBehavior":1,"name":"anim","property":"_matrix"}},
{"name":"Foot.R","index":4,"matrix":[-0.0459,-0.9644,-0.2604,0,0.2205,0.2445,-0.9442,0,0.9743,-0.1007,0.2014,0,0,0.5067,0,1],"rest":[-0.0459,-0.9233,-0.3813,0,0.2205,0.3629,-0.9054,0,0.9743,-0.1256,0.187,0,0,0.5067,0,1],"parentBoneIndex":3,"length":0.4187
,"animation":{"dataType":3,"framePerSecond":24,"keys":[
{"frame":0,"values":[-0.0459,-0.9233,-0.3813,0,0.2205,0.3629,-0.9054,0,0.9743,-0.1256,0.187,0,0,0.5067,0,1]},
{"frame":1,"values":[-0.0459,-0.9355,-0.3502,0,0.2205,0.3325,-0.917,0,0.9743,-0.1193,0.191,0,0,0.5067,0,1]},
{"frame":2,"values":[-0.0459,-0.9644,-0.2604,0,0.2205,0.2445,-0.9442,0,0.9743,-0.1007,0.2014,0,0,0.5067,0,1]},
{"frame":3,"values":[-0.0459,-0.9889,-0.1415,0,0.2205,0.1281,-0.9669,0,0.9743,-0.0756,0.2122,0,0,0.5067,0,1]},
{"frame":4,"values":[-0.0459,-0.9978,-0.0476,0,0.2205,0.0364,-0.9747,0,0.9743,-0.0552,0.2184,0,0,0.5067,0,1]},
{"frame":5,"values":[-0.0459,-0.9988,-0.0143,0,0.2205,0.0038,-0.9754,0,0.9743,-0.0479,0.2201,0,0,0.5067,0,1]},
{"frame":6,"values":[-0.0459,-0.9784,-0.2013,0,0.2205,0.1867,-0.9574,0,0.9743,-0.0883,0.2072,0,0,0.5067,0,1]},
{"frame":7,"values":[-0.0459,-0.9233,-0.3813,0,0.2205,0.3629,-0.9054,0,0.9743,-0.1256,0.187,0,0,0.5067,0,1]},
{"frame":13,"values":[-0.0459,-0.9233,-0.3813,0,0.2205,0.3629,-0.9054,0,0.9743,-0.1256,0.187,0,0,0.5067,0,1]},
{"frame":21,"values":[-0.0459,-0.9233,-0.3813,0,0.2205,0.3629,-0.9054,0,0.9743,-0.1256,0.187,0,0,0.5067,0,1]},
{"frame":139,"values":[-0.0459,-0.9233,-0.3813,0,0.2205,0.3629,-0.9054,0,0.9743,-0.1256,0.187,0,0,0.5067,0,1]},
{"frame":151,"values":[-0.0459,-0.9233,-0.3813,0,0.2205,0.3629,-0.9054,0,0.9743,-0.1256,0.187,0,0,0.5067,0,1]},
{"frame":152,"values":[-0.0459,-0.9291,-0.3669,0,0.2205,0.3488,-0.9109,0,0.9743,-0.1227,0.1889,0,0,0.5067,0,1]},
{"frame":153,"values":[-0.0459,-0.9452,-0.3231,0,0.2205,0.3059,-0.9262,0,0.9743,-0.1137,0.1944,0,0,0.5067,0,1]},
{"frame":154,"values":[-0.0459,-0.9669,-0.2509,0,0.2205,0.2352,-0.9466,0,0.9743,-0.0988,0.2024,0,0,0.5067,0,1]},
{"frame":155,"values":[-0.0459,-0.9866,-0.1564,0,0.2205,0.1427,-0.9649,0,0.9743,-0.0788,0.211,0,0,0.5067,0,1]},
{"frame":156,"values":[-0.0459,-0.9976,-0.0526,0,0.2205,0.0413,-0.9745,0,0.9743,-0.0563,0.2181,0,0,0.5067,0,1]},
{"frame":157,"values":[-0.0459,-0.998,0.0439,0,0.2205,-0.0529,-0.9739,0,0.9743,-0.035,0.2225,0,0,0.5067,0,1]},
{"frame":158,"values":[-0.0459,-0.9918,0.119,0,0.2205,-0.1263,-0.9672,0,0.9743,-0.0181,0.2245,0,0,0.5067,0,1]},
{"frame":159,"values":[-0.0459,-0.9852,0.1652,0,0.2205,-0.1713,-0.9602,0,0.9743,-0.0076,0.2251,0,0,0.5067,0,1]},
{"frame":160,"values":[-0.0459,-0.9825,0.1805,0,0.2205,-0.1861,-0.9575,0,0.9743,-0.0041,0.2252,0,0,0.5067,0,1]},
{"frame":201,"values":[-0.0459,-0.9859,0.1611,0,0.2205,-0.1673,-0.9609,0,0.9743,-0.0086,0.2251,0,0,0.5067,0,1]},
{"frame":202,"values":[-0.0459,-0.9936,0.1028,0,0.2205,-0.1104,-0.9691,0,0.9743,-0.0218,0.2242,0,0,0.5067,0,1]},
{"frame":203,"values":[-0.0459,-0.9989,0.0095,0,0.2205,-0.0194,-0.9752,0,0.9743,-0.0426,0.2212,0,0,0.5067,0,1]},
{"frame":204,"values":[-0.0459,-0.9934,-0.1047,0,0.2205,0.0921,-0.971,0,0.9743,-0.0676,0.2148,0,0,0.5067,0,1]},
{"frame":205,"values":[-0.0459,-0.975,-0.2175,0,0.2205,0.2025,-0.9541,0,0.9743,-0.0917,0.2057,0,0,0.5067,0,1]},
{"frame":206,"values":[-0.0459,-0.9504,-0.3076,0,0.2205,0.2907,-0.9311,0,0.9743,-0.1105,0.1962,0,0,0.5067,0,1]},
{"frame":207,"values":[-0.0459,-0.9306,-0.363,0,0.2205,0.345,-0.9123,0,0.9743,-0.1219,0.1894,0,0,0.5067,0,1]},
{"frame":208,"values":[-0.0459,-0.9233,-0.3813,0,0.2205,0.3629,-0.9054,0,0.9743,-0.1256,0.187,0,0,0.5067,0,1]},
{"frame":221,"values":[-0.0459,-0.9233,-0.3813,0,0.2205,0.3629,-0.9054,0,0.9743,-0.1256,0.187,0,0,0.5067,0,1]},
{"frame":222,"values":[-0.0459,-0.852,-0.5216,0,0.2205,0.5006,-0.8371,0,0.9743,-0.1534,0.1649,0,0,0.5067,0,1]},
{"frame":223,"values":[-0.0459,-0.7594,-0.6489,0,0.2205,0.6259,-0.7481,0,0.9743,-0.1774,0.1388,0,0,0.5067,0,1]},
{"frame":226,"values":[-0.0459,-0.8352,-0.548,0,0.2205,0.5266,-0.821,0,0.9743,-0.1585,0.16,0,0,0.5067,0,1]},
{"frame":227,"values":[-0.0459,-0.9233,-0.3813,0,0.2205,0.3629,-0.9054,0,0.9743,-0.1256,0.187,0,0,0.5067,0,1]},
{"frame":228,"values":[-0.0459,-0.9535,-0.2979,0,0.2205,0.2812,-0.934,0,0.9743,-0.1085,0.1974,0,0,0.5067,0,1]},
{"frame":229,"values":[-0.0459,-0.9609,-0.2731,0,0.2205,0.2569,-0.9409,0,0.9743,-0.1034,0.2001,0,0,0.5067,0,1]},
{"frame":231,"values":[-0.0459,-0.9609,-0.2731,0,0.2205,0.2569,-0.9409,0,0.9743,-0.1034,0.2001,0,0,0.5067,0,1]}],"loopBehavior":1,"name":"anim","property":"_matrix"}},
{"name":"Upper-arm.R","index":5,"matrix":[-0.0349,0.3958,-0.9177,0,0.3427,-0.8578,-0.383,0,0.9388,0.3278,0.1057,0,0.2261,1.5463,0.2404,1],"rest":[-0.0349,0.2102,-0.977,0,0.3427,-0.9159,-0.2092,0,0.9388,0.3421,0.0401,0,0.2261,1.6705,0.13,1],"parentBoneIndex":-1,"length":0.8249
,"animation":{"dataType":3,"framePerSecond":24,"keys":[
{"frame":0,"values":[-0.0349,0.2102,-0.977,0,0.3427,-0.9159,-0.2092,0,0.9388,0.3421,0.0401,0,0.2261,1.6705,0.13,1]},
{"frame":1,"values":[-0.0349,0.2595,-0.9651,0,0.3427,-0.904,-0.2555,0,0.9388,0.3396,0.0574,0,0.2261,1.638,0.1589,1]},
{"frame":2,"values":[-0.0349,0.3958,-0.9177,0,0.3427,-0.8578,-0.383,0,0.9388,0.3278,0.1057,0,0.2261,1.5463,0.2404,1]},
{"frame":3,"values":[-0.0349,0.5594,-0.8282,0,0.3427,-0.7717,-0.5357,0,0.9388,0.3025,0.1648,0,0.2261,1.4286,0.345,1]},
{"frame":4,"values":[-0.0349,0.6729,-0.7389,0,0.3427,-0.6865,-0.6413,0,0.9388,0.2756,0.2066,0,0.2261,1.3369,0.4265,1]},
{"frame":5,"values":[-0.0349,0.7095,-0.7038,0,0.3427,-0.6531,-0.6753,0,0.9388,0.2647,0.2204,0,0.2261,1.3043,0.4555,1]},
{"frame":6,"values":[-0.0349,0.4797,-0.8767,0,0.3427,-0.8183,-0.4614,0,0.9388,0.3165,0.1358,0,0.2261,1.4874,0.2927,1]},
{"frame":7,"values":[-0.0349,0.2102,-0.977,0,0.3427,-0.9159,-0.2092,0,0.9388,0.3421,0.0401,0,0.2261,1.6705,0.13,1]},
{"frame":13,"values":[-0.0349,0.2102,-0.977,0,0.3427,-0.9159,-0.2092,0,0.9388,0.3421,0.0401,0,0.2261,1.6705,0.13,1]},
{"frame":21,"values":[-0.0349,0.2102,-0.977,0,0.3427,-0.9159,-0.2092,0,0.9388,0.3421,0.0401,0,0.2261,1.6705,0.13,1]},
{"frame":139,"values":[-0.0349,0.2102,-0.977,0,0.3427,-0.9159,-0.2092,0,0.9388,0.3421,0.0401,0,0.2261,1.6705,0.13,1]},
{"frame":151,"values":[-0.0349,0.2102,-0.977,0,0.3427,-0.9159,-0.2092,0,0.9388,0.3421,0.0401,0,0.2261,1.6705,0.13,1]},
{"frame":152,"values":[-0.0349,0.2087,-0.9774,0,0.3427,-0.9162,-0.2079,0,0.9388,0.3422,0.0396,0,0.2261,1.6668,0.1273,1]},
{"frame":153,"values":[-0.0349,0.2043,-0.9783,0,0.3427,-0.9171,-0.2038,0,0.9388,0.3423,0.038,0,0.2261,1.6558,0.1194,1]},
{"frame":154,"values":[-0.0349,0.1973,-0.9797,0,0.3427,-0.9185,-0.1972,0,0.9388,0.3426,0.0356,0,0.2261,1.6381,0.1066,1]},
{"frame":155,"values":[-0.0349,0.1884,-0.9815,0,0.3427,-0.9203,-0.1888,0,0.9388,0.3429,0.0324,0,0.2261,1.6155,0.0904,1]},
{"frame":156,"values":[-0.0349,0.1787,-0.9833,0,0.3427,-0.9221,-0.1797,0,0.9388,0.3432,0.0291,0,0.2261,1.5912,0.073,1]},
{"frame":157,"values":[-0.0349,0.1697,-0.9849,0,0.3427,-0.9237,-0.1713,0,0.9388,0.3435,0.0259,0,0.2261,1.5687,0.0568,1]},
{"frame":158,"values":[-0.0349,0.1626,-0.9861,0,0.3427,-0.9249,-0.1647,0,0.9388,0.3436,0.0235,0,0.2261,1.5509,0.044,1]},
{"frame":159,"values":[-0.0349,0.1582,-0.9868,0,0.3427,-0.9256,-0.1605,0,0.9388,0.3437,0.0219,0,0.2261,1.5399,0.0361,1]},
{"frame":160,"values":[-0.0349,0.1567,-0.987,0,0.3427,-0.9259,-0.1591,0,0.9388,0.3438,0.0214,0,0.2261,1.5362,0.0334,1]},
